SYMBOL,SERIES,DATE1,PREV_CLOSE,OPEN_PRICE,HIGH_PRICE,LOW_PRICE,LAST_PRICE,CLOSE_PRICE,AVG_PRICE,TTL_TRD_QNTY,TURNOVER_LACS,NO_OF_TRADES,DELIV_QTY,DELIV_PER
20MICRONS, EQ, 29-Jun-2022,69.85,68.2,71.5,68.2, 70.00,69.35,69.93,96693,67.61,1933, 47697, 49.33
21STCENMGM, EQ, 29-Jun-2022,25.05,25.55,25.55,24.6, 25.55,25.55,25.53,5265,1.34,49, 4923, 93.50
3IINFOLTD, EQ, 29-Jun-2022,41.75,41.05,43.4,40.6, 42.30,42.0,42.04,503349,211.6,4342, 258480, 51.35
3MINDIA, EQ, 29-Jun-2022,22013.05,22020.0,22857.9,22015.05, 22300.00,22438.45,22491.19,12570,2827.14,6064, 4229, 33.64
3PLAND, EQ, 29-Jun-2022,14.25,14.9,14.9,13.8, 14.25,14.25,14.09,566,0.08,29, 453, 80.04
5PAISA, EQ, 29-Jun-2022,298.95,297.0,302.8,294.35, 302.00,300.65,298.78,4401,13.15,252, 2699, 61.33
63MOONS, EQ, 29-Jun-2022,170.15,165.5,170.9,164.75, 170.75,168.35,168.52,22845,38.5,846, 10086, 44.15
A2ZINFRA, EQ, 29-Jun-2022,10.15,9.9,10.25,9.8, 9.90,9.9,10.02,193892,19.43,437, 158008, 81.49
AAKASH, EQ, 29-Jun-2022,15.75,15.5,16.35,15.0, 15.50,15.7,15.57,437403,68.12,959, 191001, 43.67
AAREYDRUGS, EQ, 29-Jun-2022,34.05,34.65,34.65,33.0, 33.20,33.5,33.99,13878,4.72,268, 7568, 54.53
AARON, EQ, 29-Jun-2022,112.8,112.8,116.8,112.0, 112.65,113.5,113.66,1914,2.18,92, 793, 41.43
AARTIDRUGS, EQ, 29-Jun-2022,405.9,402.25,411.25,397.5, 400.10,400.6,405.58,49781,201.9,3283, 16159, 32.46
AARTIIND, EQ, 29-Jun-2022,715.2,709.05,711.85,698.5, 701.80,702.55,706.75,692892,4897.03,18478, 388069, 56.01
AARTISURF, EQ, 29-Jun-2022,624.6,625.0,631.0,618.0, 631.00,628.6,626.33,13425,84.08,822, 9507, 70.82
AARVEEDEN, EQ, 29-Jun-2022,19.3,19.45,19.9,18.7, 18.70,18.8,19.29,11649,2.25,89, 7516, 64.52
AARVI, EQ, 29-Jun-2022,88.95,88.95,90.5,88.35, 90.00,89.75,89.66,3645,3.27,79, 1780, 48.83
AAVAS, EQ, 29-Jun-2022,1935.85,1935.5,2130.0,1920.25, 2063.00,2077.9,2043.94,299949,6130.76,31232, 107206, 35.74
ABAN, EQ, 29-Jun-2022,45.8,45.9,47.5,45.25, 45.50,45.6,46.18,200679,92.67,2803, 67684, 33.73
ABB, EQ, 29-Jun-2022,2284.8,2279.95,2325.0,2230.0, 2300.00,2310.2,2295.5,248063,5694.28,23524, 138445, 55.81
ABBOTINDIA, EQ, 29-Jun-2022,18137.05,18075.95,19150.0,17971.15, 18970.00,18992.8,18741.0,42662,7995.28,14557, 13587, 31.85
ABCAPITAL, EQ, 29-Jun-2022,92.0,91.1,91.1,89.0, 89.20,89.35,89.71,2884785,2588.05,18784, 761101, 26.38
ABFRL, EQ, 29-Jun-2022,239.8,237.0,242.9,234.6, 240.50,241.05,239.28,1699010,4065.34,12992, 907801, 53.43
ABSLAMC, EQ, 29-Jun-2022,407.7,407.7,410.75,403.7, 408.20,408.3,407.53,40716,165.93,1927, 23665, 58.12
ABSLBANETF, EQ, 29-Jun-2022,33.45,33.0,33.79,33.0, 33.41,33.39,33.19,584,0.19,83, 497, 85.10
ABSLNN50ET, EQ, 29-Jun-2022,37.95,37.45,37.8,37.45, 37.60,37.64,37.69,1889,0.71,31, 1880, 99.52
ACC, EQ, 29-Jun-2022,2128.0,2118.0,2160.0,2118.0, 2146.40,2155.25,2144.73,548808,11770.46,35884, 297103, 54.14
ACCELYA, EQ, 29-Jun-2022,890.4,894.9,894.9,873.55, 879.00,883.75,883.52,3536,31.24,376, 1675, 47.37
ACCURACY, EQ, 29-Jun-2022,203.6,201.9,220.95,200.0, 213.00,212.85,213.69,64083,136.94,3475, 15172, 23.68
ACE, EQ, 29-Jun-2022,214.05,211.0,214.5,210.5, 212.05,212.5,212.86,66299,141.12,2472, 30986, 46.74
ACRYSIL, EQ, 29-Jun-2022,568.0,577.0,646.0,576.35, 625.50,634.1,617.13,1030129,6357.2,44799, 145150, 14.09
ADANIENT, EQ, 29-Jun-2022,2204.6,2185.0,2247.8,2177.2, 2211.00,2220.1,2214.49,1692493,37480.17,52274, 425486, 25.14
ADANIGREEN, EQ, 29-Jun-2022,1909.85,1880.05,1946.65,1861.25, 1899.00,1901.7,1921.64,1235652,23744.74,61295, 409457, 33.14
ADANIPORTS, EQ, 29-Jun-2022,678.05,675.0,684.4,667.0, 676.25,677.8,675.87,3332554,22523.71,43447, 905045, 27.16
ADANIPOWER, EQ, 29-Jun-2022,270.25,267.95,274.4,267.25, 270.00,270.05,271.7,5972377,16226.68,51703, 2359622, 39.51
ADANITRANS, EQ, 29-Jun-2022,2163.4,2130.0,2365.0,2130.0, 2350.00,2347.9,2288.63,1042073,23849.19,67752, 287648, 27.60
ADFFOODS, EQ, 29-Jun-2022,712.1,718.0,740.75,708.0, 735.00,733.1,725.75,5282,38.33,410, 3295, 62.38
ADORWELD, EQ, 29-Jun-2022,651.4,651.4,681.0,644.95, 655.00,656.7,666.69,11007,73.38,1397, 6475, 58.83
ADROITINFO, EQ, 29-Jun-2022,14.65,13.95,13.95,13.95, 13.95,13.95,13.95,6366,0.89,80, 6206, 97.49
ADSL, EQ, 29-Jun-2022,124.85,121.35,128.65,120.2, 122.70,122.9,124.83,215577,269.09,5194, 45884, 21.28
ADVANIHOTR, EQ, 29-Jun-2022,67.4,67.4,68.0,66.05, 67.85,67.5,67.2,6812,4.58,176, 2770, 40.66
ADVENZYMES, EQ, 29-Jun-2022,272.05,270.35,272.75,268.1, 268.60,269.75,271.01,23190,62.85,995, 14123, 60.90
AEGISCHEM, EQ, 29-Jun-2022,209.85,209.05,213.5,208.0, 210.00,208.65,210.41,196724,413.92,4090, 65303, 33.20
AETHER, EQ, 29-Jun-2022,775.45,768.0,786.45,768.0, 780.00,779.75,780.36,49922,389.57,5930, 28491, 57.07
AFFLE, EQ, 29-Jun-2022,1026.95,1016.6,1049.5,1010.3, 1040.00,1043.05,1037.35,244387,2535.16,17336, 97462, 39.88
AGARIND, EQ, 29-Jun-2022,450.8,457.95,457.95,441.65, 443.50,448.15,447.8,9207,41.23,1018, 4119, 44.74
AGI, EQ, 29-Jun-2022,211.25,209.3,214.0,204.05, 206.80,206.2,209.01,82127,171.66,4259, 37270, 45.38
AGRITECH, EQ, 29-Jun-2022,68.1,69.9,69.9,66.3, 66.30,66.7,68.46,4919,3.37,108, 3937, 80.04
AGROPHOS, EQ, 29-Jun-2022,33.4,33.7,35.05,32.85, 33.85,33.9,34.42,197588,68.01,1317, 84512, 42.77
AGSTRA, EQ, 29-Jun-2022,73.4,73.0,75.0,71.85, 72.35,72.7,73.06,240722,175.87,4068, 143486, 59.61
AHLADA, EQ, 29-Jun-2022,84.05,83.55,85.3,80.7, 84.75,84.15,83.91,8861,7.44,401, 3679, 41.52
AHLEAST, EQ, 29-Jun-2022,225.05,221.1,229.65,221.1, 222.90,223.05,224.31,2159,4.84,139, 1010, 46.78
AHLUCONT, EQ, 29-Jun-2022,400.2,401.15,440.0,392.8, 433.00,417.8,408.4,14104,57.6,1090, 6818, 48.34
AIAENG, EQ, 29-Jun-2022,2197.95,2181.0,2210.05,2146.55, 2157.00,2175.45,2181.81,24501,534.57,8291, 13192, 53.84
AIRAN, EQ, 29-Jun-2022,20.3,20.2,20.45,20.0, 20.05,20.05,20.17,166406,33.56,1094, 83252, 50.03
AIROLAM, EQ, 29-Jun-2022,62.7,63.9,63.9,61.05, 62.50,61.85,62.05,2245,1.39,62, 1717, 76.48
AJANTPHARM, EQ, 29-Jun-2022,1240.05,1240.05,1250.0,1201.6, 1229.95,1221.95,1223.05,88084,1077.32,10317, 48743, 55.34
AJMERA, EQ, 29-Jun-2022,225.15,222.0,238.7,221.95, 234.90,234.4,231.1,28575,66.04,1829, 13710, 47.98
AJOONI, EQ, 29-Jun-2022,43.5,43.85,45.1,40.2, 40.60,41.85,42.38,115670,49.02,970, 51950, 44.91
AJRINFRA, EQ, 29-Jun-2022,1.6,1.65,1.65,1.55, 1.55,1.55,1.58,2128353,33.71,1874, 1235333, 58.04
AKASH, EQ, 29-Jun-2022,24.8,24.65,24.9,23.6, 23.75,23.7,23.87,68788,16.42,395, 53184, 77.32
AKG, EQ, 29-Jun-2022,32.7,32.9,36.9,32.4, 35.50,35.45,34.99,189701,66.38,970, 102344, 53.95
AKSHAR, EQ, 29-Jun-2022,81.5,82.0,84.0,78.05, 80.50,83.35,81.56,18236,14.87,183, 11866, 65.07
AKSHARCHEM, EQ, 29-Jun-2022,285.55,280.1,282.65,276.0, 276.10,276.6,278.65,3354,9.35,381, 1300, 38.76
AKSHOPTFBR, EQ, 29-Jun-2022,9.25,9.3,9.3,8.8, 8.90,8.95,8.98,259665,23.31,453, 169860, 65.42
AKZOINDIA, EQ, 29-Jun-2022,1777.2,1780.0,1803.0,1772.3, 1803.00,1799.95,1799.47,44564,801.92,855, 42764, 95.96
ALANKIT, EQ, 29-Jun-2022,11.15,11.0,11.2,10.6, 11.05,11.05,11.01,81437,8.96,392, 43932, 53.95
ALBERTDAVD, EQ, 29-Jun-2022,530.25,524.0,534.45,522.0, 534.45,526.1,525.91,1130,5.94,127, 813, 71.95
ALEMBICLTD, EQ, 29-Jun-2022,61.35,60.55,61.5,60.3, 60.80,60.85,60.93,45850,27.94,1051, 19355, 42.21
ALICON, EQ, 29-Jun-2022,658.9,655.0,673.4,645.0, 645.00,650.95,662.59,8455,56.02,715, 4566, 54.00
ALKALI, EQ, 29-Jun-2022,75.0,75.0,76.65,74.55, 75.00,75.2,75.43,7919,5.97,202, 5804, 73.29
ALKEM, EQ, 29-Jun-2022,2982.3,2962.0,2987.0,2928.2, 2959.00,2966.25,2959.02,113830,3368.26,18460, 66582, 58.49
ALKYLAMINE, EQ, 29-Jun-2022,2574.75,2562.0,2588.3,2540.0, 2545.00,2544.15,2559.22,28334,725.13,5169, 18114, 63.93
ALLCARGO, EQ, 29-Jun-2022,277.8,276.0,277.7,264.6, 270.15,270.65,270.31,440290,1190.13,12731, 225187, 51.15
ALLSEC, EQ, 29-Jun-2022,430.0,430.0,434.0,422.25, 430.25,432.6,428.16,10567,45.24,544, 7134, 67.51
ALMONDZ, EQ, 29-Jun-2022,88.35,90.05,90.05,87.8, 88.50,89.3,88.88,12875,11.44,150, 11237, 87.28
ALPA, EQ, 29-Jun-2022,59.3,59.3,61.9,57.95, 60.20,59.15,60.3,49485,29.84,753, 24335, 49.18
ALPHAGEO, EQ, 29-Jun-2022,277.05,271.1,288.45,271.1, 280.00,282.5,280.64,13266,37.23,638, 4329, 32.63
AMARAJABAT, EQ, 29-Jun-2022,471.2,468.0,470.0,464.2, 467.00,467.15,467.6,316138,1478.25,9139, 129500, 40.96
AMBER, EQ, 29-Jun-2022,2282.85,2260.0,2398.2,2260.0, 2340.00,2354.2,2359.06,123026,2902.26,16575, 27054, 21.99
AMBICAAGAR, EQ, 29-Jun-2022,22.2,22.55,22.55,21.6, 21.80,21.85,21.9,9893,2.17,88, 4718, 47.69
AMBIKCO, EQ, 29-Jun-2022,1596.35,1580.0,1599.0,1550.15, 1559.80,1562.05,1576.2,19160,302.0,3536, 7333, 38.27
AMBUJACEM, EQ, 29-Jun-2022,366.45,364.95,367.5,364.1, 365.25,365.5,365.92,4586257,16782.17,27321, 2596887, 56.62
AMDIND, EQ, 29-Jun-2022,43.7,44.0,44.55,41.35, 43.80,42.45,43.1,39542,17.04,658, 21688, 54.85
AMIORG, EQ, 29-Jun-2022,878.5,873.5,882.8,869.1, 869.20,871.65,876.29,23230,203.56,2207, 8576, 36.92
AMJLAND, EQ, 29-Jun-2022,25.05,24.65,25.3,24.35, 24.70,24.75,24.98,3593,0.9,83, 2742, 76.32
AMRUTANJAN, EQ, 29-Jun-2022,789.65,782.0,789.9,777.0, 778.00,779.0,782.6,7035,55.06,1213, 3838, 54.56
ANANDRATHI, EQ, 29-Jun-2022,644.6,640.05,649.95,640.0, 642.00,645.0,643.29,10672,68.65,1980, 4543, 42.57
ANANTRAJ, EQ, 29-Jun-2022,52.9,52.8,54.45,52.25, 53.45,53.35,53.73,356199,191.4,3874, 119446, 33.53
ANDHRAPAP, EQ, 29-Jun-2022,313.7,313.7,318.8,312.7, 314.05,316.45,316.27,47012,148.69,1560, 29029, 61.75
ANDHRSUGAR, EQ, 29-Jun-2022,125.6,125.2,127.9,124.55, 125.15,125.65,126.42,107621,136.05,2729, 37963, 35.27
ANDREWYU, EQ, 29-Jun-2022,20.9,20.9,22.55,20.2, 21.15,21.35,21.58,253731,54.74,1575, 113897, 44.89
ANGELONE, EQ, 29-Jun-2022,1229.95,1196.1,1227.8,1191.0, 1198.00,1201.75,1211.94,324179,3928.86,15245, 73271, 22.60
ANIKINDS, EQ, 29-Jun-2022,27.7,27.65,28.0,26.8, 27.70,27.8,27.61,20310,5.61,262, 9497, 46.76
ANMOL, EQ, 29-Jun-2022,162.2,161.7,165.0,157.1, 160.00,160.4,160.67,1417,2.28,109, 822, 58.01
ANSALAPI, EQ, 29-Jun-2022,12.85,12.45,13.2,12.4, 12.80,12.95,12.96,65330,8.47,184, 57508, 88.03
ANSALHSG, EQ, 29-Jun-2022,6.8,6.7,6.8,6.65, 6.80,6.75,6.75,39399,2.66,129, 27747, 70.43
ANUP, EQ, 29-Jun-2022,722.25,719.95,740.4,710.05, 730.10,734.15,730.49,16928,123.66,2245, 7858, 46.42
ANURAS, EQ, 29-Jun-2022,632.75,629.7,630.7,612.35, 618.75,616.8,621.02,121446,754.21,3444, 82000, 67.52
APARINDS, EQ, 29-Jun-2022,950.2,946.4,979.0,930.0, 935.00,939.85,953.17,95711,912.29,6145, 34193, 35.73
APCL, EQ, 29-Jun-2022,217.4,216.3,216.3,207.0, 208.00,208.7,209.65,23398,49.05,1452, 15546, 66.44
APCOTEXIND, EQ, 29-Jun-2022,626.4,620.0,635.0,596.0, 598.50,600.1,614.88,96528,593.53,5137, 46754, 48.44
APEX, EQ, 29-Jun-2022,259.9,258.55,261.5,253.95, 256.00,255.85,257.55,20638,53.15,1230, 9164, 44.40
APLAPOLLO, EQ, 29-Jun-2022,831.85,821.0,884.95,820.0, 873.00,878.05,866.59,482669,4182.75,23152, 133179, 27.59
APLLTD, EQ, 29-Jun-2022,738.2,741.9,744.7,722.5, 730.95,739.05,734.57,564716,4148.23,26235, 124443, 22.04
APOLLO, EQ, 29-Jun-2022,120.6,121.4,122.25,119.65, 121.00,121.15,121.11,15641,18.94,579, 8247, 52.73
APOLLOHOSP, EQ, 29-Jun-2022,3837.35,3767.2,3817.95,3695.0, 3704.00,3713.0,3757.76,567477,21324.43,50696, 265835, 46.85
APOLLOPIPE, EQ, 29-Jun-2022,415.0,416.4,452.4,410.9, 415.00,414.6,426.94,127620,544.87,6849, 67648, 53.01
APOLLOTYRE, EQ, 29-Jun-2022,188.9,186.1,187.85,184.85, 187.05,186.9,186.43,2263450,4219.64,20623, 479609, 21.19
APOLSINHOT, EQ, 29-Jun-2022,583.0,585.75,587.0,578.75, 581.00,582.85,581.29,452,2.63,21, 395, 87.39
APTECHT, EQ, 29-Jun-2022,227.9,224.0,227.7,222.0, 222.75,223.4,224.72,83741,188.18,3455, 20903, 24.96
APTUS, EQ, 29-Jun-2022,265.9,260.1,268.8,260.1, 265.00,265.75,265.09,47748,126.58,4644, 15674, 32.83
ARCHIDPLY, EQ, 29-Jun-2022,52.35,52.2,53.05,51.1, 52.65,52.05,52.6,22089,11.62,358, 16013, 72.49
ARCHIES, EQ, 29-Jun-2022,15.3,15.1,15.3,14.75, 15.20,15.1,15.1,7642,1.15,123, 5350, 70.01
ARENTERP, EQ, 29-Jun-2022,30.1,31.0,33.1,27.1, 32.90,32.75,29.86,35772,10.68,582, 2931, 8.19
ARIES, EQ, 29-Jun-2022,118.75,118.95,119.9,116.55, 119.25,118.35,118.57,12221,14.49,503, 5026, 41.13
ARIHANTCAP, EQ, 29-Jun-2022,80.45,82.5,83.9,77.65, 82.70,82.45,81.74,39384,32.19,391, 28079, 71.30
ARIHANTSUP, EQ, 29-Jun-2022,123.6,122.6,129.9,120.0, 127.60,128.55,123.98,100399,124.47,1969, 24346, 24.25
ARMANFIN, EQ, 29-Jun-2022,1185.45,1173.15,1182.4,1151.0, 1151.00,1155.85,1168.42,5633,65.82,742, 2857, 50.72
AROGRANITE, EQ, 29-Jun-2022,38.65,38.45,39.25,37.95, 38.90,38.6,38.54,9280,3.58,224, 5748, 61.94
ARROWGREEN, EQ, 29-Jun-2022,91.5,89.35,94.85,89.35, 92.10,92.0,92.07,4557,4.2,285, 1712, 37.57
ARSHIYA, EQ, 29-Jun-2022,14.5,14.4,14.7,13.85, 13.90,13.9,14.01,399189,55.92,1399, 290769, 72.84
ARTEMISMED, EQ, 29-Jun-2022,41.7,41.65,42.2,40.85, 41.65,41.6,41.55,19438,8.08,269, 12425, 63.92
ARTNIRMAN, EQ, 29-Jun-2022,62.2,59.15,65.0,59.15, 61.20,62.9,62.66,402,0.25,18, 328, 81.59
ARVEE, EQ, 29-Jun-2022,68.65,67.6,72.05,67.6, 72.05,72.05,70.53,2352,1.66,67, 2038, 86.65
ARVIND, EQ, 29-Jun-2022,91.85,90.4,95.5,90.25, 93.00,92.85,93.43,615005,574.61,6571, 208078, 33.83
ARVINDFASN, EQ, 29-Jun-2022,256.25,256.25,261.1,255.15, 256.10,255.7,257.67,31796,81.93,1360, 14212, 44.70
ARVSMART, EQ, 29-Jun-2022,162.8,156.8,163.8,156.8, 159.05,160.6,160.71,29593,47.56,370, 17950, 60.66
ASAHIINDIA, EQ, 29-Jun-2022,545.95,536.0,544.6,526.95, 530.70,532.15,538.78,235711,1269.97,9254, 95965, 40.71
ASAHISONG, EQ, 29-Jun-2022,284.65,284.8,293.45,280.0, 290.10,291.6,287.23,6632,19.05,394, 3025, 45.61
ASAL, EQ, 29-Jun-2022,419.05,426.8,440.0,415.05, 440.00,440.0,432.48,32862,142.12,1169, 24302, 73.95
ASALCBR, EQ, 29-Jun-2022,454.35,453.55,453.55,442.0, 444.20,444.05,445.16,13893,61.85,1014, 7969, 57.36
ASHAPURMIN, EQ, 29-Jun-2022,103.3,101.9,103.9,101.3, 102.00,102.2,102.66,109246,112.15,1533, 88221, 80.75
ASHIANA, EQ, 29-Jun-2022,126.85,126.0,129.9,125.0, 128.00,127.95,127.59,12976,16.56,512, 6838, 52.70
ASHIMASYN, EQ, 29-Jun-2022,12.2,12.35,12.5,11.8, 11.80,11.9,12.04,46352,5.58,232, 21916, 47.28
ASHOKA, EQ, 29-Jun-2022,73.15,73.0,74.25,72.1, 73.85,73.85,73.71,459716,338.88,3194, 189760, 41.28
ASHOKLEY, EQ, 29-Jun-2022,145.0,143.65,147.7,143.3, 146.05,146.55,145.57,18686479,27202.05,84436, 5276506, 28.24
ASIANENE, EQ, 29-Jun-2022,88.5,88.95,92.95,86.25, 89.80,89.9,90.43,46612,42.15,1172, 26832, 57.56
ASIANHOTNR, EQ, 29-Jun-2022,83.05,82.2,83.9,82.2, 83.10,83.15,83.17,1581,1.31,58, 942, 59.58
ASIANPAINT, EQ, 29-Jun-2022,2726.5,2706.5,2719.0,2678.0, 2700.00,2697.8,2701.44,1066354,28806.92,93050, 485257, 45.51
ASIANTILES, EQ, 29-Jun-2022,42.9,42.8,44.0,39.65, 40.25,40.4,40.83,3121505,1274.44,12497, 1396583, 44.74
ASPINWALL, EQ, 29-Jun-2022,164.35,162.0,170.0,160.05, 169.80,168.65,166.24,3143,5.23,138, 2044, 65.03
ASTEC, EQ, 29-Jun-2022,1911.35,1900.0,1928.05,1849.35, 1869.00,1869.1,1910.48,61256,1170.28,2199, 55767, 91.04
ASTERDM, EQ, 29-Jun-2022,178.5,179.5,179.5,175.15, 175.25,175.6,177.12,99211,175.72,3302, 51356, 51.76
ASTRAL, EQ, 29-Jun-2022,1632.55,1623.0,1673.0,1605.2, 1665.40,1668.35,1635.31,342419,5599.62,25004, 147378, 43.04
ASTRAMICRO, EQ, 29-Jun-2022,199.05,198.0,201.4,197.45, 199.35,199.45,199.57,67445,134.6,2515, 32647, 48.41
ASTRAZEN, EQ, 29-Jun-2022,2695.55,2699.0,2720.0,2680.1, 2688.00,2685.5,2699.22,4727,127.59,1436, 2063, 43.64
ASTRON, EQ, 29-Jun-2022,40.45,40.9,42.6,39.3, 41.50,40.9,41.35,84486,34.94,1140, 27269, 32.28
ATFL, EQ, 29-Jun-2022,820.45,824.55,832.95,808.15, 825.60,826.05,827.43,2639,21.84,412, 1979, 74.99
ATGL, EQ, 29-Jun-2022,2394.4,2350.0,2464.0,2330.75, 2345.00,2347.7,2399.07,535713,12852.15,43032, 138431, 25.84
ATLANTA, EQ, 29-Jun-2022,14.45,14.5,14.75,14.35, 14.70,14.5,14.53,22310,3.24,283, 8147, 36.52
ATUL, EQ, 29-Jun-2022,8055.9,8010.0,8074.95,7949.2, 8050.00,8044.25,8037.1,14017,1126.56,2095, 8130, 58.00
ATULAUTO, EQ, 29-Jun-2022,171.0,167.0,174.0,167.0, 169.70,168.9,170.46,29013,49.46,1741, 9160, 31.57
AUBANK, EQ, 29-Jun-2022,622.65,594.0,602.95,565.0, 594.95,596.05,583.8,8784371,51283.4,149991, 2285464, 26.02
AURIONPRO, EQ, 29-Jun-2022,251.05,256.9,259.45,249.55, 258.90,255.55,253.48,25647,65.01,1371, 13620, 53.11
AUROPHARMA, EQ, 29-Jun-2022,521.35,518.5,523.0,513.45, 514.30,514.45,516.43,999484,5161.67,23782, 250507, 25.06
AURUM, EQ, 29-Jun-2022,82.15,80.6,86.15,78.55, 82.05,81.3,81.12,56133,45.53,2217, 39420, 70.23
AUSOMENT, EQ, 29-Jun-2022,63.1,63.95,64.0,59.85, 60.85,61.65,62.52,2822,1.76,118, 2523, 89.40
AUTOAXLES, EQ, 29-Jun-2022,1593.6,1575.0,1654.25,1575.0, 1622.00,1625.5,1627.06,25074,407.97,3724, 14487, 57.78
AUTOBEES, EQ, 29-Jun-2022,119.12,120.8,120.8,115.23, 119.00,118.81,118.27,18942,22.4,327, 12010, 63.40
AUTOIND, EQ, 29-Jun-2022,59.45,60.0,61.4,58.5, 61.25,61.2,60.44,42322,25.58,651, 25307, 59.80
AVADHSUGAR, EQ, 29-Jun-2022,533.6,526.85,551.4,524.95, 543.00,543.35,539.38,108782,586.75,5364, 20127, 18.50
AVANTIFEED, EQ, 29-Jun-2022,429.6,428.0,430.2,423.75, 424.50,424.7,426.82,39718,169.53,3077, 18277, 46.02
AVTNPL, EQ, 29-Jun-2022,95.35,93.95,95.0,92.1, 94.50,94.45,94.07,87659,82.46,1915, 47736, 54.46
AWHCL, EQ, 29-Jun-2022,275.25,274.0,280.3,271.85, 272.50,274.35,274.73,31385,86.22,1446, 16865, 53.74
AXISBANK, EQ, 29-Jun-2022,642.35,636.35,637.8,623.5, 624.25,625.55,629.29,13620084,85710.13,209098, 8768136, 64.38
AXISBNKETF, EQ, 29-Jun-2022,337.42,335.15,336.23,334.45, 335.10,335.44,335.59,307,1.03,35, 284, 92.51
AXISBPSETF, EQ, 29-Jun-2022,10.3,10.24,10.32,10.24, 10.29,10.29,10.28,3506,0.36,381, 2624, 74.84
AXISCADES, EQ, 29-Jun-2022,120.15,118.25,124.4,116.65, 117.55,117.4,120.13,44361,53.29,846, 25124, 56.64
AXISCETF, EQ, 29-Jun-2022,68.31,68.31,68.31,67.4, 68.18,68.14,67.58,146,0.1,15, 141, 96.58
AXISGOLD, EQ, 29-Jun-2022,43.86,43.6,43.98,43.6, 43.79,43.78,43.82,16082,7.05,581, 7813, 48.58
AXISHCETF, EQ, 29-Jun-2022,76.45,76.7,76.98,75.67, 76.80,76.79,76.7,2258,1.73,133, 1287, 57.00
AXISNIFTY, EQ, 29-Jun-2022,167.51,160.03,167.67,160.03, 166.63,166.53,166.62,2047,3.41,102, 1690, 82.56
AXISTECETF, EQ, 29-Jun-2022,289.99,289.9,291.0,285.4, 288.08,288.52,289.6,455,1.32,65, 310, 68.13
AXITA, EQ, 29-Jun-2022,212.1,227.0,233.3,211.95, 233.30,233.3,224.14,36200,81.14,994, 22005, 60.79
AYMSYNTEX, EQ, 29-Jun-2022,93.75,91.35,98.05,91.35, 94.80,94.5,94.52,23029,21.77,744, 11970, 51.98
BAGFILMS, EQ, 29-Jun-2022,5.35,5.15,5.45,5.1, 5.20,5.15,5.15,192438,9.92,289, 126174, 65.57
BAJAJ-AUTO, EQ, 29-Jun-2022,3889.0,3880.0,3900.0,3856.05, 3874.60,3867.55,3876.53,524392,20328.23,48317, 267196, 50.95
BAJAJCON, EQ, 29-Jun-2022,137.9,137.5,142.3,136.9, 141.40,141.1,140.11,383498,537.31,7547, 199362, 51.99
BAJAJELEC, EQ, 29-Jun-2022,941.4,932.8,977.7,930.95, 954.00,965.75,957.52,106490,1019.66,8969, 20409, 19.17
BAJAJFINSV, EQ, 29-Jun-2022,11364.45,11200.0,11248.95,11040.5, 11089.95,11109.75,11156.84,390273,43542.12,61783, 117241, 30.04
BAJAJHCARE, EQ, 29-Jun-2022,282.95,280.1,282.7,269.8, 273.50,275.55,276.25,25624,70.79,1913, 12909, 50.38
BAJAJHIND, EQ, 29-Jun-2022,13.35,13.0,13.7,13.0, 13.25,13.3,13.36,4117473,550.0,6143, 1287168, 31.26
BAJAJHLDNG, EQ, 29-Jun-2022,4644.7,4637.0,4949.0,4455.0, 4700.00,4533.5,4544.56,60047,2728.87,11515, 22566, 37.58
BAJFINANCE, EQ, 29-Jun-2022,5576.25,5485.0,5554.0,5460.0, 5508.00,5512.8,5512.8,755982,41675.76,71749, 185307, 24.51
BALAJITELE, EQ, 29-Jun-2022,42.95,42.7,43.3,41.2, 41.35,41.45,42.37,238637,101.12,2032, 167956, 70.38
BALAMINES, EQ, 29-Jun-2022,2907.55,2870.0,2895.0,2856.25, 2860.00,2863.25,2871.47,16743,480.77,3097, 6749, 40.31
BALAXI, EQ, 29-Jun-2022,369.95,364.95,379.95,364.95, 379.95,377.95,374.3,953,3.57,83, 596, 62.54
BALKRISHNA, EQ, 29-Jun-2022,31.4,32.0,32.9,30.4, 30.40,31.05,31.5,3650,1.15,168, 703, 19.26
BALKRISIND, EQ, 29-Jun-2022,2170.3,2150.0,2180.95,2124.1, 2171.00,2174.4,2162.5,194755,4211.57,19900, 78496, 40.30
BALMLAWRIE, EQ, 29-Jun-2022,109.15,109.2,110.25,108.15, 108.45,108.5,109.17,74500,81.33,1441, 41017, 55.06
BALPHARMA, EQ, 29-Jun-2022,98.7,97.8,97.9,95.25, 97.00,96.9,96.69,13585,13.14,343, 5267, 38.77
BALRAMCHIN, EQ, 29-Jun-2022,367.8,364.0,371.55,361.8, 367.00,367.15,367.14,1266813,4650.98,18036, 126476, 9.98
BANARBEADS, EQ, 29-Jun-2022,69.7,69.0,71.9,68.0, 71.45,71.15,69.8,2681,1.87,109, 1281, 47.78
BANARISUG, EQ, 29-Jun-2022,2181.65,2189.0,2224.9,2170.05, 2219.95,2198.65,2210.11,2039,45.06,223, 975, 47.82
BANCOINDIA, EQ, 29-Jun-2022,173.45,171.05,185.8,171.05, 184.05,183.65,181.16,513090,929.54,11881, 239840, 46.74
BANDHANBNK, EQ, 29-Jun-2022,276.4,272.0,274.75,264.05, 267.50,268.6,268.07,9730022,26083.26,86797, 2245780, 23.08
BANG, EQ, 29-Jun-2022,39.95,39.95,41.8,39.25, 41.80,40.6,39.96,25699,10.27,391, 13177, 51.27
BANKA, EQ, 29-Jun-2022,66.3,65.5,69.85,64.85, 69.85,69.7,67.45,1414,0.95,47, 958, 67.75
BANKBARODA, EQ, 29-Jun-2022,101.55,100.3,101.8,99.7, 101.00,101.15,100.65,16413604,16519.87,47601, 5896509, 35.92
BANKBEES, EQ, 29-Jun-2022,339.89,337.8,337.8,335.33, 336.19,336.09,336.23,326356,1097.3,8564, 177091, 54.26
BANKINDIA, EQ, 29-Jun-2022,44.9,44.7,44.9,44.0, 44.05,44.1,44.31,1358709,602.08,11304, 672929, 49.53
BANSWRAS, EQ, 29-Jun-2022,216.1,216.0,219.7,208.2, 211.00,212.0,213.16,60968,129.96,1329, 42925, 70.41
BARBEQUE, EQ, 29-Jun-2022,1079.8,1075.0,1110.0,1065.0, 1075.10,1089.55,1092.44,116253,1269.99,8957, 54158, 46.59
BASF, EQ, 29-Jun-2022,2630.4,2606.5,2699.0,2590.0, 2659.00,2676.45,2655.76,19016,505.02,3573, 7221, 37.97
BASML, EQ, 29-Jun-2022,54.35,54.35,56.25,53.85, 55.05,55.15,55.35,32827,18.17,496, 19605, 59.72
BATAINDIA, EQ, 29-Jun-2022,1712.45,1691.55,1699.0,1664.1, 1677.00,1679.65,1683.37,341820,5754.08,19348, 135913, 39.76
BAYERCROP, EQ, 29-Jun-2022,5033.0,5021.05,5049.0,4970.0, 5010.00,5026.45,5019.49,7910,397.04,1995, 4457, 56.35
BBETF0432, EQ, 29-Jun-2022,978.34,981.0,981.0,979.14, 981.00,981.0,980.19,493,4.83,26, 459, 93.10
BBL, EQ, 29-Jun-2022,1614.05,1610.0,1679.8,1596.75, 1630.00,1644.65,1639.66,6458,105.89,1217, 3532, 54.69
BBOX, EQ, 29-Jun-2022,135.2,136.0,137.75,130.0, 131.00,131.1,132.43,28223,37.38,1006, 16703, 59.18
BBTC, EQ, 29-Jun-2022,919.95,905.0,915.3,903.35, 904.80,905.75,908.85,13153,119.54,2353, 6514, 49.52
BCG, EQ, 29-Jun-2022,31.45,29.9,29.9,29.9, 29.90,29.9,29.9,2929366,875.88,7172, 2867071, 97.87
BCONCEPTS, EQ, 29-Jun-2022,111.7,114.35,114.35,108.95, 112.00,111.95,111.2,1137,1.26,30, 687, 60.42
BCP, EQ, 29-Jun-2022,4.6,4.55,4.55,4.35, 4.40,4.4,4.41,188130,8.29,341, 107771, 57.29
BDL, EQ, 29-Jun-2022,718.8,710.0,710.15,693.0, 699.00,700.25,701.67,699396,4907.45,23994, 294660, 42.13
BEARDSELL, EQ, 29-Jun-2022,15.9,15.85,16.15,15.2, 15.65,15.6,15.71,16614,2.61,178, 9787, 58.91
BECTORFOOD, EQ, 29-Jun-2022,274.05,269.95,277.3,269.9, 274.00,272.8,273.1,34191,93.37,2415, 14666, 42.89
BEDMUTHA, EQ, 29-Jun-2022,73.15,70.7,72.5,70.35, 71.85,71.35,71.2,24231,17.25,323, 8354, 34.48
BEL, EQ, 29-Jun-2022,236.45,234.9,237.7,234.2, 235.00,236.1,235.9,6727541,15870.3,44699, 3589319, 53.35
BEML, EQ, 29-Jun-2022,1267.2,1256.9,1317.85,1244.25, 1280.00,1283.7,1286.74,293353,3774.68,20461, 33903, 11.56
BEPL, EQ, 29-Jun-2022,108.5,105.7,109.65,105.7, 108.30,108.45,108.22,136989,148.25,2770, 40360, 29.46
BERGEPAINT, EQ, 29-Jun-2022,582.25,572.0,582.2,565.05, 568.40,568.85,573.71,1059522,6078.55,35168, 393554, 37.14
BESTAGRO, EQ, 29-Jun-2022,834.05,823.5,848.2,820.05, 830.00,833.05,840.92,57136,480.47,1509, 39128, 68.48
BFINVEST, EQ, 29-Jun-2022,257.0,251.75,266.0,251.75, 261.20,260.45,260.98,17951,46.85,1164, 4501, 25.07
BFUTILITIE, EQ, 29-Jun-2022,300.3,298.9,316.9,294.0, 310.00,309.9,308.35,235136,725.04,9587, 61166, 26.01
BGRENERGY, EQ, 29-Jun-2022,62.95,62.85,66.5,62.4, 64.80,65.2,64.86,77167,50.05,1260, 36018, 46.68
BHAGCHEM, EQ, 29-Jun-2022,927.9,938.3,945.0,912.4, 940.00,925.8,931.38,2015,18.77,178, 1464, 72.66
BHAGERIA, EQ, 29-Jun-2022,174.65,170.0,177.4,170.0, 174.60,174.55,174.89,5984,10.47,372, 3600, 60.16
BHAGYANGR, EQ, 29-Jun-2022,40.0,39.5,39.9,38.3, 38.30,38.55,39.16,7258,2.84,189, 2838, 39.10
BHAGYAPROP, EQ, 29-Jun-2022,39.7,39.7,40.4,38.5, 40.00,40.0,39.97,10312,4.12,64, 9693, 94.00
BHANDARI, EQ, 29-Jun-2022,5.7,5.6,5.8,5.5, 5.60,5.6,5.64,225923,12.75,411, 137987, 61.08
BHARATFORG, EQ, 29-Jun-2022,658.75,652.0,658.05,644.35, 654.40,655.55,651.18,1214583,7909.13,40234, 551869, 45.44
BHARATGEAR, EQ, 29-Jun-2022,142.1,140.0,145.7,139.8, 144.80,144.65,144.09,25985,37.44,761, 15038, 57.87
BHARATRAS, EQ, 29-Jun-2022,11361.85,11300.0,11361.0,11001.3, 11115.00,11126.7,11231.86,935,105.02,557, 274, 29.30
BHARATWIRE, EQ, 29-Jun-2022,59.45,59.1,59.85,57.65, 58.80,58.6,58.94,36895,21.75,201, 26882, 72.86
BHARTIARTL, EQ, 29-Jun-2022,681.15,677.0,689.1,675.0, 686.00,687.8,685.11,5011798,34336.45,91137, 3244403, 64.74
BHEL, EQ, 29-Jun-2022,46.3,46.2,46.45,45.65, 46.00,46.15,46.05,12444297,5730.02,24213, 2647263, 21.27
BIL, EQ, 29-Jun-2022,164.05,164.2,166.25,158.95, 158.95,161.0,162.37,1575,2.56,162, 646, 41.02
BINDALAGRO, EQ, 29-Jun-2022,23.55,23.85,25.25,23.6, 24.25,24.35,24.69,255326,63.03,1644, 176549, 69.15
BIOCON, EQ, 29-Jun-2022,315.95,314.9,315.15,308.05, 310.40,310.2,310.65,2928101,9096.26,40840, 685264, 23.40
BIOFILCHEM, EQ, 29-Jun-2022,51.4,51.0,52.85,50.05, 52.00,51.65,51.85,22702,11.77,493, 13673, 60.23
BIRLACABLE, EQ, 29-Jun-2022,111.6,108.5,114.45,108.25, 109.20,109.1,111.89,65712,73.52,2401, 27808, 42.32
BIRLACORPN, EQ, 29-Jun-2022,881.6,880.0,891.5,868.0, 873.10,876.5,881.91,52058,459.11,4411, 10209, 19.61
BIRLAMONEY, EQ, 29-Jun-2022,54.15,54.05,54.75,52.3, 54.20,54.05,53.97,14850,8.01,366, 8647, 58.23
BLBLIMITED, EQ, 29-Jun-2022,18.0,17.2,18.8,17.2, 18.65,18.6,18.38,17951,3.3,157, 12009, 66.90
BLISSGVS, EQ, 29-Jun-2022,72.8,72.1,74.2,72.1, 74.10,73.35,73.41,60573,44.47,868, 39537, 65.27
BLKASHYAP, EQ, 29-Jun-2022,18.25,18.2,19.05,18.15, 18.25,18.5,18.66,117427,21.91,420, 81927, 69.77
BLS, EQ, 29-Jun-2022,198.8,194.2,201.0,192.1, 199.60,198.0,195.69,688440,1347.22,15336, 287072, 41.70
BLUEDART, EQ, 29-Jun-2022,7563.85,7650.0,7850.0,7574.0, 7799.00,7802.4,7719.71,45882,3541.96,12753, 17975, 39.18
BLUESTARCO, EQ, 29-Jun-2022,939.2,930.0,939.0,918.0, 924.00,923.8,927.09,12185,112.97,1707, 5569, 45.70
BODALCHEM, EQ, 29-Jun-2022,86.0,85.4,86.45,84.45, 86.00,85.85,85.55,95298,81.53,2691, 36369, 38.16
BOMDYEING, EQ, 29-Jun-2022,97.1,95.85,99.95,95.55, 96.20,96.35,97.38,3292844,3206.48,17062, 628923, 19.10
BOROLTD, EQ, 29-Jun-2022,273.9,271.0,274.2,269.25, 271.85,272.5,271.82,49795,135.36,3429, 28097, 56.43
BORORENEW, EQ, 29-Jun-2022,663.45,651.1,663.95,646.2, 653.20,653.4,656.8,210257,1380.97,9106, 72732, 34.59
BOSCHLTD, EQ, 29-Jun-2022,14656.7,14614.0,15630.0,14560.0, 15598.70,15523.0,15270.21,128714,19654.89,27154, 43355, 33.68
BPCL, EQ, 29-Jun-2022,318.6,313.6,319.85,313.6, 315.95,316.4,317.72,2251588,7153.76,55150, 871199, 38.69
BPL, EQ, 29-Jun-2022,64.15,64.0,64.5,63.0, 63.50,63.55,63.79,29570,18.86,297, 19222, 65.01
BRIGADE, EQ, 29-Jun-2022,446.85,438.1,445.05,438.1, 442.00,442.65,442.24,139804,618.27,7903, 54538, 39.01
BRITANNIA, EQ, 29-Jun-2022,3434.7,3434.7,3455.6,3360.0, 3415.70,3404.15,3415.29,374478,12789.51,45443, 215959, 57.67
BRNL, EQ, 29-Jun-2022,26.8,27.5,27.5,26.5, 26.50,26.7,26.85,8322,2.23,180, 5753, 69.13
BSE, EQ, 29-Jun-2022,599.65,590.0,601.45,586.8, 597.00,596.55,595.21,712739,4242.3,20224, 179811, 25.23
BSHSL, EQ, 29-Jun-2022,403.1,400.0,402.95,392.5, 397.80,395.3,395.16,349,1.38,37, 188, 53.87
BSL, EQ, 29-Jun-2022,92.3,93.45,94.5,91.3, 92.00,92.45,92.67,4505,4.17,196, 2304, 51.14
BSLGOLDETF, EQ, 29-Jun-2022,46.14,46.01,46.47,45.93, 46.40,46.35,46.29,5343,2.47,129, 3606, 67.49
BSLNIFTY, EQ, 29-Jun-2022,17.74,17.65,17.75,17.3, 17.71,17.7,17.65,10564,1.86,310, 8125, 76.91
BSLSENETFG, EQ, 29-Jun-2022,51.06,50.05,51.7,50.01, 51.22,51.25,51.19,957,0.49,76, 566, 59.14
BSOFT, EQ, 29-Jun-2022,369.8,361.9,376.55,361.1, 371.00,370.95,371.92,2913484,10835.89,43160, 1121871, 38.51
BURNPUR, EQ, 29-Jun-2022,4.6,4.7,4.7,4.5, 4.65,4.6,4.58,58852,2.7,243, 40629, 69.04
BUTTERFLY, EQ, 29-Jun-2022,1071.1,1082.9,1179.85,1070.15, 1142.00,1158.9,1124.91,13809,155.34,2449, 4246, 30.75
BYKE, EQ, 29-Jun-2022,34.9,35.9,36.5,34.95, 35.45,35.35,35.67,30285,10.8,251, 16728, 55.24
CALSOFT, EQ, 29-Jun-2022,20.9,20.2,21.45,19.6, 20.75,20.55,20.7,35724,7.39,322, 20627, 57.74
CAMLINFINE, EQ, 29-Jun-2022,112.15,111.0,112.65,110.0, 111.50,111.5,111.48,58679,65.41,1913, 29116, 49.62
CAMPUS, EQ, 29-Jun-2022,336.2,334.9,342.3,330.25, 331.05,332.45,336.19,259923,873.83,10043, 89103, 34.28
CAMS, EQ, 29-Jun-2022,2258.1,2249.95,2297.7,2232.0, 2255.45,2268.05,2272.69,80898,1838.56,9985, 32455, 40.12
CANBK, EQ, 29-Jun-2022,187.8,186.75,187.1,184.05, 186.00,186.25,185.68,4791597,8897.2,26068, 1295582, 27.04
CANFINHOME, EQ, 29-Jun-2022,432.35,427.0,436.0,421.0, 432.00,432.35,429.62,326493,1402.66,7924, 64442, 19.74
CANTABIL, EQ, 29-Jun-2022,1032.95,1050.0,1067.95,1024.45, 1050.00,1052.45,1045.22,13183,137.79,1077, 4995, 37.89
CAPACITE, EQ, 29-Jun-2022,111.05,109.0,115.9,109.0, 113.35,113.9,112.63,189230,213.13,4398, 85916, 45.40
CAPLIPOINT, EQ, 29-Jun-2022,714.3,714.0,726.0,706.55, 707.50,710.55,717.45,36039,258.56,3272, 10611, 29.44
CAPTRUST, EQ, 29-Jun-2022,99.4,98.0,98.85,95.55, 97.75,96.7,96.76,2715,2.63,112, 1405, 51.75
CARBORUNIV, EQ, 29-Jun-2022,756.95,748.0,753.0,735.15, 744.15,743.45,743.44,87672,651.79,7256, 30125, 34.36
CAREERP, EQ, 29-Jun-2022,110.45,110.45,115.1,109.45, 112.50,112.8,112.75,13019,14.68,498, 5797, 44.53
CARERATING, EQ, 29-Jun-2022,421.0,422.0,423.0,416.5, 419.00,419.5,419.28,21009,88.09,1896, 12815, 61.00
CARTRADE, EQ, 29-Jun-2022,578.85,577.9,578.5,570.05, 573.50,572.3,574.67,100732,578.87,10868, 64657, 64.19
CASTROLIND, EQ, 29-Jun-2022,103.95,103.75,105.0,102.1, 102.25,102.4,103.21,1033520,1066.72,9400, 707289, 68.43
CCHHL, EQ, 29-Jun-2022,7.3,7.0,7.9,7.0, 7.60,7.5,7.42,108225,8.03,202, 81066, 74.91
CCL, EQ, 29-Jun-2022,383.85,393.0,395.0,377.0, 379.00,382.4,387.69,317883,1232.41,15756, 101611, 31.96
CDSL, EQ, 29-Jun-2022,1110.1,1102.0,1115.25,1095.1, 1107.00,1104.3,1107.29,210980,2336.16,12535, 60487, 28.67
CEATLTD, EQ, 29-Jun-2022,936.15,923.0,936.55,922.85, 928.50,931.0,930.25,35717,332.26,3776, 6860, 19.21
CELEBRITY, EQ, 29-Jun-2022,13.25,13.0,13.5,12.8, 12.85,12.9,13.13,30598,4.02,260, 16071, 52.52
CENTENKA, EQ, 29-Jun-2022,423.65,416.05,437.7,415.0, 420.00,421.0,423.34,85805,363.24,5000, 34587, 40.31
CENTEXT, EQ, 29-Jun-2022,9.95,9.95,10.0,9.7, 9.90,9.8,9.88,59429,5.87,226, 30943, 52.07
CENTRALBK, EQ, 29-Jun-2022,17.15,17.15,17.2,16.95, 17.00,17.0,17.06,959141,163.62,7123, 504037, 52.55
CENTRUM, EQ, 29-Jun-2022,20.6,20.55,20.95,20.5, 20.80,20.7,20.72,50772,10.52,458, 29255, 57.62
CENTUM, EQ, 29-Jun-2022,410.85,414.1,417.0,411.0, 412.45,413.35,414.85,1558,6.46,168, 543, 34.85
CENTURYPLY, EQ, 29-Jun-2022,510.5,513.0,524.95,508.6, 511.60,516.15,516.17,143427,740.33,7187, 39885, 27.81
CENTURYTEX, EQ, 29-Jun-2022,802.55,793.0,819.35,790.45, 806.90,807.5,810.76,142828,1158.0,5190, 37401, 26.19
CERA, EQ, 29-Jun-2022,4094.55,4079.95,4198.8,4066.5, 4152.00,4166.2,4143.35,8077,334.66,2987, 4262, 52.77
CEREBRAINT, EQ, 29-Jun-2022,49.95,49.65,52.25,48.9, 50.50,50.95,51.22,125545,64.3,1975, 69757, 55.56
CESC, EQ, 29-Jun-2022,72.95,72.6,72.6,70.7, 71.00,70.9,71.27,1009624,719.58,18081, 568335, 56.29
CGCL, EQ, 29-Jun-2022,706.45,707.0,714.95,685.0, 689.40,689.55,698.91,61688,431.14,3680, 25387, 41.15
CGPOWER, EQ, 29-Jun-2022,191.3,189.4,194.65,187.7, 190.25,191.1,191.23,1244688,2380.26,12941, 704855, 56.63
CHALET, EQ, 29-Jun-2022,312.05,310.1,321.0,307.55, 315.00,314.75,316.28,571650,1808.01,11753, 169772, 29.70
CHAMBLFERT, EQ, 29-Jun-2022,269.95,265.85,276.4,264.0, 272.85,272.75,272.0,2688095,7311.5,30372, 576610, 21.45
CHEMBOND, EQ, 29-Jun-2022,163.55,164.1,164.1,161.3, 162.95,161.95,162.56,2423,3.94,93, 1798, 74.21
CHEMCON, EQ, 29-Jun-2022,285.35,281.05,297.0,281.05, 289.90,289.0,286.94,40604,116.51,2280, 19194, 47.27
CHEMFAB, EQ, 29-Jun-2022,164.65,169.5,172.7,164.5, 164.65,165.3,167.68,5760,9.66,347, 1876, 32.57
CHEMPLASTS, EQ, 29-Jun-2022,462.6,455.5,467.0,439.55, 447.00,448.7,454.8,103912,472.59,6030, 37518, 36.11
CHENNPETRO, EQ, 29-Jun-2022,325.75,324.9,344.45,323.2, 326.25,326.6,333.72,8206588,27386.65,97525, 1482187, 18.06
CHEVIOT, EQ, 29-Jun-2022,1174.7,1180.1,1239.95,1169.5, 1224.00,1213.3,1207.11,2858,34.5,722, 1263, 44.19
CHOICEIN, EQ, 29-Jun-2022,387.85,385.5,390.0,383.0, 386.00,385.75,386.3,31126,120.24,3123, 4406, 14.16
CHOLAFIN, EQ, 29-Jun-2022,640.8,632.0,640.8,622.15, 636.05,638.85,634.24,1961040,12437.8,49001, 857313, 43.72
CHOLAHLDNG, EQ, 29-Jun-2022,626.0,624.85,625.8,615.15, 621.95,619.25,624.74,84621,528.66,6625, 77160, 91.18
CIGNITITEC, EQ, 29-Jun-2022,438.7,436.0,465.0,432.55, 463.00,459.15,452.94,97453,441.4,3519, 68734, 70.53
CINELINE, EQ, 29-Jun-2022,136.1,131.8,136.0,131.8, 133.00,134.55,134.05,8015,10.74,102, 5882, 73.39
CINEVISTA, EQ, 29-Jun-2022,10.95,11.4,11.5,10.45, 11.45,11.3,11.03,32164,3.55,111, 20707, 64.38
CIPLA, EQ, 29-Jun-2022,945.1,937.05,961.9,922.9, 950.00,947.65,938.57,2455089,23042.67,67484, 1293018, 52.67
CLEAN, EQ, 29-Jun-2022,1459.9,1450.2,1514.8,1450.2, 1509.05,1500.15,1475.89,132024,1948.53,12590, 77762, 58.90
CLEDUCATE, EQ, 29-Jun-2022,123.1,123.3,125.75,120.05, 124.95,124.75,124.68,63616,79.32,425, 54780, 86.11
CLNINDIA, EQ, 29-Jun-2022,413.45,412.0,418.0,408.15, 412.00,411.1,413.27,9949,41.12,640, 6089, 61.20
CLSEL, EQ, 29-Jun-2022,96.6,96.4,96.55,93.25, 93.60,94.0,94.52,65272,61.7,1823, 46096, 70.62
CMICABLES, EQ, 29-Jun-2022,22.7,22.5,24.0,21.45, 22.45,22.35,22.82,31541,7.2,522, 14008, 44.41
CMSINFO, EQ, 29-Jun-2022,224.35,222.0,228.85,221.25, 227.50,227.4,226.16,77088,174.34,2892, 43491, 56.42
COALINDIA, EQ, 29-Jun-2022,186.4,186.0,190.25,183.65, 188.40,188.75,187.49,16856241,31603.16,85535, 6586519, 39.07
COASTCORP, EQ, 29-Jun-2022,267.0,266.9,269.45,262.25, 262.50,263.25,266.29,11009,29.32,279, 8738, 79.37
COCHINSHIP, EQ, 29-Jun-2022,314.5,311.05,316.95,306.05, 307.90,309.75,311.44,155379,483.92,6204, 77375, 49.80
COFFEEDAY, EQ, 29-Jun-2022,44.15,43.85,44.6,42.55, 43.80,43.7,43.71,418928,183.1,3032, 204013, 48.70
COFORGE, EQ, 29-Jun-2022,3735.2,3637.6,3706.0,3637.6, 3654.00,3662.25,3673.55,398973,14656.46,34463, 154497, 38.72
COLPAL, EQ, 29-Jun-2022,1514.2,1505.0,1511.95,1486.0, 1488.00,1492.0,1501.36,247598,3717.33,17261, 160839, 64.96
COMPINFO, EQ, 29-Jun-2022,22.6,22.6,24.45,21.95, 22.10,22.3,22.7,2532075,574.84,5706, 620991, 24.52
COMPUSOFT, EQ, 29-Jun-2022,23.8,23.75,23.75,22.95, 23.75,23.3,23.31,134604,31.38,1094, 68631, 50.99
CONCOR, EQ, 29-Jun-2022,620.25,617.9,620.75,605.1, 617.20,617.95,612.42,932326,5709.79,34041, 332287, 35.64
CONFIPET, EQ, 29-Jun-2022,47.25,46.5,48.3,46.5, 46.75,46.75,47.3,289996,137.16,2444, 147995, 51.03
CONSOFINVT, EQ, 29-Jun-2022,119.25,120.95,120.95,118.5, 120.85,120.4,119.75,605,0.72,35, 355, 58.68
CONSUMBEES, EQ, 29-Jun-2022,73.52,73.94,73.94,72.6, 73.37,73.42,72.98,2562,1.87,108, 1539, 60.07
CONTROLPR, EQ, 29-Jun-2022,427.1,426.0,451.6,420.8, 439.05,443.65,441.91,24391,107.79,1856, 9412, 38.59
CORALFINAC, EQ, 29-Jun-2022,33.5,33.35,35.45,33.35, 34.70,35.0,34.78,24150,8.4,314, 15162, 62.78
CORDSCABLE, EQ, 29-Jun-2022,53.1,53.6,53.65,52.6, 53.00,53.15,53.2,11995,6.38,260, 7409, 61.77
COROMANDEL, EQ, 29-Jun-2022,937.55,928.0,968.0,928.0, 959.85,964.3,957.07,982939,9407.41,50884, 425928, 43.33
COSMOFILMS, EQ, 29-Jun-2022,1034.85,1024.95,1024.95,1002.8, 1006.00,1007.6,1012.41,56995,577.02,5903, 24292, 42.62
COUNCODOS, EQ, 29-Jun-2022,4.3,4.3,4.8,4.25, 4.30,4.3,4.4,59565,2.62,145, 33541, 56.31
CPSEETF, EQ, 29-Jun-2022,32.93,28.6,33.41,28.6, 33.22,33.31,33.17,1434738,475.84,2125, 998806, 69.62
CRAFTSMAN, EQ, 29-Jun-2022,2212.2,2215.0,2287.7,2182.25, 2251.55,2271.2,2221.66,34578,768.2,3628, 23527, 68.04
CREATIVE, EQ, 29-Jun-2022,544.25,540.45,562.95,535.45, 536.50,539.95,541.15,1363,7.38,148, 755, 55.39
CREDITACC, EQ, 29-Jun-2022,1004.5,995.0,1035.05,987.25, 1022.00,1023.3,1010.37,50611,511.36,3877, 11750, 23.22
CREST, EQ, 29-Jun-2022,166.7,164.0,182.7,163.55, 180.00,180.3,178.8,243479,435.33,926, 228148, 93.70
CRISIL, EQ, 29-Jun-2022,3224.85,3200.0,3230.5,3190.65, 3203.00,3208.9,3209.1,15607,500.84,4424, 8194, 52.50
CROMPTON, EQ, 29-Jun-2022,341.65,339.8,348.25,337.6, 346.40,345.8,344.06,1121094,3857.29,22737, 547519, 48.84
CROWN, EQ, 29-Jun-2022,30.5,29.7,31.8,29.35, 31.55,30.7,30.67,2546,0.78,152, 89, 3.50
CSBBANK, EQ, 29-Jun-2022,199.45,199.0,200.0,197.35, 199.10,199.55,198.83,79483,158.03,1696, 42000, 52.84
CTE, EQ, 29-Jun-2022,54.4,54.95,56.1,52.2, 54.00,53.9,54.45,26262,14.3,411, 14138, 53.83
CUB, EQ, 29-Jun-2022,137.0,136.5,138.05,134.5, 137.85,136.95,136.95,2911436,3987.26,21276, 1103574, 37.90
CUBEXTUB, EQ, 29-Jun-2022,24.5,25.5,25.5,24.2, 24.50,24.95,24.85,2451,0.61,108, 1375, 56.10
CUMMINSIND, EQ, 29-Jun-2022,1001.15,996.0,1028.0,989.0, 1028.00,1022.1,1014.59,775732,7870.49,22425, 449285, 57.92
CUPID, EQ, 29-Jun-2022,216.2,212.3,218.35,212.3, 216.35,216.55,216.38,7767,16.81,725, 2996, 38.57
CYBERMEDIA, EQ, 29-Jun-2022,17.1,17.1,17.9,16.35, 17.45,17.5,17.43,5312,0.93,39, 1483, 27.92
CYBERTECH, EQ, 29-Jun-2022,137.85,136.0,141.7,135.15, 136.90,137.15,138.81,40758,56.57,1340, 15921, 39.06
CYIENT, EQ, 29-Jun-2022,775.7,770.0,777.55,758.6, 761.00,763.0,765.0,169269,1294.91,16877, 90550, 53.49
DAAWAT, EQ, 29-Jun-2022,77.7,76.9,77.6,76.2, 77.20,77.1,76.9,610742,469.65,5538, 248132, 40.63
DABUR, EQ, 29-Jun-2022,512.1,507.0,512.9,498.1, 499.90,501.2,505.71,1698999,8592.08,38714, 1111209, 65.40
DALBHARAT, EQ, 29-Jun-2022,1302.4,1296.0,1321.85,1281.45, 1298.95,1289.55,1300.26,167100,2172.73,9561, 43645, 26.12
DALMIASUG, EQ, 29-Jun-2022,317.0,316.7,332.95,313.4, 330.05,329.15,325.22,149741,486.99,6412, 62316, 41.62
DAMODARIND, EQ, 29-Jun-2022,43.45,42.6,44.2,42.2, 43.90,43.35,43.31,10157,4.4,254, 3409, 33.56
DANGEE, EQ, 29-Jun-2022,376.55,377.3,402.45,375.05, 381.00,381.55,389.68,112227,437.33,2783, 43798, 39.03
DATAMATICS, EQ, 29-Jun-2022,294.45,290.0,295.0,288.0, 292.20,292.1,292.64,61575,180.19,2917, 20490, 33.28
DATAPATTNS, EQ, 29-Jun-2022,660.6,658.9,667.0,651.65, 654.20,654.15,659.1,50351,331.87,4484, 22363, 44.41
DBCORP, EQ, 29-Jun-2022,75.95,76.0,77.65,75.1, 75.60,76.1,76.43,56376,43.09,884, 27368, 48.55
DBL, EQ, 29-Jun-2022,192.65,190.0,194.75,189.8, 191.65,191.35,192.59,200563,386.26,4142, 67572, 33.69
DBSTOCKBRO, EQ, 29-Jun-2022,20.85,21.0,21.5,19.9, 20.20,20.2,20.76,1574,0.33,38, 1268, 80.56
DCAL, EQ, 29-Jun-2022,116.9,115.25,117.9,111.9, 116.55,116.2,114.82,277524,318.66,5947, 108055, 38.94
DCBBANK, EQ, 29-Jun-2022,76.9,76.8,77.3,76.0, 76.70,76.55,76.7,206906,158.7,2686, 87138, 42.11
DCM, EQ, 29-Jun-2022,69.35,69.45,70.9,66.05, 67.40,67.1,68.13,23436,15.97,631, 13223, 56.42
DCMFINSERV, EQ, 29-Jun-2022,3.95,4.05,4.05,3.8, 3.80,3.9,3.85,8660,0.33,42, 8360, 96.54
DCMNVL, EQ, 29-Jun-2022,175.75,171.25,180.35,169.0, 176.00,175.75,174.49,20217,35.28,596, 9754, 48.25
DCMSHRIRAM, EQ, 29-Jun-2022,952.85,952.85,959.2,943.4, 944.95,945.35,950.2,34269,325.63,2297, 17738, 51.76
DCMSRIND, EQ, 29-Jun-2022,80.25,79.95,80.75,78.45, 79.50,79.1,79.65,37635,29.98,1320, 16299, 43.31
DCW, EQ, 29-Jun-2022,36.9,36.5,37.35,36.15, 36.65,36.55,36.82,217012,79.9,1191, 117605, 54.19
DECCANCE, EQ, 29-Jun-2022,457.85,455.0,489.9,447.0, 468.20,474.75,479.06,17536,84.01,1320, 6188, 35.29
DEEPAKFERT, EQ, 29-Jun-2022,622.25,611.9,624.4,606.0, 608.00,609.95,615.49,196099,1206.98,8107, 96098, 49.00
DEEPAKNTR, EQ, 29-Jun-2022,1795.95,1780.0,1808.65,1768.1, 1792.00,1795.05,1792.83,706137,12659.82,26426, 339272, 48.05
DEEPENR, EQ, 29-Jun-2022,79.7,77.45,83.65,77.45, 82.90,82.35,82.74,22309,18.46,486, 10126, 45.39
DEEPINDS, EQ, 29-Jun-2022,198.05,197.2,199.9,194.85, 196.00,195.6,196.56,43504,85.51,1593, 25537, 58.70
DELHIVERY, EQ, 29-Jun-2022,501.95,490.1,507.95,490.1, 505.00,504.75,503.75,212296,1069.44,10035, 121269, 57.12
DELPHIFX, EQ, 29-Jun-2022,396.25,394.25,412.0,394.25, 411.90,409.05,404.93,625,2.53,56, 461, 73.76
DELTACORP, EQ, 29-Jun-2022,177.9,174.55,191.0,172.3, 181.40,180.85,182.95,26015763,47595.21,131661, 4416606, 16.98
DELTAMAGNT, EQ, 29-Jun-2022,70.15,70.1,73.65,66.7, 73.65,73.65,72.13,12523,9.03,406, 7846, 62.65
DEN, EQ, 29-Jun-2022,33.7,33.5,34.25,33.2, 33.40,33.45,33.61,348648,117.18,1530, 206457, 59.22
DENORA, EQ, 29-Jun-2022,856.3,857.5,888.0,834.6, 835.00,843.3,862.24,91469,788.68,9286, 30120, 32.93
DEVIT, EQ, 29-Jun-2022,174.9,177.75,183.6,174.0, 183.60,183.4,180.66,42946,77.58,703, 20286, 47.24
DEVYANI, EQ, 29-Jun-2022,150.9,148.85,150.8,148.0, 150.00,149.9,149.41,858655,1282.96,11322, 431815, 50.29
DFMFOODS, EQ, 29-Jun-2022,201.8,200.8,203.0,199.2, 203.00,202.5,201.42,23036,46.4,546, 12525, 54.37
DGCONTENT, EQ, 29-Jun-2022,15.1,15.75,15.85,14.8, 15.15,15.45,15.56,156093,24.29,119, 144496, 92.57
DHAMPURSUG, EQ, 29-Jun-2022,225.5,224.0,224.9,215.6, 217.00,217.45,220.74,394155,870.05,9881, 173804, 44.10
DHANBANK, EQ, 29-Jun-2022,11.7,11.55,12.0,11.55, 11.60,11.65,11.78,159156,18.75,527, 80403, 50.52
DHANI, EQ, 29-Jun-2022,32.55,33.9,34.15,33.15, 34.15,34.15,33.82,2092285,707.54,2272, 940352, 44.94
DHANUKA, EQ, 29-Jun-2022,704.5,705.0,708.0,693.05, 694.70,696.2,699.59,16715,116.94,8314, 5490, 32.84
DHANVARSHA, EQ, 29-Jun-2022,90.9,89.1,109.05,88.0, 104.95,107.3,102.94,4465299,4596.38,85219, 987647, 22.12
DHARAMSI, EQ, 29-Jun-2022,367.35,369.0,376.4,360.6, 360.60,362.15,368.0,9301,34.23,880, 4171, 44.84
DHRUV, EQ, 29-Jun-2022,47.45,47.8,49.25,44.2, 44.70,45.7,47.1,40544,19.1,544, 22415, 55.29
DHUNINV, EQ, 29-Jun-2022,572.55,574.25,593.95,565.1, 588.30,586.7,579.12,1817,10.52,283, 610, 33.57
DIAMONDYD, EQ, 29-Jun-2022,638.9,641.0,645.5,636.0, 645.00,638.45,640.07,93639,599.36,376, 92155, 98.42
DICIND, EQ, 29-Jun-2022,373.55,374.4,376.6,354.0, 359.00,356.9,364.78,3085,11.25,235, 2442, 79.16
DIGISPICE, EQ, 29-Jun-2022,29.6,29.75,29.75,27.7, 28.20,28.0,28.7,103188,29.62,760, 74519, 72.22
DIL, EQ, 29-Jun-2022,47.9,48.65,48.65,46.5, 47.00,46.9,47.18,23697,11.18,149, 9635, 40.66
DISHTV, EQ, 29-Jun-2022,12.8,12.8,13.45,12.6, 13.20,13.3,13.16,4919901,647.53,5198, 2227644, 45.28
DIVISLAB, EQ, 29-Jun-2022,3613.45,3590.0,3600.0,3545.0, 3590.00,3583.35,3572.05,404647,14454.2,54600, 185937, 45.95
DIVOPPBEES, EQ, 29-Jun-2022,41.73,40.26,42.48,40.26, 41.76,41.7,41.52,2246,0.93,90, 1528, 68.03
DIXON, EQ, 29-Jun-2022,3664.7,3615.0,3724.3,3595.15, 3636.00,3650.9,3655.5,300603,10988.54,22172, 86619, 28.82
DLF, EQ, 29-Jun-2022,319.4,315.0,319.25,313.2, 316.80,318.55,317.18,3164135,10035.91,38454, 868723, 27.46
DLINKINDIA, EQ, 29-Jun-2022,118.5,118.1,121.4,115.95, 119.05,119.15,118.95,75098,89.33,2702, 31053, 41.35
DMART, EQ, 29-Jun-2022,3479.95,3450.45,3527.0,3425.0, 3433.00,3445.25,3470.27,405633,14076.58,53656, 156168, 38.50
DODLA, EQ, 29-Jun-2022,482.3,485.0,496.0,480.85, 495.00,491.25,489.29,11280,55.19,776, 4828, 42.80
DOLATALGO, EQ, 29-Jun-2022,66.5,65.75,69.95,65.4, 69.35,68.5,68.83,355209,244.49,3143, 167967, 47.29
DOLLAR, EQ, 29-Jun-2022,479.85,475.0,480.5,472.95, 478.50,478.25,478.9,30008,143.71,1279, 16730, 55.75
DONEAR, EQ, 29-Jun-2022,51.2,52.75,53.0,51.05, 52.95,52.2,52.28,10940,5.72,298, 3685, 33.68
DPABHUSHAN, EQ, 29-Jun-2022,386.85,384.6,392.9,384.6, 389.95,389.45,388.43,4979,19.34,94, 2733, 54.89
DPSCLTD, EQ, 29-Jun-2022,11.25,10.8,11.6,10.8, 11.10,11.2,11.14,55084,6.14,344, 36134, 65.60
DPWIRES, EQ, 29-Jun-2022,283.55,282.0,294.0,278.55, 294.00,290.3,286.67,4632,13.28,639, 1375, 29.68
DREDGECORP, EQ, 29-Jun-2022,266.95,265.4,272.75,263.15, 265.00,266.3,268.34,67291,180.57,3482, 10003, 14.87
DRREDDY, EQ, 29-Jun-2022,4374.6,4357.1,4408.75,4334.4, 4366.00,4364.35,4367.74,381147,16647.5,31946, 153110, 40.17
DSPN50ETF, EQ, 29-Jun-2022,158.5,158.93,159.72,157.3, 159.72,159.72,158.85,515,0.82,26, 342, 66.41
DSPNEWETF, EQ, 29-Jun-2022,179.58,179.75,180.5,179.0, 180.50,180.31,179.88,1169,2.1,45, 1147, 98.12
DSPQ50ETF, EQ, 29-Jun-2022,152.74,153.04,153.04,151.0, 152.50,152.42,152.19,683,1.04,33, 653, 95.61
DTIL, EQ, 29-Jun-2022,205.1,204.9,219.0,203.1, 217.75,214.55,212.55,4423,9.4,408, 1937, 43.79
DUCON, EQ, 29-Jun-2022,19.1,19.1,19.4,17.4, 18.75,18.75,18.74,142232,26.66,650, 65862, 46.31
DVL, EQ, 29-Jun-2022,200.85,197.5,202.9,197.5, 201.00,201.95,200.52,5494,11.02,330, 2609, 47.49
DWARKESH, EQ, 29-Jun-2022,102.55,101.0,105.3,100.55, 102.25,102.75,103.18,1225977,1264.92,10466, 252288, 20.58
DYNAMATECH, EQ, 29-Jun-2022,1806.35,1779.25,1832.1,1779.25, 1828.00,1820.1,1814.57,3835,69.59,763, 1312, 34.21
DYNPRO, EQ, 29-Jun-2022,409.85,405.0,414.0,399.8, 414.00,411.0,407.67,4520,18.43,576, 2017, 44.62
E2E, EQ, 29-Jun-2022,118.05,124.0,129.85,118.25, 127.05,128.75,127.97,42339,54.18,1346, 21229, 50.14
EASEMYTRIP, EQ, 29-Jun-2022,391.25,389.75,401.9,385.0, 395.50,398.0,393.0,692356,2720.95,15474, 250342, 36.16
EBANK, EQ, 29-Jun-2022,3709.99,3600.01,3759.91,3600.01, 3759.91,3759.91,3653.31,3,0.11,3, 2, 66.67
EBBETF0423, EQ, 29-Jun-2022,1176.19,1151.33,1179.48,1151.33, 1176.64,1176.62,1175.52,559,6.57,32, 487, 87.12
EBBETF0425, EQ, 29-Jun-2022,1063.5,1065.5,1065.5,1060.7, 1062.10,1062.0,1062.3,15345,163.01,72, 15250, 99.38
EBBETF0430, EQ, 29-Jun-2022,1175.56,1160.1,1184.4,1160.1, 1175.01,1175.04,1175.19,7373,86.65,138, 7353, 99.73
EBBETF0431, EQ, 29-Jun-2022,1044.21,1045.0,1047.0,1044.11, 1045.20,1045.21,1045.58,4237,44.3,83, 3931, 92.78
ECLERX, EQ, 29-Jun-2022,1933.45,1902.0,1984.7,1902.0, 1919.20,1923.55,1943.45,28597,555.77,3983, 15178, 53.08
EDELWEISS, EQ, 29-Jun-2022,52.05,51.9,51.95,51.0, 51.10,51.1,51.38,553225,284.22,6458, 300976, 54.40
EICHERMOT, EQ, 29-Jun-2022,2863.8,2849.1,2922.95,2830.0, 2875.10,2886.6,2877.9,856258,24642.28,61380, 400324, 46.75
EIDPARRY, EQ, 29-Jun-2022,502.95,499.0,542.0,496.6, 533.00,538.15,527.32,1275356,6725.16,31023, 254299, 19.94
EIFFL, EQ, 29-Jun-2022,110.9,110.35,114.0,107.6, 114.00,111.3,110.53,531,0.59,73, 276, 51.98
EIHAHOTELS, EQ, 29-Jun-2022,363.45,355.25,366.0,355.25, 365.90,364.8,363.36,2452,8.91,185, 1637, 66.76
EIHOTEL, EQ, 29-Jun-2022,125.15,125.0,128.5,123.5, 125.40,126.05,125.69,298556,375.26,4648, 188379, 63.10
EIMCOELECO, EQ, 29-Jun-2022,361.55,348.0,406.6,348.0, 385.00,384.25,387.02,27576,106.73,2208, 8380, 30.39
EKC, EQ, 29-Jun-2022,181.65,178.2,190.0,177.15, 186.00,188.2,184.86,384769,711.28,7526, 179763, 46.72
ELDEHSG, EQ, 29-Jun-2022,552.85,541.6,559.9,531.95, 554.80,551.1,549.08,524,2.88,83, 314, 59.92
ELECON, EQ, 29-Jun-2022,268.95,267.9,272.9,261.25, 262.50,262.55,267.22,574371,1534.86,9436, 171443, 29.85
ELECTCAST, EQ, 29-Jun-2022,32.1,32.0,32.6,31.5, 32.00,31.7,32.08,301407,96.69,1695, 157842, 52.37
ELECTHERM, EQ, 29-Jun-2022,89.75,90.35,92.0,85.2, 85.85,85.7,89.3,50676,45.25,1506, 28684, 56.60
ELGIEQUIP, EQ, 29-Jun-2022,384.6,379.25,393.0,362.95, 364.95,368.6,379.32,518195,1965.62,14981, 192918, 37.23
ELGIRUBCO, EQ, 29-Jun-2022,30.0,29.9,29.9,29.0, 29.70,29.3,29.36,7883,2.31,84, 5386, 68.32
EMAMILTD, EQ, 29-Jun-2022,411.4,410.9,412.0,404.3, 410.00,410.1,409.05,149632,612.07,9285, 102707, 68.64
EMAMIPAP, EQ, 29-Jun-2022,139.2,137.35,144.25,137.35, 140.00,139.55,141.21,24279,34.29,754, 13570, 55.89
EMAMIREAL, EQ, 29-Jun-2022,63.55,61.15,64.05,61.15, 63.85,63.85,63.48,8235,5.23,163, 5369, 65.20
EMKAY, EQ, 29-Jun-2022,65.25,64.6,67.45,64.55, 66.80,66.7,65.59,13064,8.57,487, 6882, 52.68
EMMBI, EQ, 29-Jun-2022,79.5,80.55,81.95,79.6, 80.55,80.95,80.83,6802,5.5,182, 4152, 61.04
EMUDHRA, EQ, 29-Jun-2022,246.3,246.05,255.0,243.9, 250.20,253.5,251.12,96624,242.65,4155, 51733, 53.54
ENDURANCE, EQ, 29-Jun-2022,1361.45,1349.1,1406.9,1344.45, 1397.95,1400.2,1390.44,111217,1546.4,10612, 82050, 73.77
ENERGYDEV, EQ, 29-Jun-2022,14.5,14.75,15.2,14.4, 15.20,15.2,15.03,57869,8.7,223, 44393, 76.71
ENGINERSIN, EQ, 29-Jun-2022,57.95,57.7,57.7,57.05, 57.15,57.3,57.35,336586,193.02,3791, 210449, 62.52
ENIL, EQ, 29-Jun-2022,173.65,170.5,175.65,168.2, 175.30,174.95,173.74,3585,6.23,165, 1920, 53.56
EPL, EQ, 29-Jun-2022,158.0,155.2,158.55,149.3, 152.00,152.5,151.32,818897,1239.18,30108, 527737, 64.44
EQUITAS, EQ, 29-Jun-2022,84.6,83.5,84.6,82.75, 83.35,83.55,83.68,231092,193.38,4135, 124526, 53.89
EQUITASBNK, EQ, 29-Jun-2022,39.55,39.1,39.65,38.8, 39.45,39.45,39.27,283833,111.46,3371, 186889, 65.84
ERIS, EQ, 29-Jun-2022,643.6,643.65,655.5,640.15, 651.00,652.4,647.96,4909,31.81,760, 2891, 58.89
EROSMEDIA, EQ, 29-Jun-2022,23.5,23.1,23.85,22.8, 23.30,23.55,23.48,148526,34.88,866, 95220, 64.11
ESABINDIA, EQ, 29-Jun-2022,3638.85,3655.0,3672.0,3602.05, 3621.05,3644.45,3644.5,3644,132.81,1150, 1230, 33.75
ESCORTS, EQ, 29-Jun-2022,1533.15,1530.1,1530.1,1449.0, 1449.00,1458.85,1480.34,559078,8276.28,21619, 286042, 51.16
ESSARSHPNG, EQ, 29-Jun-2022,7.0,7.2,7.2,6.85, 7.05,7.0,6.98,113108,7.89,267, 78240, 69.17
ESSENTIA, EQ, 29-Jun-2022,2.3,2.4,2.4,2.4, 2.40,2.4,2.4,65200,1.56,8, 65200, 100.00
ESTER, EQ, 29-Jun-2022,126.6,125.9,129.8,123.8, 125.70,125.2,127.1,65452,83.19,2138, 25557, 39.05
ETHOSLTD, EQ, 29-Jun-2022,797.85,789.55,796.35,766.4, 768.50,777.95,787.5,3576,28.16,641, 1492, 41.72
EVEREADY, EQ, 29-Jun-2022,294.45,294.45,309.8,291.7, 301.65,303.45,298.75,145525,434.76,2641, 93594, 64.31
EVERESTIND, EQ, 29-Jun-2022,521.0,519.5,543.2,519.5, 535.00,535.65,534.8,44178,236.26,4171, 19575, 44.31
EXCEL, EQ, 29-Jun-2022,6.8,7.05,7.1,6.5, 7.10,7.05,6.93,882191,61.12,983, 266225, 30.18
EXCELINDUS, EQ, 29-Jun-2022,1222.95,1227.9,1247.65,1210.0, 1237.00,1235.6,1230.92,13674,168.32,2562, 5133, 37.54
EXIDEIND, EQ, 29-Jun-2022,140.25,138.95,140.4,138.25, 139.60,139.35,139.53,887864,1238.88,9609, 256492, 28.89
EXPLEOSOL, EQ, 29-Jun-2022,1300.3,1297.75,1340.65,1285.6, 1320.00,1312.25,1317.36,5499,72.44,1109, 2553, 46.43
EXXARO, EQ, 29-Jun-2022,107.15,108.0,108.0,106.0, 107.25,106.95,107.18,8474,9.08,272, 3211, 37.89
FACT, EQ, 29-Jun-2022,97.15,97.0,98.65,95.75, 96.75,96.95,97.21,75984,73.86,2187, 30943, 40.72
FAIRCHEMOR, EQ, 29-Jun-2022,1485.65,1490.0,1510.5,1453.8, 1510.00,1503.55,1491.71,4222,62.98,1573, 1694, 40.12
FCL, EQ, 29-Jun-2022,181.65,182.0,185.0,178.55, 182.50,182.5,182.99,239922,439.03,4120, 82547, 34.41
FCONSUMER, EQ, 29-Jun-2022,2.05,2.05,2.1,1.95, 1.95,1.95,1.97,24045021,474.65,6701, 12819614, 53.32
FCSSOFT, EQ, 29-Jun-2022,3.05,3.05,3.1,2.95, 2.95,3.0,2.99,2771242,82.96,2162, 1040092, 37.53
FDC, EQ, 29-Jun-2022,245.05,247.95,248.0,234.8, 236.50,235.75,239.75,80877,193.9,4874, 28797, 35.61
FEDERALBNK, EQ, 29-Jun-2022,91.8,91.0,92.35,90.5, 91.00,91.6,91.36,8629695,7883.9,22711, 3005938, 34.83
FEL, EQ, 29-Jun-2022,2.95,2.95,3.05,2.9, 3.05,3.05,3.04,956092,29.02,804, 458786, 47.99
FELDVR, EQ, 29-Jun-2022,7.7,7.35,8.05,7.35, 8.05,8.05,7.96,59869,4.76,175, 35413, 59.15
FIBERWEB, EQ, 29-Jun-2022,35.95,34.9,36.95,34.9, 36.85,36.55,35.93,16384,5.89,339, 6410, 39.12
FIEMIND, EQ, 29-Jun-2022,1303.15,1282.0,1375.0,1282.0, 1329.00,1331.35,1343.12,368771,4953.04,30908, 120023, 32.55
FILATEX, EQ, 29-Jun-2022,95.45,93.55,96.95,93.55, 96.15,95.65,95.78,94815,90.81,2151, 43614, 46.00
FINCABLES, EQ, 29-Jun-2022,382.85,381.2,381.2,374.1, 375.20,377.0,377.29,57287,216.14,3684, 21263, 37.12
FINEORG, EQ, 29-Jun-2022,4970.15,4948.0,4948.0,4814.0, 4824.00,4824.7,4857.07,38495,1869.73,9385, 16067, 41.74
FINOPB, EQ, 29-Jun-2022,241.45,238.0,244.05,238.0, 242.00,239.45,240.89,9086,21.89,848, 3261, 35.89
FINPIPE, EQ, 29-Jun-2022,137.2,136.0,137.15,134.7, 135.25,135.0,135.7,249305,338.32,4983, 146635, 58.82
FLEXITUFF, EQ, 29-Jun-2022,26.15,26.7,27.45,26.3, 27.45,27.45,27.05,13130,3.55,184, 5849, 44.55
FLUOROCHEM, EQ, 29-Jun-2022,2737.6,2735.0,2782.95,2682.0, 2700.00,2704.55,2730.11,19825,541.24,3431, 12243, 61.76
FMGOETZE, EQ, 29-Jun-2022,279.05,279.25,284.45,277.35, 283.00,282.4,282.15,29186,82.35,1020, 20052, 68.70
FMNL, EQ, 29-Jun-2022,4.85,4.75,5.0,4.75, 4.85,4.85,4.89,167700,8.21,268, 61563, 36.71
FOCUS, EQ, 29-Jun-2022,104.75,107.75,109.8,100.25, 108.85,109.5,105.71,13117,13.87,543, 8867, 67.60
FOODSIN, EQ, 29-Jun-2022,69.95,70.2,71.0,68.5, 68.55,69.0,70.25,12289,8.63,251, 8365, 68.07
FORCEMOT, EQ, 29-Jun-2022,1061.05,1040.85,1078.0,1018.0, 1029.00,1026.0,1049.36,194143,2037.27,16329, 24110, 12.42
FORTIS, EQ, 29-Jun-2022,230.45,229.9,234.5,228.15, 234.20,233.65,231.33,317627,734.78,6026, 217678, 68.53
FOSECOIND, EQ, 29-Jun-2022,1562.15,1537.05,1588.85,1537.05, 1583.00,1581.0,1576.35,1108,17.47,252, 513, 46.30
FRETAIL, EQ, 29-Jun-2022,6.6,6.7,6.9,6.65, 6.85,6.85,6.86,7873496,540.1,8980, 3868004, 49.13
FSL, EQ, 29-Jun-2022,103.3,101.55,105.5,101.1, 104.25,104.6,103.97,2618268,2722.28,12766, 526681, 20.12
GABRIEL, EQ, 29-Jun-2022,133.3,133.45,135.55,130.2, 130.50,131.2,132.93,683519,908.57,11262, 270466, 39.57
GAEL, EQ, 29-Jun-2022,283.6,280.0,284.4,275.05, 275.50,277.75,279.77,389583,1089.93,12228, 88665, 22.76
GAIL, EQ, 29-Jun-2022,136.9,135.7,139.95,135.5, 139.10,139.25,138.5,9921375,13741.47,100075, 3155608, 31.81
GAL, EQ, 29-Jun-2022,3.3,3.3,3.4,3.2, 3.35,3.4,3.36,303670,10.2,278, 188767, 62.16
GALAXYSURF, EQ, 29-Jun-2022,2964.75,2937.8,2959.1,2900.0, 2900.00,2904.45,2925.16,5647,165.18,1742, 2896, 51.28
GALLANTT, EQ, 29-Jun-2022,74.4,72.7,74.5,70.2, 71.35,71.1,72.65,58870,42.77,948, 35589, 60.45
GANDHITUBE, EQ, 29-Jun-2022,367.45,367.35,380.95,358.15, 373.50,375.75,372.73,5130,19.12,534, 2566, 50.02
GANECOS, EQ, 29-Jun-2022,607.3,605.0,610.2,585.15, 589.90,591.2,598.34,16870,100.94,1670, 9118, 54.05
GANESHBE, EQ, 29-Jun-2022,114.2,114.4,122.8,114.3, 118.50,118.8,119.7,423086,506.43,5960, 202144, 47.78
GANESHHOUC, EQ, 29-Jun-2022,265.15,263.9,265.0,256.05, 261.00,259.4,260.76,12461,32.49,270, 9078, 72.85
GANGAFORGE, EQ, 29-Jun-2022,6.0,6.15,6.15,5.7, 5.70,5.75,5.86,102780,6.02,366, 68024, 66.18
GANGESSECU, EQ, 29-Jun-2022,108.25,108.0,108.9,106.8, 108.40,108.05,107.92,766,0.83,75, 101, 13.19
GARFIBRES, EQ, 29-Jun-2022,2960.45,2975.3,3025.5,2960.0, 2971.00,3001.8,3007.52,4412,132.69,1343, 2447, 55.46
GATEWAY, EQ, 29-Jun-2022,68.0,68.5,68.5,66.5, 66.95,66.95,68.12,521635,355.34,1599, 486857, 93.33
GATI, EQ, 29-Jun-2022,136.0,135.0,136.8,134.0, 134.55,134.65,135.0,173526,234.27,3041, 49944, 28.78
GAYAPROJ, EQ, 29-Jun-2022,18.0,17.55,18.2,16.6, 16.65,16.85,17.3,1064209,184.09,3468, 706892, 66.42
GEECEE, EQ, 29-Jun-2022,132.05,130.9,132.5,126.45, 127.05,129.2,130.51,5606,7.32,658, 2263, 40.37
GEEKAYWIRE, EQ, 29-Jun-2022,78.1,79.0,79.2,76.1, 77.70,77.1,78.5,7444,5.84,335, 4384, 58.89
GENCON, EQ, 29-Jun-2022,31.7,31.9,32.9,30.5, 31.10,31.55,32.12,31969,10.27,340, 21145, 66.14
GENUSPAPER, EQ, 29-Jun-2022,16.4,16.65,17.2,16.4, 17.20,17.2,16.98,298469,50.67,615, 202920, 67.99
GENUSPOWER, EQ, 29-Jun-2022,77.8,76.1,78.0,75.8, 76.40,76.45,76.8,262920,201.93,3831, 82258, 31.29
GEOJITFSL, EQ, 29-Jun-2022,54.85,54.6,55.4,54.1, 54.75,55.05,54.85,348484,191.13,4596, 203719, 58.46
GEPIL, EQ, 29-Jun-2022,134.2,132.2,137.6,132.2, 133.00,132.85,134.23,47970,64.39,2046, 28474, 59.36
GESHIP, EQ, 29-Jun-2022,392.35,386.0,403.5,385.3, 392.00,394.75,395.91,475020,1880.66,14553, 127635, 26.87
GET&D, EQ, 29-Jun-2022,98.55,98.55,100.95,97.4, 98.50,98.55,99.13,14770,14.64,261, 3929, 26.60
GFLLIMITED, EQ, 29-Jun-2022,65.25,65.45,65.75,64.5, 64.60,64.65,65.17,7317,4.77,154, 5161, 70.53
GHCL, EQ, 29-Jun-2022,583.25,581.8,581.8,568.25, 571.00,571.05,571.96,249735,1428.38,8964, 142674, 57.13
GICHSGFIN, EQ, 29-Jun-2022,120.7,119.4,120.95,117.25, 117.30,118.5,119.49,51431,61.46,1259, 21196, 41.21
GICRE, EQ, 29-Jun-2022,115.85,114.45,117.95,113.6, 117.35,116.95,116.21,186250,216.44,4467, 76541, 41.10
GILLANDERS, EQ, 29-Jun-2022,61.1,61.1,62.95,58.55, 58.65,59.75,59.93,1476,0.88,57, 1395, 94.51
GILLETTE, EQ, 29-Jun-2022,4921.85,4910.35,5016.0,4868.0, 5000.00,4910.85,4909.14,8124,398.82,1948, 6577, 80.96
GILT5YBEES, EQ, 29-Jun-2022,48.57,48.4,48.75,48.4, 48.46,48.62,48.57,31448,15.27,194, 21777, 69.25
GINNIFILA, EQ, 29-Jun-2022,36.65,36.6,39.95,36.2, 38.80,39.0,38.95,181390,70.65,1281, 112881, 62.23
GIPCL, EQ, 29-Jun-2022,76.05,75.15,77.25,75.15, 76.25,76.15,76.39,83387,63.7,1685, 35589, 42.68
GKWLIMITED, EQ, 29-Jun-2022,553.1,551.7,552.0,536.55, 542.05,542.05,543.38,54,0.29,21, 24, 44.44
GLAND, EQ, 29-Jun-2022,2653.0,2653.0,2700.0,2627.8, 2652.00,2655.25,2674.74,347148,9285.29,19697, 259444, 74.74
GLAXO, EQ, 29-Jun-2022,1498.0,1495.0,1509.7,1491.1, 1500.00,1497.95,1496.6,33546,502.05,4852, 21999, 65.58
GLENMARK, EQ, 29-Jun-2022,387.4,383.35,390.15,381.0, 388.55,389.25,386.55,519921,2009.78,10481, 147321, 28.34
GLFL, EQ, 29-Jun-2022,2.9,3.0,3.0,3.0, 3.00,3.0,3.0,7413,0.22,14, 7413, 100.00
GLOBALVECT, EQ, 29-Jun-2022,42.3,42.3,43.9,41.5, 43.65,43.55,43.14,6276,2.71,140, 3847, 61.30
GLOBE, EQ, 29-Jun-2022,7.1,7.05,7.1,6.9, 7.00,6.95,7.01,318670,22.34,499, 197676, 62.03
GLOBUSSPR, EQ, 29-Jun-2022,923.7,913.7,942.0,909.1, 924.50,929.5,924.46,30691,283.73,2866, 13411, 43.70
GLS, EQ, 29-Jun-2022,443.9,446.0,446.0,440.0, 440.00,440.5,442.56,21262,94.1,1240, 14818, 69.69
GMBREW, EQ, 29-Jun-2022,596.45,594.0,602.9,591.6, 595.10,596.2,596.44,13789,82.24,995, 7423, 53.83
GMDCLTD, EQ, 29-Jun-2022,136.25,134.5,143.4,133.7, 139.80,139.95,140.26,3085654,4327.94,21742, 814562, 26.40
GMMPFAUDLR, EQ, 29-Jun-2022,4212.85,4212.85,4348.8,4170.15, 4235.00,4255.2,4287.28,27637,1184.88,8672, 12644, 45.75
GMRINFRA, EQ, 29-Jun-2022,34.9,34.75,34.95,34.5, 34.75,34.65,34.66,3199376,1109.06,38552, 1075160, 33.61
GMRP&UI, EQ, 29-Jun-2022,20.6,20.65,20.75,20.15, 20.35,20.4,20.51,149362,30.64,979, 101437, 67.91
GNA, EQ, 29-Jun-2022,504.45,505.0,509.5,502.5, 505.00,503.7,505.73,18457,93.34,1206, 9755, 52.85
GNFC, EQ, 29-Jun-2022,601.2,590.0,594.0,578.05, 583.05,585.4,584.1,1831399,10697.24,36245, 352285, 19.24
GOACARBON, EQ, 29-Jun-2022,379.05,371.0,389.0,370.1, 377.50,377.35,380.81,30486,116.09,2875, 12361, 40.55
GOCLCORP, EQ, 29-Jun-2022,260.2,261.0,267.6,261.0, 265.90,264.1,263.87,27454,72.44,426, 22017, 80.20
GOCOLORS, EQ, 29-Jun-2022,1004.05,989.9,1005.45,989.4, 998.00,994.0,998.4,9529,95.14,1533, 4394, 46.11
GODFRYPHLP, EQ, 29-Jun-2022,1081.35,1081.35,1081.35,1064.5, 1074.85,1068.75,1071.64,8485,90.93,1642, 4326, 50.98
GODHA, EQ, 29-Jun-2022,8.1,7.7,8.4,7.7, 8.40,8.35,8.28,2748277,227.55,1204, 1701743, 61.92
GODREJAGRO, EQ, 29-Jun-2022,505.1,501.0,507.6,501.0, 503.30,502.6,504.18,32172,162.2,1995, 12687, 39.43
GODREJCP, EQ, 29-Jun-2022,794.1,785.0,788.0,764.1, 764.60,766.9,772.22,1306038,10085.5,63733, 672298, 51.48
GODREJIND, EQ, 29-Jun-2022,425.85,425.15,439.95,425.15, 439.00,438.15,433.93,75783,328.85,4409, 25838, 34.09
GODREJPROP, EQ, 29-Jun-2022,1206.8,1180.15,1217.0,1180.15, 1206.00,1211.35,1204.92,554007,6675.31,23969, 175681, 31.71
GOKEX, EQ, 29-Jun-2022,354.3,349.75,354.65,346.0, 346.55,348.85,350.59,160325,562.08,13061, 82940, 51.73
GOKUL, EQ, 29-Jun-2022,31.2,30.65,31.4,30.2, 30.65,30.95,30.81,123179,37.95,1847, 50742, 41.19
GOKULAGRO, EQ, 29-Jun-2022,99.0,100.1,101.0,95.65, 97.10,97.05,97.55,120750,117.79,1917, 74898, 62.03
GOLDBEES, EQ, 29-Jun-2022,43.8,44.04,44.04,43.55, 43.77,43.76,43.79,1372013,600.77,10526, 1027561, 74.89
GOLDIAM, EQ, 29-Jun-2022,140.2,138.1,144.75,136.2, 139.60,139.65,140.75,85072,119.74,2614, 37493, 44.07
GOLDSHARE, EQ, 29-Jun-2022,43.75,43.9,43.9,43.5, 43.55,43.6,43.63,39436,17.21,407, 25523, 64.72
GOLDTECH, EQ, 29-Jun-2022,46.4,46.85,47.45,45.35, 46.50,46.3,46.52,10715,4.98,209, 6714, 62.66
GOODLUCK, EQ, 29-Jun-2022,277.85,280.0,289.85,274.05, 277.50,277.0,279.33,47505,132.7,2047, 31888, 67.13
GOODYEAR, EQ, 29-Jun-2022,1029.0,1028.0,1030.0,1019.6, 1029.00,1027.45,1027.2,12225,125.58,1470, 7016, 57.39
GPIL, EQ, 29-Jun-2022,258.55,257.7,260.0,232.7, 254.00,254.75,253.96,254459,646.22,5336, 103840, 40.81
GPPL, EQ, 29-Jun-2022,73.2,72.7,72.95,72.05, 72.60,72.5,72.49,822066,595.91,9066, 706340, 85.92
GPTINFRA, EQ, 29-Jun-2022,80.1,79.0,82.85,78.5, 82.85,80.45,80.4,13952,11.22,310, 8433, 60.44
GRANULES, EQ, 29-Jun-2022,275.25,272.95,277.85,270.05, 276.50,276.75,276.01,1314134,3627.17,18658, 301643, 22.95
GRAPHITE, EQ, 29-Jun-2022,393.3,389.0,394.55,386.95, 388.00,388.8,390.68,184364,720.27,7374, 53891, 29.23
GRASIM, EQ, 29-Jun-2022,1343.05,1330.4,1359.9,1318.8, 1326.25,1323.25,1335.3,1549975,20696.78,42218, 756499, 48.81
GRAUWEIL, EQ, 29-Jun-2022,59.5,58.7,58.95,57.15, 58.30,58.2,58.33,250067,145.85,2289, 89137, 35.65
GRAVITA, EQ, 29-Jun-2022,284.4,287.8,293.8,276.0, 286.05,286.4,287.25,89641,257.49,2859, 50361, 56.18
GREAVESCOT, EQ, 29-Jun-2022,150.45,148.0,153.6,147.2, 151.75,152.3,151.58,2080210,3153.1,10285, 1258598, 60.50
GREENLAM, EQ, 29-Jun-2022,330.5,327.9,329.95,310.0, 312.30,312.2,320.0,24727,79.13,2835, 11270, 45.58
GREENPANEL, EQ, 29-Jun-2022,425.55,424.0,435.75,424.0, 426.00,426.7,429.59,232774,999.98,10935, 146951, 63.13
GREENPLY, EQ, 29-Jun-2022,171.45,171.05,172.6,168.55, 170.00,171.45,170.86,63091,107.8,3227, 44361, 70.31
GREENPOWER, EQ, 29-Jun-2022,8.2,8.2,8.6,8.1, 8.60,8.6,8.44,1546061,130.55,2096, 1244807, 80.51
GRINDWELL, EQ, 29-Jun-2022,1638.85,1638.85,1699.0,1605.35, 1685.00,1692.25,1676.62,42846,718.36,6907, 22382, 52.24
GRINFRA, EQ, 29-Jun-2022,1113.2,1099.0,1138.0,1095.0, 1095.00,1099.2,1116.93,7893,88.16,1685, 3248, 41.15
GROBTEA, EQ, 29-Jun-2022,838.3,805.55,848.8,805.1, 844.90,847.05,827.15,172,1.42,47, 130, 75.58
GRPLTD, EQ, 29-Jun-2022,1308.8,1315.0,1319.15,1275.6, 1294.55,1291.85,1296.36,600,7.78,137, 161, 26.83
GRSE, EQ, 29-Jun-2022,238.85,235.8,237.0,230.75, 231.50,231.7,233.29,131623,307.07,4218, 55826, 42.41
GRWRHITECH, EQ, 29-Jun-2022,680.25,675.9,686.15,668.0, 675.00,672.8,676.72,4991,33.77,294, 4169, 83.53
GSCLCEMENT, EQ, 29-Jun-2022,32.55,32.1,34.2,32.0, 33.55,33.65,33.63,69506,23.38,827, 37222, 53.55
GSFC, EQ, 29-Jun-2022,141.35,139.7,139.8,137.7, 138.35,138.35,138.63,816424,1131.79,20183, 326363, 39.97
GSPL, EQ, 29-Jun-2022,213.75,212.0,219.4,210.45, 215.65,216.4,217.13,1040403,2258.98,14036, 278407, 26.76
GSS, EQ, 29-Jun-2022,216.05,216.4,216.4,215.1, 216.20,215.85,215.8,14471,31.23,161, 12006, 82.97
GTL, EQ, 29-Jun-2022,8.8,8.75,8.85,8.45, 8.85,8.7,8.66,313226,27.14,1053, 231403, 73.88
GTLINFRA, EQ, 29-Jun-2022,1.1,1.1,1.15,1.05, 1.10,1.1,1.09,29089418,317.16,31083, 18953681, 65.16
GTPL, EQ, 29-Jun-2022,144.9,144.75,145.35,142.7, 143.25,143.8,143.79,14981,21.54,620, 10565, 70.52
GUFICBIO, EQ, 29-Jun-2022,227.0,226.7,228.8,223.1, 227.00,227.8,226.55,29439,66.69,1231, 13589, 46.16
GUJALKALI, EQ, 29-Jun-2022,706.3,698.9,718.7,691.4, 702.00,702.45,705.66,300457,2120.21,12241, 75792, 25.23
GUJAPOLLO, EQ, 29-Jun-2022,200.75,200.9,203.5,198.0, 198.05,200.2,200.37,1011,2.03,59, 774, 76.56
GUJGASLTD, EQ, 29-Jun-2022,435.7,426.5,432.75,416.2, 418.00,419.45,424.09,1136195,4818.51,21463, 438634, 38.61
GULFOILLUB, EQ, 29-Jun-2022,403.75,403.75,406.85,395.2, 397.10,398.5,400.8,12229,49.01,1121, 5572, 45.56
GULFPETRO, EQ, 29-Jun-2022,44.8,44.7,45.45,41.5, 43.15,43.25,44.11,34272,15.12,726, 15052, 43.92
GULPOLY, EQ, 29-Jun-2022,244.9,244.9,251.0,240.2, 250.00,245.85,245.93,44841,110.28,2083, 24051, 53.64
HAL, EQ, 29-Jun-2022,1800.15,1779.1,1801.8,1776.0, 1781.50,1783.7,1786.59,550425,9833.82,16772, 354881, 64.47
HAPPSTMNDS, EQ, 29-Jun-2022,861.75,846.75,853.35,839.0, 840.00,841.85,847.19,178379,1511.22,15185, 82815, 46.43
HARDWYN, EQ, 29-Jun-2022,241.35,249.85,249.9,232.0, 236.80,235.6,242.82,2664,6.47,237, 1414, 53.08
HARIOMPIPE, EQ, 29-Jun-2022,197.35,196.5,198.4,190.0, 192.50,191.2,194.43,84890,165.05,3269, 45987, 54.17
HARRMALAYA, EQ, 29-Jun-2022,142.4,140.7,149.45,139.95, 145.50,144.3,146.15,95543,139.63,2746, 35099, 36.74
HATHWAY, EQ, 29-Jun-2022,16.85,16.5,16.9,16.5, 16.80,16.75,16.74,600657,100.55,2213, 258996, 43.12
HATSUN, EQ, 29-Jun-2022,924.1,912.15,917.55,894.9, 907.00,902.1,906.12,5430,49.2,1405, 2425, 44.66
HAVELLS, EQ, 29-Jun-2022,1106.55,1085.2,1109.0,1084.0, 1098.00,1098.6,1100.98,933631,10279.12,25535, 555066, 59.45
HBANKETF, EQ, 29-Jun-2022,338.41,335.65,336.16,333.61, 335.20,335.07,335.26,678,2.27,74, 631, 93.07
HBLPOWER, EQ, 29-Jun-2022,91.9,90.0,93.2,89.7, 91.65,91.8,91.82,2831466,2599.72,13383, 696398, 24.59
HBSL, EQ, 29-Jun-2022,38.65,39.45,39.95,38.25, 38.60,39.0,39.14,1899,0.74,102, 1226, 64.56
HCC, EQ, 29-Jun-2022,12.5,12.4,12.6,12.1, 12.15,12.25,12.41,2775475,344.51,2892, 1034939, 37.29
HCG, EQ, 29-Jun-2022,294.7,297.35,297.35,280.0, 284.55,281.7,286.55,165587,474.49,3133, 95209, 57.50
HCL-INSYS, EQ, 29-Jun-2022,16.2,16.1,16.55,15.9, 16.20,16.15,16.3,259573,42.3,1221, 156688, 60.36
HCLTECH, EQ, 29-Jun-2022,1001.95,985.1,1000.25,985.0, 985.90,987.55,991.91,3150015,31245.28,119768, 2083227, 66.13
HDFC, EQ, 29-Jun-2022,2180.85,2168.0,2189.95,2164.1, 2172.80,2177.15,2177.07,2137621,46537.52,96248, 1429545, 66.88
HDFCAMC, EQ, 29-Jun-2022,1750.1,1769.7,1774.65,1737.85, 1740.00,1744.85,1756.81,557376,9792.04,31523, 130617, 23.43
HDFCBANK, EQ, 29-Jun-2022,1345.9,1331.25,1350.75,1331.25, 1343.80,1343.95,1343.41,4997023,67130.41,155488, 3198246, 64.00
HDFCLIFE, EQ, 29-Jun-2022,565.95,558.5,561.55,538.75, 539.50,541.25,546.64,4268386,23332.61,115644, 2123934, 49.76
HDFCMFGETF, EQ, 29-Jun-2022,45.08,45.15,45.19,44.91, 45.00,45.04,45.14,9097940,4107.01,954, 8918299, 98.03
HDFCNIFETF, EQ, 29-Jun-2022,170.73,170.5,170.95,169.3, 170.14,170.15,170.14,7978,13.57,259, 6158, 77.19
HDFCSENETF, EQ, 29-Jun-2022,575.72,570.05,576.8,570.05, 576.00,576.48,574.64,1442,8.29,147, 1157, 80.24
HEALTHY, EQ, 29-Jun-2022,7.58,7.58,7.59,7.4, 7.57,7.56,7.55,6191,0.47,234, 5055, 81.65
HECPROJECT, EQ, 29-Jun-2022,25.45,24.2,26.4,23.6, 24.25,24.25,24.57,1705,0.42,63, 423, 24.81
HEG, EQ, 29-Jun-2022,1033.05,1015.0,1032.0,1008.0, 1011.00,1012.2,1019.42,87091,887.82,7763, 22518, 25.86
HEIDELBERG, EQ, 29-Jun-2022,174.6,174.25,176.15,172.05, 174.50,174.8,174.79,71981,125.81,1850, 55464, 77.05
HEMIPROP, EQ, 29-Jun-2022,105.45,105.0,111.75,104.3, 106.20,106.3,107.91,2775672,2995.31,22167, 764773, 27.55
HERANBA, EQ, 29-Jun-2022,541.65,541.65,561.9,538.0, 551.10,551.3,549.56,25485,140.05,2050, 11590, 45.48
HERCULES, EQ, 29-Jun-2022,125.55,125.0,126.75,121.0, 123.80,123.3,124.1,8794,10.91,338, 4469, 50.82
HERITGFOOD, EQ, 29-Jun-2022,269.9,266.15,269.7,266.15, 267.60,268.2,268.01,9949,26.66,739, 5609, 56.38
HEROMOTOCO, EQ, 29-Jun-2022,2766.7,2740.05,2784.75,2730.0, 2754.00,2752.4,2760.5,653929,18051.74,44558, 309569, 47.34
HESTERBIO, EQ, 29-Jun-2022,2022.65,2018.9,2080.05,2005.0, 2050.00,2058.95,2038.78,7122,145.2,548, 5764, 80.93
HEXATRADEX, EQ, 29-Jun-2022,165.7,164.4,168.9,164.05, 168.00,167.6,167.23,34332,57.41,216, 24838, 72.35
HFCL, EQ, 29-Jun-2022,56.5,55.8,57.95,55.2, 56.25,56.35,56.72,4270957,2422.58,14399, 1117641, 26.17
HGINFRA, EQ, 29-Jun-2022,523.4,529.0,529.0,515.75, 519.00,519.05,520.51,48716,253.57,4946, 23836, 48.93
HGS, EQ, 29-Jun-2022,1088.7,1072.35,1093.0,1062.55, 1075.30,1084.3,1085.77,136187,1478.67,3959, 105817, 77.70
HIKAL, EQ, 29-Jun-2022,255.5,253.75,263.5,246.25, 246.75,249.05,253.42,6232035,15793.07,39127, 3315401, 53.20
HIL, EQ, 29-Jun-2022,3385.4,3373.95,3525.0,3366.1, 3525.00,3514.25,3490.64,9510,331.96,1859, 4814, 50.62
HILTON, EQ, 29-Jun-2022,33.85,34.75,35.5,34.75, 35.50,35.5,35.5,5310,1.88,29, 5310, 100.00
HIMATSEIDE, EQ, 29-Jun-2022,96.9,96.9,111.5,96.2, 107.00,107.55,107.95,3011529,3250.82,35754, 399141, 13.25
HINDALCO, EQ, 29-Jun-2022,343.55,339.45,345.6,335.05, 344.95,344.15,341.45,12659696,43226.76,137202, 3581675, 28.29
HINDCOMPOS, EQ, 29-Jun-2022,266.1,266.1,266.25,259.5, 260.60,262.2,261.89,3358,8.79,140, 1982, 59.02
HINDCON, EQ, 29-Jun-2022,55.05,56.15,56.15,54.05, 54.40,54.7,54.81,2688,1.47,97, 1697, 63.13
HINDCOPPER, EQ, 29-Jun-2022,90.2,89.15,90.5,88.0, 88.85,89.2,89.36,2855088,2551.36,12667, 496399, 17.39
HINDOILEXP, EQ, 29-Jun-2022,194.15,193.2,199.85,191.05, 192.60,193.45,195.73,2443183,4782.0,27394, 418826, 17.14
HINDPETRO, EQ, 29-Jun-2022,222.35,221.5,224.7,219.2, 223.75,224.0,222.24,3226491,7170.7,39936, 1347469, 41.76
HINDUNILVR, EQ, 29-Jun-2022,2317.65,2296.2,2299.9,2225.0, 2233.65,2233.45,2251.55,1682914,37891.65,89339, 1072583, 63.73
HINDWAREAP, EQ, 29-Jun-2022,281.7,283.9,283.9,278.25, 278.55,279.4,280.29,29782,83.48,1273, 23278, 78.16
HINDZINC, EQ, 29-Jun-2022,251.2,250.5,257.0,248.5, 253.25,253.5,253.78,491018,1246.08,10116, 161523, 32.90
HIRECT, EQ, 29-Jun-2022,177.8,177.05,182.0,175.05, 177.80,180.15,178.66,2640,4.72,67, 2051, 77.69
HISARMETAL, EQ, 29-Jun-2022,122.35,122.95,123.0,115.0, 115.10,116.45,118.41,18613,22.04,1067, 8406, 45.16
HITECH, EQ, 29-Jun-2022,508.1,500.5,522.0,491.3, 498.50,504.35,509.52,73049,372.2,3282, 23012, 31.50
HITECHCORP, EQ, 29-Jun-2022,233.8,229.25,235.25,227.7, 235.10,233.85,232.72,3229,7.51,375, 1616, 50.05
HITECHGEAR, EQ, 29-Jun-2022,191.35,190.95,191.85,184.0, 184.00,186.35,187.46,3358,6.29,362, 1266, 37.70
HLEGLAS, EQ, 29-Jun-2022,3281.5,3297.0,3328.0,3283.95, 3299.00,3295.15,3302.49,2574,85.01,1006, 1272, 49.42
HLVLTD, EQ, 29-Jun-2022,8.9,9.2,10.65,8.75, 9.80,10.15,10.07,1458999,146.85,1916, 770458, 52.81
HMVL, EQ, 29-Jun-2022,52.3,52.3,53.45,51.5, 53.35,52.1,52.42,46193,24.21,422, 35262, 76.34
HNDFDS, EQ, 29-Jun-2022,1731.4,1751.0,1800.0,1718.6, 1751.00,1767.9,1764.08,3045,53.72,672, 1792, 58.85
HNGSNGBEES, EQ, 29-Jun-2022,298.63,299.69,299.69,296.0, 297.00,297.1,297.64,1273,3.79,90, 1222, 95.99
HOMEFIRST, EQ, 29-Jun-2022,739.65,739.65,745.9,727.0, 734.00,739.65,738.41,15815,116.78,3041, 8191, 51.79
HONAUT, EQ, 29-Jun-2022,34507.7,34457.95,34507.3,33266.0, 33387.95,33583.5,33996.5,2440,829.51,1246, 1335, 54.71
HONDAPOWER, EQ, 29-Jun-2022,1416.15,1420.05,1523.3,1420.05, 1468.00,1475.45,1483.87,27421,406.89,3567, 3951, 14.41
HOVS, EQ, 29-Jun-2022,48.3,49.15,49.4,47.5, 48.00,47.7,48.24,2981,1.44,112, 1466, 49.18
HPAL, EQ, 29-Jun-2022,362.0,362.0,364.95,358.05, 360.45,360.3,361.67,6711,24.27,865, 3845, 57.29
HPL, EQ, 29-Jun-2022,58.0,58.0,59.5,58.0, 58.05,58.15,58.46,32558,19.03,685, 14455, 44.40
HSCL, EQ, 29-Jun-2022,60.8,60.1,61.1,59.6, 59.85,59.95,60.36,1952433,1178.42,6429, 545947, 27.96
HTMEDIA, EQ, 29-Jun-2022,19.6,19.6,20.6,19.3, 19.70,19.75,20.01,400912,80.23,3357, 204280, 50.95
HUBTOWN, EQ, 29-Jun-2022,60.05,61.0,63.05,59.3, 63.05,63.05,62.74,195916,122.93,908, 92998, 47.47
HUDCO, EQ, 29-Jun-2022,34.55,34.25,35.2,34.0, 34.75,34.8,34.7,581724,201.89,3548, 277179, 47.65
HUHTAMAKI, EQ, 29-Jun-2022,169.75,168.9,170.95,167.3, 167.30,167.8,168.86,19412,32.78,844, 13280, 68.41
IBMFNIFTY, EQ, 29-Jun-2022,166.09,171.07,171.07,165.15, 169.00,168.85,168.57,170,0.29,40, 68, 40.00
IBREALEST, EQ, 29-Jun-2022,65.55,64.5,65.25,63.05, 63.20,63.55,64.2,4176190,2680.99,26831, 1247902, 29.88
IBULHSGFIN, EQ, 29-Jun-2022,102.25,100.9,101.7,96.85, 97.50,97.75,98.48,20102305,19797.17,100621, 4158766, 20.69
ICEMAKE, EQ, 29-Jun-2022,117.8,115.0,118.85,114.25, 115.15,116.1,116.76,23941,27.95,481, 14448, 60.35
ICICI500, EQ, 29-Jun-2022,22.36,22.75,22.75,21.9, 22.45,22.4,22.41,14708,3.3,260, 10052, 68.34
ICICI5GSEC, EQ, 29-Jun-2022,50.01,50.5,50.99,50.01, 50.01,50.01,50.51,102,0.05,14, 23, 22.55
ICICIALPLV, EQ, 29-Jun-2022,153.53,154.48,154.48,147.3, 152.18,152.4,152.94,27278,41.72,181, 16343, 59.91
ICICIAUTO, EQ, 29-Jun-2022,118.88,118.6,119.1,117.35, 118.96,119.01,118.36,56283,66.62,261, 37599, 66.80
ICICIB22, EQ, 29-Jun-2022,46.08,40.1,48.07,40.1, 46.05,46.18,45.93,74450,34.19,647, 48878, 65.65
ICICIBANK, EQ, 29-Jun-2022,710.3,704.95,706.7,700.95, 702.50,702.75,703.5,9570557,67329.09,157875, 6514448, 68.07
ICICIBANKN, EQ, 29-Jun-2022,336.23,332.55,333.95,332.06, 332.56,332.73,332.99,3603,12.0,72, 3262, 90.54
ICICIBANKP, EQ, 29-Jun-2022,167.26,166.88,166.88,165.0, 165.58,165.47,165.7,10005,16.58,106, 6993, 69.90
ICICICONSU, EQ, 29-Jun-2022,68.19,68.0,68.02,67.31, 67.87,67.92,67.8,188,0.13,24, 103, 54.79
ICICIFMCG, EQ, 29-Jun-2022,388.28,387.0,387.0,382.19, 383.80,384.09,384.19,1981,7.61,80, 1763, 89.00
ICICIGI, EQ, 29-Jun-2022,1118.25,1104.0,1123.5,1104.0, 1107.50,1111.6,1114.04,392085,4367.97,25249, 270077, 68.88
ICICIGOLD, EQ, 29-Jun-2022,45.15,44.91,45.2,44.91, 44.91,44.95,45.02,49794,22.42,1289, 29962, 60.17
ICICILIQ, EQ, 29-Jun-2022,999.99,1000.0,1001.99,999.1, 1000.00,999.99,1000.0,29293,292.93,71, 28063, 95.80
ICICILOVOL, EQ, 29-Jun-2022,129.65,146.0,146.0,128.33, 128.60,128.79,129.15,275141,355.36,443, 241371, 87.73
ICICIM150, EQ, 29-Jun-2022,102.52,102.52,102.8,101.5, 102.25,102.45,102.48,4306,4.41,180, 3621, 84.09
ICICIMCAP, EQ, 29-Jun-2022,92.74,90.15,93.43,90.15, 92.19,92.14,92.03,4091,3.76,183, 1491, 36.45
ICICINF100, EQ, 29-Jun-2022,174.77,174.9,174.9,171.19, 174.00,174.1,174.03,2790,4.86,178, 1661, 59.53
ICICINIFTY, EQ, 29-Jun-2022,171.76,171.76,171.76,170.0, 170.70,170.84,170.82,301213,514.53,2025, 264686, 87.87
ICICINV20, EQ, 29-Jun-2022,88.01,96.8,96.8,82.01, 87.60,87.82,87.86,8932,7.85,541, 5649, 63.24
ICICINXT50, EQ, 29-Jun-2022,37.98,37.03,38.27,36.84, 37.83,37.77,37.83,152919,57.85,496, 105548, 69.02
ICICIPHARM, EQ, 29-Jun-2022,76.09,74.19,76.79,74.19, 75.89,75.73,75.85,6503,4.93,61, 6316, 97.12
ICICIPRULI, EQ, 29-Jun-2022,490.65,486.75,492.35,475.0, 484.80,482.65,482.83,1607478,7761.34,30806, 725870, 45.16
ICICISENSX, EQ, 29-Jun-2022,583.31,581.3,583.35,578.3, 578.30,580.86,580.83,499,2.9,91, 333, 66.73
ICICISILVE, EQ, 29-Jun-2022,62.56,62.0,62.0,61.3, 61.40,61.42,61.53,134429,82.71,830, 121493, 90.38
ICICITECH, EQ, 29-Jun-2022,291.65,290.0,292.15,289.0, 289.84,290.44,290.47,40025,116.26,518, 22959, 57.36
ICIL, EQ, 29-Jun-2022,136.85,136.5,138.3,133.55, 134.00,134.05,136.18,273888,372.99,4967, 124594, 45.49
ICRA, EQ, 29-Jun-2022,3723.75,3720.05,3739.2,3720.0, 3729.00,3731.8,3720.06,20136,749.07,58, 20094, 99.79
IDBI, EQ, 29-Jun-2022,31.25,31.1,31.25,30.65, 30.95,30.8,30.87,4292468,1324.92,8049, 2034278, 47.39
IDBIGOLD, EQ, 29-Jun-2022,4695.8,4708.8,4720.0,4691.45, 4699.95,4709.95,4702.23,11,0.52,8, 5, 45.45
IDEA, EQ, 29-Jun-2022,8.85,8.7,8.85,8.55, 8.55,8.65,8.73,78915156,6885.55,124132, 21500870, 27.25
IDFC, EQ, 29-Jun-2022,49.75,48.15,50.15,48.15, 49.70,49.95,49.48,5554131,2748.0,9249, 1469265, 26.45
IDFCFIRSTB, EQ, 29-Jun-2022,32.0,31.5,31.95,31.2, 31.60,31.65,31.57,33239529,10495.07,29630, 8645092, 26.01
IDFNIFTYET, EQ, 29-Jun-2022,165.7,165.3,169.15,165.3, 168.95,168.95,167.94,38,0.06,7, 35, 92.11
IEX, EQ, 29-Jun-2022,167.15,165.0,165.3,159.75, 161.00,161.3,161.42,19550863,31559.93,148378, 10393679, 53.16
IFBAGRO, EQ, 29-Jun-2022,550.65,548.0,556.7,542.0, 542.20,545.05,548.68,1674,9.18,263, 1105, 66.01
IFBIND, EQ, 29-Jun-2022,920.25,910.0,929.05,891.05, 896.00,901.15,915.72,14756,135.12,1625, 5294, 35.88
IFCI, EQ, 29-Jun-2022,8.9,8.9,8.95,8.8, 8.85,8.85,8.88,974144,86.46,3116, 527458, 54.15
IFGLEXPOR, EQ, 29-Jun-2022,266.0,268.95,274.5,257.15, 272.50,270.8,270.12,8685,23.46,408, 5282, 60.82
IGARASHI, EQ, 29-Jun-2022,286.65,284.85,291.5,281.8, 285.50,288.5,288.11,96744,278.73,2087, 27655, 28.59
IGL, EQ, 29-Jun-2022,367.7,363.75,367.5,359.6, 363.00,364.25,362.74,1842655,6684.06,28192, 742141, 40.28
IGPL, EQ, 29-Jun-2022,605.5,602.0,612.8,592.1, 592.20,599.1,604.54,9187,55.54,1221, 4364, 47.50
IIFL, EQ, 29-Jun-2022,319.85,318.5,322.0,313.0, 320.00,320.4,318.42,456669,1454.12,6867, 241423, 52.87
IIFLSEC, EQ, 29-Jun-2022,69.55,68.5,70.0,68.35, 69.70,69.35,69.23,74724,51.73,1362, 43319, 57.97
IIFLWAM, EQ, 29-Jun-2022,1430.15,1416.0,1450.0,1415.0, 1421.00,1437.55,1432.9,11431,163.8,1802, 6815, 59.62
IITL, EQ, 29-Jun-2022,98.75,94.75,94.75,94.4, 94.40,94.4,94.49,421,0.4,17, 293, 69.60
IMAGICAA, EQ, 29-Jun-2022,18.15,19.05,19.05,18.55, 19.05,19.05,19.02,760024,144.58,540, 518207, 68.18
IMFA, EQ, 29-Jun-2022,272.45,269.05,275.5,260.0, 270.00,269.75,270.84,50629,137.12,2786, 23097, 45.62
IMPAL, EQ, 29-Jun-2022,775.3,783.0,783.0,770.05, 770.40,771.45,776.79,636,4.94,137, 197, 30.97
INCREDIBLE, EQ, 29-Jun-2022,19.65,19.95,20.25,18.8, 19.55,19.65,19.66,7788,1.53,80, 2122, 27.25
INDBANK, EQ, 29-Jun-2022,19.15,19.15,19.4,18.55, 18.90,18.85,19.04,56187,10.7,500, 27426, 48.81
INDHOTEL, EQ, 29-Jun-2022,229.0,225.9,232.4,224.9, 231.75,231.75,230.01,5092088,11712.12,33917, 2670353, 52.44
INDIACEM, EQ, 29-Jun-2022,156.8,154.6,163.7,154.05, 161.50,161.8,161.7,4193063,6780.09,21616, 523566, 12.49
INDIAGLYCO, EQ, 29-Jun-2022,718.85,714.95,754.8,708.95, 750.50,750.35,739.35,193729,1432.34,10206, 63073, 32.56
INDIAMART, EQ, 29-Jun-2022,4073.4,4025.0,4025.0,3890.15, 3909.50,3910.15,3926.5,273226,10728.22,29162, 78400, 28.69
INDIANB, EQ, 29-Jun-2022,153.05,151.0,151.8,149.4, 149.60,150.05,150.67,416104,626.95,5404, 125890, 30.25
INDIANCARD, EQ, 29-Jun-2022,281.9,285.0,288.9,267.9, 271.80,270.7,278.12,53420,148.57,1968, 34270, 64.15
INDIANHUME, EQ, 29-Jun-2022,145.35,142.4,147.3,142.4, 144.00,143.45,144.42,13350,19.28,605, 8057, 60.35
INDIGO, EQ, 29-Jun-2022,1637.9,1620.0,1638.7,1604.0, 1616.65,1615.2,1620.42,747275,12109.01,28931, 284863, 38.12
INDIGOPNTS, EQ, 29-Jun-2022,1393.3,1386.4,1414.9,1373.95, 1392.00,1397.2,1397.33,9856,137.72,2350, 3484, 35.35
INDNIPPON, EQ, 29-Jun-2022,386.5,386.0,389.0,376.0, 377.60,379.75,382.0,11844,45.24,995, 4491, 37.92
INDOAMIN, EQ, 29-Jun-2022,79.75,80.0,80.6,78.05, 79.90,79.4,79.37,10882,8.64,586, 5494, 50.49
INDOBORAX, EQ, 29-Jun-2022,111.65,107.0,114.7,107.0, 114.00,113.45,112.1,18000,20.18,533, 12329, 68.49
INDOCO, EQ, 29-Jun-2022,372.35,374.0,375.9,366.7, 370.00,369.75,370.29,80600,298.45,4548, 67477, 83.72
INDORAMA, EQ, 29-Jun-2022,63.8,63.7,64.0,62.2, 62.40,63.0,63.21,33471,21.16,602, 14875, 44.44
INDOSTAR, EQ, 29-Jun-2022,138.55,140.8,140.8,135.0, 138.50,137.3,137.89,9302,12.83,389, 5713, 61.42
INDOTECH, EQ, 29-Jun-2022,179.1,176.9,182.8,175.0, 178.00,178.25,178.17,7759,13.82,306, 4201, 54.14
INDOTHAI, EQ, 29-Jun-2022,163.8,160.0,160.0,155.65, 155.65,155.75,156.27,4978,7.78,135, 3326, 66.81
INDRAMEDCO, EQ, 29-Jun-2022,56.3,55.65,56.2,55.4, 55.95,55.6,55.75,22056,12.3,328, 14763, 66.93
INDSWFTLAB, EQ, 29-Jun-2022,59.2,59.15,59.5,58.0, 58.20,58.4,58.98,6843,4.04,190, 4872, 71.20
INDSWFTLTD, EQ, 29-Jun-2022,11.0,11.2,11.2,10.6, 11.10,10.75,10.83,14106,1.53,95, 8071, 57.22
INDTERRAIN, EQ, 29-Jun-2022,43.95,43.95,44.75,43.15, 43.35,43.5,43.84,19657,8.62,341, 7858, 39.98
INDUSINDBK, EQ, 29-Jun-2022,816.6,805.0,817.35,788.2, 811.00,808.8,800.05,3774208,30195.65,73289, 929177, 24.62
INDUSTOWER, EQ, 29-Jun-2022,207.85,206.2,209.25,201.7, 202.30,202.9,204.4,5758687,11770.74,29830, 3118347, 54.15
INEOSSTYRO, EQ, 29-Jun-2022,772.25,767.5,772.0,755.0, 756.50,755.65,761.92,36547,278.46,5318, 25830, 70.68
INFIBEAM, EQ, 29-Jun-2022,13.35,13.25,13.25,13.1, 13.20,13.15,13.18,953138,125.6,2429, 620551, 65.11
INFOBEAN, EQ, 29-Jun-2022,652.45,642.4,655.0,635.05, 640.00,639.4,646.57,8787,56.81,1183, 4974, 56.61
INFRABEES, EQ, 29-Jun-2022,478.99,476.0,482.91,473.25, 481.65,482.24,479.26,480,2.3,73, 300, 62.50
INFY, EQ, 29-Jun-2022,1480.15,1464.7,1477.0,1457.0, 1464.00,1463.25,1468.07,5060038,74285.09,143914, 3907677, 77.23
INGERRAND, EQ, 29-Jun-2022,1457.55,1445.6,1455.6,1430.5, 1436.05,1445.55,1441.84,2832,40.83,677, 1572, 55.51
INOXLEISUR, EQ, 29-Jun-2022,507.5,505.0,509.0,502.5, 508.00,507.55,506.56,308461,1562.53,8191, 120656, 39.12
INOXWIND, EQ, 29-Jun-2022,80.9,80.55,83.65,80.1, 81.15,81.5,81.89,124741,102.15,2882, 63832, 51.17
INSECTICID, EQ, 29-Jun-2022,861.5,848.0,864.0,833.3, 835.00,840.95,845.61,27221,230.18,3322, 13101, 48.13
INTELLECT, EQ, 29-Jun-2022,666.0,658.0,664.0,644.8, 645.00,647.8,653.82,176015,1150.82,7021, 47540, 27.01
INTENTECH, EQ, 29-Jun-2022,67.25,67.0,70.5,66.95, 69.95,69.35,68.86,38920,26.8,650, 23362, 60.03
INTLCONV, EQ, 29-Jun-2022,59.9,60.0,62.7,59.25, 61.50,61.65,61.55,207903,127.95,3223, 80670, 38.80
INVENTURE, EQ, 29-Jun-2022,2.7,2.65,2.8,2.65, 2.70,2.7,2.72,1649309,44.85,1812, 922550, 55.94
IOB, EQ, 29-Jun-2022,16.9,16.8,16.95,16.6, 16.70,16.65,16.76,812316,136.15,2592, 414573, 51.04
IOC, EQ, 29-Jun-2022,108.3,108.6,110.05,108.0, 109.85,109.8,109.24,12602600,13767.43,74430, 6471436, 51.35
IOLCP, EQ, 29-Jun-2022,334.8,328.0,339.0,328.0, 331.90,330.2,333.0,199202,663.34,8968, 57767, 29.00
IONEXCHANG, EQ, 29-Jun-2022,1766.0,1772.95,1785.6,1750.65, 1764.90,1755.85,1763.82,5635,99.39,1946, 3788, 67.22
IPCALAB, EQ, 29-Jun-2022,902.05,900.8,906.6,881.1, 892.45,896.9,892.54,404541,3610.7,21390, 160450, 39.66
IPL, EQ, 29-Jun-2022,249.0,249.4,249.95,244.45, 249.00,248.6,247.55,29042,71.89,1346, 12806, 44.09
IRB, EQ, 29-Jun-2022,211.6,208.0,211.9,206.0, 206.25,207.45,208.37,933870,1945.94,8648, 400549, 42.89
IRCON, EQ, 29-Jun-2022,36.35,36.2,36.2,35.9, 36.05,36.0,36.04,323888,116.73,2166, 212482, 65.60
IRCTC, EQ, 29-Jun-2022,620.05,612.0,614.95,597.0, 598.00,601.15,606.94,2143251,13008.19,59901, 751187, 35.05
IRFC, EQ, 29-Jun-2022,19.65,19.55,19.75,19.45, 19.65,19.65,19.63,2911052,571.46,7246, 1608520, 55.26
IRIS, EQ, 29-Jun-2022,80.65,80.1,80.55,78.25, 78.60,78.65,79.49,2812,2.24,131, 1285, 45.70
IRISDOREME, EQ, 29-Jun-2022,204.05,205.2,207.95,201.0, 201.00,203.2,204.5,14777,30.22,700, 704, 4.76
ISEC, EQ, 29-Jun-2022,428.75,424.8,439.7,424.0, 436.40,436.5,434.54,330308,1435.32,23508, 166119, 50.29
ISFT, EQ, 29-Jun-2022,163.4,166.1,166.1,161.1, 161.10,162.95,163.21,7360,12.01,194, 4458, 60.57
ISGEC, EQ, 29-Jun-2022,494.6,489.95,499.0,485.0, 492.90,491.1,491.05,17173,84.33,1539, 7412, 43.16
ISMTLTD, EQ, 29-Jun-2022,51.45,51.35,52.3,50.7, 50.70,50.85,51.39,27557,14.16,215, 17588, 63.82
ITBEES, EQ, 29-Jun-2022,29.33,29.6,29.6,28.5, 29.40,29.01,29.14,959477,279.57,3817, 484889, 50.54
ITC, EQ, 29-Jun-2022,271.85,269.25,275.0,269.15, 273.35,274.05,272.44,16018449,43640.25,100735, 10550310, 65.86
ITDC, EQ, 29-Jun-2022,296.3,295.0,297.0,291.65, 293.80,293.3,293.65,3516,10.32,223, 2196, 62.46
ITDCEM, EQ, 29-Jun-2022,65.3,64.95,66.45,64.1, 65.00,64.8,65.45,222157,145.4,3630, 121959, 54.90
ITI, EQ, 29-Jun-2022,103.5,103.0,105.3,100.5, 101.55,101.9,103.11,1843002,1900.4,13913, 206452, 11.20
IVC, EQ, 29-Jun-2022,6.05,6.05,6.75,5.9, 6.30,6.4,6.3,545608,34.37,737, 331579, 60.77
IVP, EQ, 29-Jun-2022,171.95,169.0,177.6,162.3, 166.00,165.35,171.04,37774,64.61,1197, 19335, 51.19
IVZINGOLD, EQ, 29-Jun-2022,4613.4,4641.0,4641.0,4538.95, 4538.95,4572.8,4578.23,74,3.39,17, 61, 82.43
IVZINNIFTY, EQ, 29-Jun-2022,1729.95,1735.45,1735.45,1735.45, 1735.45,1735.45,1735.45,1,0.02,1, 1, 100.00
IWEL, EQ, 29-Jun-2022,463.4,484.0,485.8,440.3, 459.75,456.1,458.51,320,1.47,65, 137, 42.81
IZMO, EQ, 29-Jun-2022,72.75,73.3,74.5,70.1, 71.00,71.15,72.8,36048,26.24,613, 19293, 53.52
J&KBANK, EQ, 29-Jun-2022,26.1,26.1,26.75,25.8, 25.80,25.9,26.27,1488462,391.01,4379, 642384, 43.16
JAGRAN, EQ, 29-Jun-2022,49.45,49.05,50.45,49.05, 49.20,49.4,49.72,67633,33.63,927, 38096, 56.33
JAGSNPHARM, EQ, 29-Jun-2022,310.25,307.8,323.95,300.0, 301.00,303.8,313.88,60673,190.44,2075, 31718, 52.28
JAIBALAJI, EQ, 29-Jun-2022,39.85,40.0,40.0,39.0, 39.20,39.3,39.33,14167,5.57,262, 8452, 59.66
JAICORPLTD, EQ, 29-Jun-2022,111.2,109.5,124.8,109.05, 117.00,118.05,119.08,11855085,14117.14,75882, 921614, 7.77
JAIPURKURT, EQ, 29-Jun-2022,64.2,62.1,65.9,62.1, 64.00,64.0,64.01,3587,2.3,61, 2122, 59.16
JAMNAAUTO, EQ, 29-Jun-2022,117.65,118.15,126.25,117.5, 120.20,120.95,123.0,9286465,11422.7,60391, 1746988, 18.81
JASH, EQ, 29-Jun-2022,624.6,623.9,665.0,620.0, 658.00,652.25,636.9,8839,56.3,416, 6809, 77.03
JAYAGROGN, EQ, 29-Jun-2022,203.9,196.1,204.2,196.1, 202.00,202.35,200.23,9454,18.93,416, 3632, 38.42
JAYBARMARU, EQ, 29-Jun-2022,141.55,139.95,143.05,138.75, 142.10,142.2,141.64,15236,21.58,382, 9220, 60.51
JAYNECOIND, EQ, 29-Jun-2022,22.2,22.35,22.6,21.6, 21.70,21.75,21.99,64950,14.28,466, 35120, 54.07
JAYSREETEA, EQ, 29-Jun-2022,87.95,87.0,93.4,86.8, 91.90,90.95,91.15,85414,77.86,1952, 33029, 38.67
JBCHEPHARM, EQ, 29-Jun-2022,1568.55,1552.0,1579.85,1543.95, 1561.00,1556.45,1556.76,272220,4237.8,3514, 248081, 91.13
JBFIND, EQ, 29-Jun-2022,11.3,11.1,11.5,11.1, 11.25,11.15,11.31,40580,4.59,150, 21267, 52.41
JBMA, EQ, 29-Jun-2022,433.15,430.0,435.0,425.6, 428.00,431.2,431.35,31042,133.9,1940, 14550, 46.87
JCHAC, EQ, 29-Jun-2022,1580.0,1578.9,1590.05,1491.0, 1500.00,1506.1,1529.8,22998,351.82,4223, 14883, 64.71
JETFREIGHT, EQ, 29-Jun-2022,23.35,24.5,24.5,24.5, 24.50,24.5,24.5,12353,3.03,55, 10175, 82.37
JHS, EQ, 29-Jun-2022,21.7,21.7,22.15,21.3, 21.60,21.7,21.75,17042,3.71,257, 10413, 61.10
JINDALPHOT, EQ, 29-Jun-2022,208.2,202.6,206.9,201.9, 202.05,202.55,203.82,6636,13.53,302, 3725, 56.13
JINDALPOLY, EQ, 29-Jun-2022,1002.15,990.0,1030.2,983.75, 1010.00,1010.25,1015.96,68190,692.78,6680, 20389, 29.90
JINDALSAW, EQ, 29-Jun-2022,79.8,78.7,80.8,78.4, 80.00,79.9,79.93,486716,389.02,4819, 180334, 37.05
JINDALSTEL, EQ, 29-Jun-2022,333.05,329.25,341.95,325.7, 340.05,340.7,335.47,7754004,26012.14,56626, 2689951, 34.69
JINDRILL, EQ, 29-Jun-2022,182.5,184.05,187.5,180.85, 185.00,185.45,184.5,24548,45.29,589, 11245, 45.81
JISLDVREQS, EQ, 29-Jun-2022,20.05,20.5,20.8,19.5, 20.75,20.4,20.16,35545,7.16,208, 25650, 72.16
JISLJALEQS, EQ, 29-Jun-2022,37.35,37.0,37.3,36.3, 36.90,36.7,36.72,2768792,1016.8,4927, 1543956, 55.76
JKCEMENT, EQ, 29-Jun-2022,2100.0,2075.15,2137.75,2052.2, 2107.15,2122.45,2111.69,124672,2632.68,14345, 21184, 16.99
JKIL, EQ, 29-Jun-2022,293.75,288.5,293.25,284.4, 285.05,285.0,288.78,211339,610.29,5017, 88124, 41.70
JKLAKSHMI, EQ, 29-Jun-2022,416.15,411.25,425.3,411.25, 417.20,420.35,419.37,216209,906.71,7823, 52146, 24.12
JKPAPER, EQ, 29-Jun-2022,307.95,304.0,314.9,300.2, 303.00,302.55,308.05,1721755,5303.8,22620, 357469, 20.76
JKTYRE, EQ, 29-Jun-2022,103.45,101.95,104.85,100.9, 101.15,101.7,103.06,895518,922.9,9754, 259799, 29.01
JMA, EQ, 29-Jun-2022,66.5,67.4,67.45,64.65, 66.70,66.5,66.18,11521,7.63,247, 7081, 61.46
JMCPROJECT, EQ, 29-Jun-2022,77.3,77.0,77.0,74.6, 75.30,75.2,75.64,35915,27.17,708, 26661, 74.23
JMFINANCIL, EQ, 29-Jun-2022,60.15,58.7,62.9,58.7, 61.10,61.0,60.22,221047,133.12,2251, 99522, 45.02
JOCIL, EQ, 29-Jun-2022,164.3,161.0,169.6,160.05, 167.00,166.7,165.91,2136,3.54,114, 1417, 66.34
JPASSOCIAT, EQ, 29-Jun-2022,7.55,7.5,7.5,7.25, 7.45,7.4,7.42,1584793,117.55,4138, 939737, 59.30
JPOLYINVST, EQ, 29-Jun-2022,295.6,299.0,299.6,283.45, 296.00,293.75,293.34,16042,47.06,839, 6678, 41.63
JPPOWER, EQ, 29-Jun-2022,6.55,6.5,6.55,6.4, 6.45,6.4,6.46,9998610,646.3,12947, 4777907, 47.79
JSL, EQ, 29-Jun-2022,99.45,99.45,104.2,98.8, 103.15,103.1,102.57,1933228,1982.82,16408, 946321, 48.95
JSLHISAR, EQ, 29-Jun-2022,201.05,199.55,210.95,199.55, 206.45,205.45,206.86,205438,424.97,6967, 59992, 29.20
JSWENERGY, EQ, 29-Jun-2022,219.45,214.0,221.0,211.45, 215.00,216.2,216.9,478945,1038.85,7766, 130435, 27.23
JSWHL, EQ, 29-Jun-2022,3216.4,3117.15,3200.0,3111.1, 3164.00,3165.9,3163.03,482,15.25,145, 209, 43.36
JSWISPL, EQ, 29-Jun-2022,24.05,23.7,24.2,23.6, 24.00,24.1,23.97,1621095,388.57,3660, 733041, 45.22
JSWSTEEL, EQ, 29-Jun-2022,578.4,573.5,581.15,569.15, 572.50,576.05,576.77,3334027,19229.58,46971, 824611, 24.73
JTEKTINDIA, EQ, 29-Jun-2022,81.35,80.3,82.2,77.25, 77.60,77.75,79.67,536416,427.34,5656, 191701, 35.74
JTLINFRA, EQ, 29-Jun-2022,207.35,205.0,209.4,199.15, 203.25,203.9,204.61,71804,146.92,1700, 31326, 43.63
JUBLFOOD, EQ, 29-Jun-2022,535.55,530.0,530.0,506.3, 512.20,513.4,514.53,5638542,29012.22,105689, 1315847, 23.34
JUBLINDS, EQ, 29-Jun-2022,376.0,370.5,377.05,365.1, 370.00,371.25,372.8,4782,17.83,404, 2802, 58.59
JUBLINGREA, EQ, 29-Jun-2022,497.1,491.1,496.9,486.0, 488.00,487.85,491.58,168576,828.68,5395, 77827, 46.17
JUBLPHARMA, EQ, 29-Jun-2022,347.0,343.8,348.8,343.0, 344.00,346.0,346.55,17057,59.11,1794, 7030, 41.21
JUNIORBEES, EQ, 29-Jun-2022,390.44,392.89,398.4,384.2, 387.47,387.38,387.97,61303,237.84,3270, 39983, 65.22
JUSTDIAL, EQ, 29-Jun-2022,568.25,560.0,596.95,555.25, 562.30,566.05,574.54,565915,3251.41,20170, 102329, 18.08
JWL, EQ, 29-Jun-2022,52.9,52.75,53.0,51.5, 51.70,51.9,52.09,87695,45.68,1096, 46281, 52.77
JYOTHYLAB, EQ, 29-Jun-2022,154.55,153.5,154.8,153.1, 154.00,153.45,154.03,198207,305.3,1878, 152166, 76.77
KABRAEXTRU, EQ, 29-Jun-2022,357.25,349.0,358.4,338.0, 341.50,341.6,350.52,300604,1053.68,11357, 85483, 28.44
KAJARIACER, EQ, 29-Jun-2022,931.15,925.0,935.95,916.35, 927.50,932.75,931.94,78683,733.28,6194, 54077, 68.73
KAKATCEM, EQ, 29-Jun-2022,190.35,188.25,195.95,188.25, 192.15,191.85,193.04,7552,14.58,497, 2424, 32.10
KALPATPOWR, EQ, 29-Jun-2022,361.0,360.0,360.0,353.85, 354.00,354.6,356.86,45924,163.88,2628, 32620, 71.03
KALYANKJIL, EQ, 29-Jun-2022,60.45,59.95,61.95,59.3, 60.95,60.55,60.96,378956,231.0,6305, 142107, 37.50
KAMATHOTEL, EQ, 29-Jun-2022,56.1,56.05,57.5,55.05, 56.90,56.85,56.65,49371,27.97,795, 29394, 59.54
KAMDHENU, EQ, 29-Jun-2022,184.55,184.0,196.5,182.9, 191.05,191.35,190.69,33178,63.27,1188, 16213, 48.87
KANANIIND, EQ, 29-Jun-2022,14.45,13.75,15.15,13.75, 15.15,15.15,14.2,1155757,164.07,1710, 892626, 77.23
KANORICHEM, EQ, 29-Jun-2022,111.9,116.85,116.85,110.5, 110.50,110.95,111.81,4520,5.05,112, 2869, 63.47
KANPRPLA, EQ, 29-Jun-2022,123.65,121.5,127.0,121.5, 127.00,124.95,125.15,11065,13.85,243, 8127, 73.45
KANSAINER, EQ, 29-Jun-2022,376.2,375.65,380.45,369.9, 372.50,371.2,375.71,86711,325.78,4110, 45494, 52.47
KAPSTON, EQ, 29-Jun-2022,144.6,146.0,146.0,140.2, 143.15,143.25,142.82,622,0.89,38, 427, 68.65
KARMAENG, EQ, 29-Jun-2022,22.5,22.45,22.9,22.2, 22.20,22.4,22.46,807,0.18,13, 575, 71.25
KARURVYSYA, EQ, 29-Jun-2022,45.55,45.0,45.6,44.8, 44.80,44.95,45.06,1426355,642.71,10393, 1059375, 74.27
KAUSHALYA, EQ, 29-Jun-2022,3.5,3.55,3.55,3.4, 3.55,3.55,3.52,13952,0.49,42, 13758, 98.61
KAVVERITEL, EQ, 29-Jun-2022,8.2,8.5,8.6,8.5, 8.60,8.6,8.58,10621,0.91,40, 10621, 100.00
KAYA, EQ, 29-Jun-2022,272.55,275.0,282.2,268.0, 274.00,276.4,274.95,14032,38.58,749, 5787, 41.24
KBCGLOBAL, EQ, 29-Jun-2022,3.7,3.65,3.75,3.55, 3.55,3.55,3.61,7682363,277.23,3367, 3542450, 46.11
KCP, EQ, 29-Jun-2022,106.55,105.0,109.1,105.0, 108.00,108.25,107.25,62213,66.72,1413, 33351, 53.61
KCPSUGIND, EQ, 29-Jun-2022,21.1,20.85,21.85,20.7, 21.40,21.35,21.3,196060,41.76,1081, 72713, 37.09
KDDL, EQ, 29-Jun-2022,692.85,694.4,697.75,680.0, 687.95,684.25,688.52,581,4.0,106, 253, 43.55
KEC, EQ, 29-Jun-2022,414.85,407.15,415.2,393.95, 398.10,399.55,404.92,197558,799.96,7842, 81735, 41.37
KECL, EQ, 29-Jun-2022,25.6,25.1,26.5,24.85, 25.50,25.6,25.89,132962,34.43,826, 64682, 48.65
KEERTI, EQ, 29-Jun-2022,16.6,16.6,16.95,15.7, 16.80,16.7,16.52,6163,1.02,50, 4342, 70.45
KEI, EQ, 29-Jun-2022,1172.2,1172.2,1189.95,1166.0, 1172.00,1169.4,1177.04,120659,1420.2,13635, 66195, 54.86
KELLTONTEC, EQ, 29-Jun-2022,76.6,75.0,76.15,72.5, 72.50,73.15,74.8,412167,308.29,5478, 198127, 48.07
KENNAMET, EQ, 29-Jun-2022,1840.3,1825.1,1885.05,1825.1, 1846.00,1859.65,1852.75,3591,66.53,653, 1856, 51.68
KESORAMIND, EQ, 29-Jun-2022,48.2,47.85,49.35,47.4, 48.50,48.7,48.58,132140,64.19,1596, 66300, 50.17
KEYFINSERV, EQ, 29-Jun-2022,99.6,98.8,99.5,95.45, 95.45,97.4,98.17,1687,1.66,57, 1029, 61.00
KHADIM, EQ, 29-Jun-2022,192.3,189.0,192.95,188.0, 190.00,190.75,190.67,9019,17.2,496, 3826, 42.42
KHAICHEM, EQ, 29-Jun-2022,100.85,99.0,103.6,98.8, 99.15,99.25,101.15,188440,190.61,4118, 83236, 44.17
KHAITANLTD, EQ, 29-Jun-2022,48.65,46.65,49.6,46.65, 47.25,47.25,47.99,2948,1.41,40, 1624, 55.09
KICL, EQ, 29-Jun-2022,1508.55,1502.25,1529.0,1502.0, 1507.00,1509.45,1520.19,280,4.26,77, 226, 80.71
KILITCH, EQ, 29-Jun-2022,159.35,160.0,161.1,156.2, 157.30,158.75,159.29,1726,2.75,74, 865, 50.12
KIMS, EQ, 29-Jun-2022,1155.25,1155.1,1162.75,1136.0, 1150.00,1146.95,1149.62,145514,1672.86,3682, 131070, 90.07
KINGFA, EQ, 29-Jun-2022,899.8,890.0,914.0,866.1, 898.60,893.2,887.99,2491,22.12,351, 989, 39.70
KIOCL, EQ, 29-Jun-2022,189.8,187.95,190.95,186.1, 187.00,187.85,189.06,18656,35.27,1179, 5381, 28.84
KIRIINDUS, EQ, 29-Jun-2022,451.85,449.9,479.7,449.0, 466.00,469.75,469.44,233431,1095.81,9359, 88661, 37.98
KIRLFER, EQ, 29-Jun-2022,201.1,199.05,202.9,198.35, 199.70,200.5,201.29,44921,90.42,2422, 26951, 60.00
KIRLOSBROS, EQ, 29-Jun-2022,323.95,319.9,325.0,315.55, 324.00,322.6,320.05,18818,60.23,982, 13375, 71.08
KIRLOSENG, EQ, 29-Jun-2022,132.7,132.25,136.0,131.05, 134.25,134.65,133.91,83942,112.41,1732, 54510, 64.94
KIRLOSIND, EQ, 29-Jun-2022,1313.25,1338.0,1338.0,1288.1, 1288.20,1291.1,1300.92,1247,16.22,247, 848, 68.00
KITEX, EQ, 29-Jun-2022,228.1,224.0,228.85,223.2, 223.70,224.35,226.3,196524,444.74,6400, 46143, 23.48
KKCL, EQ, 29-Jun-2022,246.5,244.9,253.7,244.65, 246.10,245.9,248.99,73398,182.76,5285, 22529, 30.69
KMSUGAR, EQ, 29-Jun-2022,28.2,27.8,28.8,27.65, 28.55,28.45,28.41,369093,104.87,1475, 199747, 54.12
KNRCON, EQ, 29-Jun-2022,235.15,232.2,235.5,225.4, 232.00,230.95,231.98,168270,390.36,8174, 83918, 49.87
KOKUYOCMLN, EQ, 29-Jun-2022,55.9,54.3,57.4,54.3, 57.40,56.8,56.1,47609,26.71,547, 31907, 67.02
KOLTEPATIL, EQ, 29-Jun-2022,219.8,218.1,222.4,214.5, 215.35,217.2,218.21,152712,333.23,3661, 47891, 31.36
KOPRAN, EQ, 29-Jun-2022,206.1,203.0,207.45,202.25, 205.65,205.1,204.72,36062,73.83,1762, 17750, 49.22
KOTAKALPHA, EQ, 29-Jun-2022,25.85,25.7,26.13,25.03, 25.98,25.91,25.64,511398,131.1,720, 249704, 48.83
KOTAKBANK, EQ, 29-Jun-2022,1668.8,1650.0,1658.95,1636.7, 1641.00,1642.45,1646.44,2932830,48287.26,118625, 2020701, 68.90
KOTAKBKETF, EQ, 29-Jun-2022,340.32,333.55,339.4,333.55, 336.35,336.72,336.49,67940,228.61,408, 2524, 3.72
KOTAKGOLD, EQ, 29-Jun-2022,43.99,43.71,44.08,43.71, 43.85,43.89,43.91,133102,58.45,357, 112455, 84.49
KOTAKIT, EQ, 29-Jun-2022,29.24,28.7,29.29,28.7, 29.15,29.12,29.01,14816,4.3,190, 10902, 73.58
KOTAKLOVOL, EQ, 29-Jun-2022,12.1,12.19,12.25,11.83, 12.10,12.19,12.06,69836,8.42,56, 69470, 99.48
KOTAKMID50, EQ, 29-Jun-2022,74.21,73.65,73.8,72.8, 73.00,73.26,73.31,674,0.49,33, 397, 58.90
KOTAKNIFTY, EQ, 29-Jun-2022,167.87,167.79,168.2,166.11, 167.71,167.51,167.14,18879,31.55,312, 10507, 55.65
KOTAKNV20, EQ, 29-Jun-2022,89.94,89.9,89.9,87.6, 89.50,89.49,88.56,15826,14.02,267, 7125, 45.02
KOTAKPSUBK, EQ, 29-Jun-2022,245.74,247.0,247.0,242.1, 242.15,242.97,244.72,1035,2.53,74, 624, 60.29
KOTARISUG, EQ, 29-Jun-2022,33.15,32.95,34.4,32.6, 33.65,33.4,33.54,182386,61.18,2812, 37579, 20.60
KOTHARIPET, EQ, 29-Jun-2022,83.5,83.55,84.75,81.7, 83.10,83.25,83.74,46817,39.21,1180, 25709, 54.91
KOTHARIPRO, EQ, 29-Jun-2022,83.9,83.95,87.5,83.95, 87.30,86.95,86.78,6133,5.32,182, 4249, 69.28
KOVAI, EQ, 29-Jun-2022,1434.95,1448.0,1450.0,1418.55, 1439.90,1424.4,1429.0,1015,14.5,207, 744, 73.30
KPIGREEN, EQ, 29-Jun-2022,664.55,662.8,694.35,652.2, 662.15,662.9,675.77,304816,2059.85,16385, 66894, 21.95
KPITTECH, EQ, 29-Jun-2022,516.3,511.8,526.0,507.05, 524.50,524.45,522.16,1344232,7019.08,33617, 474514, 35.30
KPRMILL, EQ, 29-Jun-2022,514.2,513.55,516.85,501.25, 503.35,504.35,510.11,137153,699.63,12451, 68155, 49.69
KRBL, EQ, 29-Jun-2022,222.65,221.45,226.85,220.05, 223.55,223.1,224.69,229630,515.97,7559, 100632, 43.82
KREBSBIO, EQ, 29-Jun-2022,103.85,103.9,109.0,102.05, 107.00,106.3,106.59,5758,6.14,206, 4037, 70.11
KRIDHANINF, EQ, 29-Jun-2022,4.25,4.4,4.45,4.1, 4.10,4.15,4.25,94146,4.0,145, 30092, 31.96
KRISHANA, EQ, 29-Jun-2022,273.7,268.35,285.45,268.35, 270.05,271.9,275.13,4641,12.77,195, 2186, 47.10
KRITI, EQ, 29-Jun-2022,71.95,70.0,72.65,69.0, 70.00,70.0,70.45,11878,8.37,696, 4853, 40.86
KRITIKA, EQ, 29-Jun-2022,81.5,80.65,85.55,77.55, 78.15,79.75,82.04,5225,4.29,151, 2991, 57.24
KRSNAA, EQ, 29-Jun-2022,540.5,526.25,544.45,526.25, 532.00,534.9,538.34,9849,53.02,1294, 4790, 48.63
KSB, EQ, 29-Jun-2022,1469.85,1468.0,1477.0,1450.05, 1452.00,1466.2,1466.25,23131,339.16,3186, 12242, 52.92
KSCL, EQ, 29-Jun-2022,493.4,494.85,504.0,494.15, 497.25,497.45,498.81,41558,207.3,2254, 18012, 43.34
KSL, EQ, 29-Jun-2022,286.1,285.55,290.0,283.05, 284.10,284.6,286.46,11228,32.16,814, 5434, 48.40
KTKBANK, EQ, 29-Jun-2022,64.85,64.4,65.25,64.3, 65.05,65.1,64.86,415024,269.2,2753, 222628, 53.64
KUANTUM, EQ, 29-Jun-2022,70.75,69.05,72.65,69.05, 72.55,71.75,71.48,12138,8.68,289, 7175, 59.11
L&TFH, EQ, 29-Jun-2022,70.2,69.6,69.65,68.55, 69.05,69.05,69.07,3629394,2506.99,12369, 773136, 21.30
LAGNAM, EQ, 29-Jun-2022,73.45,73.5,75.0,72.5, 74.40,74.25,74.0,4894,3.62,113, 3425, 69.98
LALPATHLAB, EQ, 29-Jun-2022,2170.55,2120.95,2235.0,2113.45, 2174.00,2181.9,2188.25,380541,8327.2,26712, 76172, 20.02
LAMBODHARA, EQ, 29-Jun-2022,80.3,78.6,82.8,77.45, 82.80,82.25,81.03,14674,11.89,228, 9816, 66.89
LANCER, EQ, 29-Jun-2022,206.8,204.1,207.95,197.5, 199.80,198.75,200.09,803727,1608.15,1576, 778890, 96.91
LAOPALA, EQ, 29-Jun-2022,266.15,262.5,271.7,261.85, 266.00,266.25,267.21,115617,308.94,4952, 60663, 52.47
LASA, EQ, 29-Jun-2022,30.1,30.4,30.55,27.8, 28.15,28.2,28.94,285285,82.56,2279, 207329, 72.67
LATENTVIEW, EQ, 29-Jun-2022,341.2,333.5,344.45,332.0, 338.45,337.15,338.89,252622,856.11,10525, 83133, 32.91
LAURUSLABS, EQ, 29-Jun-2022,468.6,460.15,469.6,460.15, 465.90,466.6,466.53,643060,3000.06,15899, 268164, 41.70
LAXMICOT, EQ, 29-Jun-2022,21.55,21.95,21.95,21.25, 21.60,21.45,21.52,7506,1.62,66, 4044, 53.88
LAXMIMACH, EQ, 29-Jun-2022,8934.65,8930.0,8978.0,8851.0, 8887.05,8899.45,8918.5,952,84.9,480, 406, 42.65
LCCINFOTEC, EQ, 29-Jun-2022,3.6,3.75,3.75,3.7, 3.75,3.75,3.75,211649,7.93,283, 169441, 80.06
LEMONTREE, EQ, 29-Jun-2022,61.15,60.3,61.15,60.3, 60.85,60.9,60.88,1048796,638.55,8827, 416249, 39.69
LFIC, EQ, 29-Jun-2022,93.05,96.95,97.0,94.0, 96.20,95.15,95.76,410,0.39,28, 239, 58.29
LGBBROSLTD, EQ, 29-Jun-2022,583.9,584.6,596.0,577.2, 594.30,593.55,593.08,39626,235.01,2404, 20158, 50.87
LGBFORGE, EQ, 29-Jun-2022,9.15,9.1,9.2,8.7, 9.20,8.9,8.98,85182,7.65,320, 52985, 62.20
LIBAS, EQ, 29-Jun-2022,24.05,23.75,24.6,23.75, 24.60,24.45,24.23,46421,11.25,199, 15546, 33.49
LIBERTSHOE, EQ, 29-Jun-2022,142.6,142.6,142.6,139.5, 139.60,140.15,140.91,20410,28.76,576, 7908, 38.75
LICHSGFIN, EQ, 29-Jun-2022,329.65,325.65,327.6,323.2, 325.40,325.2,325.4,1524980,4962.33,29357, 588587, 38.60
LICI, EQ, 29-Jun-2022,663.35,660.1,696.85,657.8, 677.05,678.5,679.2,4653282,31605.07,94830, 1165688, 25.05
LICNETFGSC, EQ, 29-Jun-2022,21.81,22.2,22.2,21.75, 21.98,21.97,21.84,2544,0.56,70, 2218, 87.19
LICNETFN50, EQ, 29-Jun-2022,168.9,169.75,169.75,168.0, 168.00,168.98,168.91,520,0.88,45, 444, 85.38
LICNETFSEN, EQ, 29-Jun-2022,571.64,562.24,573.0,562.24, 569.07,570.53,570.83,437,2.49,25, 428, 97.94
LICNFNHGP, EQ, 29-Jun-2022,169.0,177.7,187.15,168.02, 169.00,168.83,170.5,1919,3.27,57, 1107, 57.69
LIKHITHA, EQ, 29-Jun-2022,282.7,276.0,285.9,274.1, 280.00,277.6,280.31,47673,133.63,2198, 16783, 35.20
LINC, EQ, 29-Jun-2022,248.75,253.0,253.0,241.25, 244.00,244.0,245.53,1308,3.21,200, 841, 64.30
LINCOLN, EQ, 29-Jun-2022,295.7,294.2,298.5,283.5, 298.00,296.2,295.56,16578,49.0,1022, 10824, 65.29
LINDEINDIA, EQ, 29-Jun-2022,3227.9,3214.0,3323.0,3176.95, 3232.40,3257.15,3274.53,105649,3459.51,15404, 16697, 15.80
LIQUIDBEES, EQ, 29-Jun-2022,1000.0,997.3,1002.6,997.3, 1000.01,1000.0,1000.01,1652942,16529.51,5145, 1489796, 90.13
LIQUIDETF, EQ, 29-Jun-2022,1000.0,1000.04,1000.04,999.99, 1000.00,999.99,1000.0,13082,130.82,59, 7208, 55.10
LODHA, EQ, 29-Jun-2022,1028.25,1047.8,1063.9,1032.35, 1042.05,1052.9,1050.27,154384,1621.46,8217, 83989, 54.40
LOKESHMACH, EQ, 29-Jun-2022,78.1,75.8,78.95,75.3, 75.30,75.85,77.13,18025,13.9,577, 11875, 65.88
LOTUSEYE, EQ, 29-Jun-2022,53.15,53.0,54.0,51.0, 51.00,52.05,53.03,6298,3.34,242, 3428, 54.43
LOVABLE, EQ, 29-Jun-2022,128.45,129.0,129.6,126.55, 126.60,127.05,127.81,11141,14.24,532, 5547, 49.79
LPDC, EQ, 29-Jun-2022,6.2,6.4,6.5,6.1, 6.20,6.25,6.33,62151,3.93,267, 31265, 50.30
LSIL, EQ, 29-Jun-2022,10.25,10.25,10.75,10.1, 10.75,10.75,10.58,1399897,148.14,1238, 783056, 55.94
LT, EQ, 29-Jun-2022,1551.5,1531.25,1554.0,1525.4, 1548.00,1547.9,1545.96,1480197,22883.28,65704, 882035, 59.59
LTGILTBEES, EQ, 29-Jun-2022,22.1,22.2,22.2,21.9, 22.16,21.95,22.06,10462,2.31,104, 7462, 71.32
LTI, EQ, 29-Jun-2022,4222.6,4160.0,4204.0,4065.25, 4077.25,4086.9,4133.63,386244,15965.9,33857, 143734, 37.21
LTTS, EQ, 29-Jun-2022,3158.05,3110.0,3177.9,3067.1, 3079.00,3087.6,3124.66,349991,10936.04,29904, 143116, 40.89
LUMAXIND, EQ, 29-Jun-2022,1254.8,1253.0,1317.8,1235.25, 1290.00,1304.1,1292.22,11233,145.15,2305, 4590, 40.86
LUMAXTECH, EQ, 29-Jun-2022,172.65,170.2,177.95,170.15, 176.90,176.8,175.39,34836,61.1,1018, 20600, 59.13
LUPIN, EQ, 29-Jun-2022,633.45,628.95,632.6,618.0, 619.70,620.65,624.22,585868,3657.1,14271, 198056, 33.81
LUXIND, EQ, 29-Jun-2022,1819.15,1815.0,1852.1,1790.0, 1804.00,1810.6,1822.61,25860,471.33,3518, 14038, 54.28
LXCHEM, EQ, 29-Jun-2022,292.55,290.0,292.0,284.3, 287.90,287.65,288.29,482199,1390.11,16955, 230173, 47.73
LYKALABS, EQ, 29-Jun-2022,115.1,115.9,118.95,113.55, 116.15,117.5,117.35,44244,51.92,1039, 25584, 57.82
M&M, EQ, 29-Jun-2022,1112.0,1106.0,1115.45,1090.7, 1105.30,1111.75,1104.65,5052023,55806.93,118184, 2765847, 54.75
M&MFIN, EQ, 29-Jun-2022,180.25,178.0,180.5,177.4, 178.00,178.35,178.73,1407095,2514.9,10082, 209026, 14.86
MAANALU, EQ, 29-Jun-2022,117.45,119.0,137.6,117.8, 124.10,125.2,129.4,248210,321.17,6305, 63807, 25.71
MACPOWER, EQ, 29-Jun-2022,200.85,196.85,203.95,194.0, 199.70,197.05,196.8,11234,22.11,457, 5669, 50.46
MADHAV, EQ, 29-Jun-2022,41.75,41.05,43.1,40.1, 41.20,41.05,41.37,10987,4.54,242, 5099, 46.41
MADHUCON, EQ, 29-Jun-2022,5.2,5.4,5.45,5.15, 5.35,5.35,5.3,8931,0.47,66, 7070, 79.16
MADRASFERT, EQ, 29-Jun-2022,43.75,43.45,45.9,42.4, 44.25,44.45,44.52,216498,96.38,2429, 81892, 37.83
MAESGETF, EQ, 29-Jun-2022,26.58,25.79,26.71,25.79, 26.49,26.57,26.57,7079,1.88,79, 5985, 84.55
MAFANG, EQ, 29-Jun-2022,41.5,40.0,41.77,39.51, 40.33,40.24,40.25,403404,162.36,1775, 317903, 78.81
MAFSETF, EQ, 29-Jun-2022,15.65,14.01,15.75,14.01, 15.50,15.5,15.53,111606,17.34,191, 108827, 97.51
MAGADSUGAR, EQ, 29-Jun-2022,318.45,318.45,335.0,315.15, 328.50,328.4,330.03,34913,115.22,2088, 12099, 34.65
MAGNUM, EQ, 29-Jun-2022,11.95,11.7,12.3,11.5, 12.20,11.9,11.96,87747,10.49,297, 56784, 64.71
MAHABANK, EQ, 29-Jun-2022,15.8,15.5,15.75,15.4, 15.50,15.5,15.59,1869051,291.39,3407, 1080394, 57.80
MAHAPEXLTD, EQ, 29-Jun-2022,74.85,77.05,78.8,72.0, 72.00,72.05,74.71,1614,1.21,81, 366, 22.68
MAHASTEEL, EQ, 29-Jun-2022,60.9,60.0,62.6,60.0, 61.00,60.75,61.42,12038,7.39,416, 6675, 55.45
MAHEPC, EQ, 29-Jun-2022,101.5,99.05,101.4,98.15, 98.25,99.15,99.81,12434,12.41,461, 6278, 50.49
MAHESHWARI, EQ, 29-Jun-2022,74.25,74.4,74.65,73.5, 74.50,74.4,74.36,64137,47.69,205, 56474, 88.05
MAHINDCIE, EQ, 29-Jun-2022,241.9,240.0,242.5,231.0, 231.55,232.4,236.4,1273434,3010.44,19992, 354299, 27.82
MAHKTECH, EQ, 29-Jun-2022,16.91,16.91,17.48,16.03, 16.58,16.56,16.57,73426,12.17,303, 65970, 89.85
MAHLIFE, EQ, 29-Jun-2022,408.1,401.1,422.1,401.0, 408.10,410.25,413.75,194685,805.52,10354, 74353, 38.19
MAHLOG, EQ, 29-Jun-2022,466.8,466.0,468.5,458.75, 466.00,467.2,465.37,78283,364.31,4606, 48067, 61.40
MAHSCOOTER, EQ, 29-Jun-2022,3749.4,3768.15,3768.15,3716.55, 3722.00,3721.05,3737.15,1444,53.96,374, 1017, 70.43
MAHSEAMLES, EQ, 29-Jun-2022,648.85,658.0,682.0,643.85, 644.00,652.25,664.43,991771,6589.59,30229, 236805, 23.88
MAITHANALL, EQ, 29-Jun-2022,874.35,865.0,874.7,840.0, 850.00,845.4,855.52,32101,274.63,4349, 17056, 53.13
MALLCOM, EQ, 29-Jun-2022,716.0,721.0,729.9,680.2, 729.90,720.05,702.36,809,5.68,157, 378, 46.72
MALUPAPER, EQ, 29-Jun-2022,31.0,30.75,32.65,30.6, 31.75,31.35,31.78,53993,17.16,419, 18561, 34.38
MAM150ETF, EQ, 29-Jun-2022,10.13,10.43,10.43,10.01, 10.10,10.09,10.05,9585,0.96,110, 6247, 65.17
MAMFGETF, EQ, 29-Jun-2022,73.8,73.21,73.95,72.98, 73.58,73.8,73.9,61087,45.15,64, 60477, 99.00
MAN50ETF, EQ, 29-Jun-2022,164.97,163.51,164.9,163.3, 163.70,164.04,164.05,3446,5.65,90, 2749, 79.77
MANAKALUCO, EQ, 29-Jun-2022,19.55,19.85,22.5,18.8, 21.45,21.3,21.12,78645,16.61,607, 46453, 59.07
MANAKCOAT, EQ, 29-Jun-2022,19.55,19.9,19.9,18.7, 19.55,19.4,19.32,7916,1.53,117, 5290, 66.83
MANAKSIA, EQ, 29-Jun-2022,75.75,75.75,77.4,74.4, 75.35,75.7,76.13,61336,46.7,689, 43322, 70.63
MANAKSTEEL, EQ, 29-Jun-2022,36.9,36.9,37.9,36.1, 36.60,37.3,37.3,27009,10.07,399, 13309, 49.28
MANALIPETC, EQ, 29-Jun-2022,101.15,100.4,101.15,99.0, 99.70,99.65,100.2,320818,321.46,4044, 104837, 32.68
MANAPPURAM, EQ, 29-Jun-2022,87.5,86.9,87.45,85.2, 86.05,85.9,85.9,4668318,4010.06,27705, 1438022, 30.80
MANGALAM, EQ, 29-Jun-2022,143.0,143.0,145.45,140.8, 141.00,141.9,142.49,29240,41.66,982, 12829, 43.87
MANGCHEFER, EQ, 29-Jun-2022,104.15,103.5,106.0,102.2, 105.30,105.3,104.83,355337,372.5,4201, 234445, 65.98
MANGLMCEM, EQ, 29-Jun-2022,269.35,268.0,279.8,267.35, 272.60,274.9,273.46,27869,76.21,572, 22486, 80.68
MANINDS, EQ, 29-Jun-2022,76.0,75.85,76.6,74.6, 74.90,74.95,75.54,31546,23.83,695, 16548, 52.46
MANINFRA, EQ, 29-Jun-2022,78.5,75.85,77.2,75.7, 75.90,76.2,76.36,290198,221.6,2184, 205846, 70.93
MANORG, EQ, 29-Jun-2022,555.5,561.0,570.0,551.8, 563.00,560.3,562.54,3112,17.51,483, 1494, 48.01
MANUGRAPH, EQ, 29-Jun-2022,12.75,12.25,12.95,12.25, 12.40,12.5,12.63,6592,0.83,48, 1283, 19.46
MANXT50, EQ, 29-Jun-2022,372.71,368.86,371.16,368.3, 369.47,370.23,369.62,388,1.43,43, 207, 53.35
MANYAVAR, EQ, 29-Jun-2022,973.25,961.0,981.65,960.0, 962.70,971.75,969.57,48294,468.24,5234, 31024, 64.24
MAPMYINDIA, EQ, 29-Jun-2022,1364.05,1345.0,1381.65,1345.0, 1366.00,1374.25,1371.75,54029,741.14,6185, 18136, 33.57
MARALOVER, EQ, 29-Jun-2022,70.7,69.6,74.0,69.6, 71.50,71.9,72.25,16319,11.79,299, 8698, 53.30
MARATHON, EQ, 29-Jun-2022,202.5,200.0,210.15,196.05, 203.15,202.7,203.68,222242,452.67,8193, 68136, 30.66
MARICO, EQ, 29-Jun-2022,488.6,485.9,485.9,473.5, 474.85,475.8,479.19,1689593,8096.37,47029, 904418, 53.53
MARINE, EQ, 29-Jun-2022,27.05,26.6,28.65,26.6, 27.85,28.1,27.84,204886,57.05,916, 117149, 57.18
MARKSANS, EQ, 29-Jun-2022,42.65,42.4,42.7,42.0, 42.55,42.45,42.38,276317,117.11,2979, 156685, 56.70
MARSHALL, EQ, 29-Jun-2022,36.15,35.9,39.0,34.65, 35.65,36.2,37.33,49117,18.34,518, 25676, 52.28
MARUTI, EQ, 29-Jun-2022,8489.7,8389.95,8530.0,8370.0, 8492.00,8508.9,8480.48,655413,55582.17,67908, 218140, 33.28
MASFIN, EQ, 29-Jun-2022,496.85,510.0,510.0,490.0, 500.00,498.95,499.15,25258,126.08,1863, 13464, 53.31
MASPTOP50, EQ, 29-Jun-2022,26.61,26.88,26.88,25.61, 26.20,26.04,25.89,209039,54.12,848, 189977, 90.88
MASTEK, EQ, 29-Jun-2022,2126.4,2075.0,2107.0,2070.0, 2071.00,2079.3,2093.62,45701,956.81,5576, 21163, 46.31
MATRIMONY, EQ, 29-Jun-2022,814.0,820.0,825.0,795.7, 797.00,799.2,808.15,40674,328.7,4157, 24793, 60.96
MAWANASUG, EQ, 29-Jun-2022,103.1,100.85,104.45,100.85, 103.95,103.4,103.19,57933,59.78,1463, 24655, 42.56
MAXHEALTH, EQ, 29-Jun-2022,370.55,370.0,371.4,363.55, 367.80,368.7,367.44,281912,1035.87,10100, 128603, 45.62
MAXIND, EQ, 29-Jun-2022,69.2,69.1,69.85,69.05, 69.35,69.8,69.67,11931,8.31,79, 10382, 87.02
MAXVIL, EQ, 29-Jun-2022,89.4,89.0,90.35,88.5, 89.70,89.4,89.47,33396,29.88,505, 18144, 54.33
MAYURUNIQ, EQ, 29-Jun-2022,360.25,359.95,363.0,356.0, 356.00,357.05,359.54,29161,104.85,1364, 18722, 64.20
MAZDA, EQ, 29-Jun-2022,555.75,554.1,574.0,550.0, 550.00,553.65,559.21,4390,24.55,344, 3344, 76.17
MAZDOCK, EQ, 29-Jun-2022,255.35,254.5,255.5,250.2, 251.90,251.1,252.75,69698,176.16,2471, 20438, 29.32
MBLINFRA, EQ, 29-Jun-2022,19.0,18.75,19.45,18.6, 19.10,19.25,19.06,26591,5.07,297, 15395, 57.90
MCDOWELL-N, EQ, 29-Jun-2022,772.35,761.0,770.45,741.15, 746.25,745.75,754.48,1960095,14788.54,48189, 1408439, 71.86
MCL, EQ, 29-Jun-2022,25.0,24.8,25.45,24.15, 24.85,25.0,24.91,11111,2.77,140, 5131, 46.18
MCLEODRUSS, EQ, 29-Jun-2022,20.7,20.55,24.8,20.2, 22.85,23.0,23.06,1751437,403.96,4783, 878157, 50.14
MCX, EQ, 29-Jun-2022,1273.75,1260.0,1312.8,1254.45, 1274.00,1274.45,1281.63,396538,5082.15,28894, 54994, 13.87
MEDICAMEQ, EQ, 29-Jun-2022,708.7,690.05,721.0,690.05, 695.00,707.8,712.48,12727,90.68,943, 8980, 70.56
MEDICO, EQ, 29-Jun-2022,90.2,90.25,93.85,89.0, 93.30,90.4,91.2,980,0.89,68, 349, 35.61
MEDPLUS, EQ, 29-Jun-2022,764.45,771.9,774.0,741.9, 758.30,757.15,759.64,54288,412.4,5638, 15400, 28.37
MEGASOFT, EQ, 29-Jun-2022,38.55,37.55,38.7,37.45, 37.75,38.3,38.11,60416,23.02,435, 38761, 64.16
MEGASTAR, EQ, 29-Jun-2022,176.6,176.05,177.05,171.15, 171.15,172.05,173.36,2253,3.91,131, 1265, 56.15
MENONBE, EQ, 29-Jun-2022,72.8,73.0,77.5,72.25, 76.00,75.7,75.79,87031,65.96,1430, 42428, 48.75
MEP, EQ, 29-Jun-2022,17.5,17.4,17.5,16.65, 16.85,17.1,16.9,453105,76.56,872, 247743, 54.68
METROBRAND, EQ, 29-Jun-2022,580.15,578.0,585.0,570.0, 570.10,578.4,578.23,179888,1040.16,5410, 145437, 80.85
METROPOLIS, EQ, 29-Jun-2022,1438.1,1410.0,1448.45,1403.85, 1415.00,1416.1,1426.85,337412,4814.36,22646, 114611, 33.97
MFL, EQ, 29-Jun-2022,1338.35,1328.0,1351.8,1295.0, 1296.00,1300.75,1325.77,156715,2077.68,10329, 56169, 35.84
MFSL, EQ, 29-Jun-2022,815.55,814.0,824.0,765.0, 770.15,777.85,780.99,877102,6850.05,40100, 359438, 40.98
MGEL, EQ, 29-Jun-2022,181.25,188.4,190.3,183.05, 190.30,190.25,189.73,87472,165.96,765, 47378, 54.16
MGL, EQ, 29-Jun-2022,764.4,759.75,771.2,748.4, 763.40,762.4,764.54,333316,2548.33,16494, 78210, 23.46
MHLXMIRU, EQ, 29-Jun-2022,118.3,121.15,121.6,118.0, 118.05,118.15,118.39,3519,4.17,93, 2422, 68.83
MHRIL, EQ, 29-Jun-2022,218.85,218.1,222.35,214.15, 219.00,219.55,219.64,116150,255.11,4405, 49930, 42.99
MID150BEES, EQ, 29-Jun-2022,102.92,102.98,102.99,100.0, 102.70,102.75,102.04,90530,92.38,1124, 38867, 42.93
MIDHANI, EQ, 29-Jun-2022,164.45,163.55,166.0,162.75, 164.25,164.65,164.56,37437,61.61,1526, 17555, 46.89
MINDACORP, EQ, 29-Jun-2022,189.4,188.0,197.9,186.55, 196.05,196.7,194.36,1259535,2448.02,16158, 355695, 28.24
MINDAIND, EQ, 29-Jun-2022,928.6,923.9,954.45,918.0, 946.00,944.95,942.08,276088,2600.96,14266, 95984, 34.77
MINDTECK, EQ, 29-Jun-2022,106.45,104.9,107.0,102.95, 104.05,104.1,105.02,21502,22.58,1033, 10763, 50.06
MINDTREE, EQ, 29-Jun-2022,3027.05,2967.3,3028.9,2930.0, 2947.45,2946.7,2978.45,1126201,33543.38,79505, 511072, 45.38
MIRCELECTR, EQ, 29-Jun-2022,12.8,12.9,12.9,12.55, 12.65,12.7,12.72,95772,12.18,511, 81919, 85.54
MIRZAINT, EQ, 29-Jun-2022,233.0,232.5,238.95,228.45, 233.00,234.1,235.21,582985,1371.24,13328, 187436, 32.15
MITCON, EQ, 29-Jun-2022,70.45,68.0,77.45,65.95, 77.45,77.45,73.27,12082,8.85,142, 8094, 66.99
MITTAL, EQ, 29-Jun-2022,10.85,11.35,11.35,10.5, 10.65,10.8,10.73,19504,2.09,160, 12513, 64.16
MMFL, EQ, 29-Jun-2022,859.8,867.8,867.8,835.55, 840.00,838.75,844.58,22782,192.41,1316, 17723, 77.79
MMP, EQ, 29-Jun-2022,164.05,161.7,169.0,161.7, 165.00,165.2,166.3,28330,47.11,748, 12995, 45.87
MMTC, EQ, 29-Jun-2022,38.45,38.0,41.8,37.8, 39.45,39.85,40.7,8539546,3475.34,29484, 1011758, 11.85
MODISNME, EQ, 29-Jun-2022,54.95,55.0,55.95,54.05, 55.35,55.25,54.97,19192,10.55,357, 12016, 62.61
MOGSEC, EQ, 29-Jun-2022,48.58,48.43,48.64,47.9, 48.63,48.63,48.36,1206,0.58,30, 916, 75.95
MOHITIND, EQ, 29-Jun-2022,16.6,16.8,17.0,15.9, 17.00,16.7,16.49,19771,3.26,185, 3706, 18.74
MOIL, EQ, 29-Jun-2022,142.6,141.75,145.3,141.45, 142.05,142.5,143.45,115426,165.58,4839, 54641, 47.34
MOKSH, EQ, 29-Jun-2022,19.6,19.5,19.8,19.15, 19.70,19.65,19.58,1341858,262.75,670, 499003, 37.19
MOL, EQ, 29-Jun-2022,123.8,122.75,126.6,122.2, 123.45,123.6,124.92,1104502,1379.71,7768, 373231, 33.79
MOLDTECH, EQ, 29-Jun-2022,96.95,94.0,99.05,93.6, 94.80,96.8,97.55,95004,92.68,1450, 58338, 61.41
MOLDTKPAC, EQ, 29-Jun-2022,727.15,729.0,745.0,721.0, 729.20,734.7,732.24,35217,257.87,3926, 13617, 38.67
MOLOWVOL, EQ, 29-Jun-2022,110.2,109.5,110.4,109.5, 110.15,110.15,110.12,96,0.11,3, 91, 94.79
MOM100, EQ, 29-Jun-2022,28.4,28.4,28.49,27.33, 28.08,28.19,27.91,319598,89.18,768, 176496, 55.22
MOM50, EQ, 29-Jun-2022,158.54,157.5,159.0,153.95, 158.37,158.12,157.6,223,0.35,61, 130, 58.30
MOMOMENTUM, EQ, 29-Jun-2022,172.15,166.12,172.0,166.12, 166.50,167.27,167.49,13137,22.0,266, 10707, 81.50
MON100, EQ, 29-Jun-2022,92.5,94.9,94.9,89.59, 89.60,89.84,90.22,872181,786.89,7804, 503708, 57.75
MONARCH, EQ, 29-Jun-2022,257.45,252.0,262.0,248.05, 260.15,259.95,255.86,7339,18.78,426, 4224, 57.56
MONQ50, EQ, 29-Jun-2022,52.47,52.45,52.99,51.25, 52.65,52.96,52.36,3810,1.99,88, 2577, 67.64
MONTECARLO, EQ, 29-Jun-2022,674.7,666.0,699.0,657.35, 686.00,682.4,681.32,213114,1451.99,14307, 33384, 15.66
MORARJEE, EQ, 29-Jun-2022,17.35,17.4,17.5,16.6, 16.60,16.85,17.1,7216,1.23,87, 3337, 46.24
MOREPENLAB, EQ, 29-Jun-2022,36.9,36.85,37.45,36.4, 36.65,36.65,36.78,489491,180.02,3243, 182247, 37.23
MOTHERSON, EQ, 29-Jun-2022,124.45,122.05,123.85,120.05, 121.55,122.1,121.49,5274214,6407.68,27511, 1104038, 20.93
MOTILALOFS, EQ, 29-Jun-2022,726.7,723.95,747.7,721.5, 731.00,736.2,733.76,28092,206.13,2624, 10482, 37.31
MOTOGENFIN, EQ, 29-Jun-2022,27.0,27.95,27.95,26.7, 27.90,27.75,27.39,2767,0.76,35, 2634, 95.19
MPHASIS, EQ, 29-Jun-2022,2370.95,2337.55,2343.85,2305.75, 2316.00,2314.65,2324.62,726355,16884.97,46656, 542086, 74.63
MPSLTD, EQ, 29-Jun-2022,702.2,703.6,735.45,700.95, 732.90,730.55,719.94,16885,121.56,2374, 10361, 61.36
MRF, EQ, 29-Jun-2022,72268.65,71567.0,72000.0,71150.0, 71300.00,71523.75,71576.29,6071,4345.4,4054, 1536, 25.30
MRO-TEK, EQ, 29-Jun-2022,61.75,61.0,62.0,60.55, 61.90,61.1,61.25,6343,3.88,156, 3019, 47.60
MRPL, EQ, 29-Jun-2022,90.35,93.2,98.65,92.15, 92.30,93.1,95.51,21544259,20576.25,89394, 4597791, 21.34
MSPL, EQ, 29-Jun-2022,10.0,9.95,10.05,9.8, 9.90,9.95,9.97,145684,14.53,508, 91928, 63.10
MSTCLTD, EQ, 29-Jun-2022,245.25,242.9,248.25,242.7, 243.90,244.15,244.98,144377,353.7,3853, 62481, 43.28
MSUMI, EQ, 29-Jun-2022,68.85,68.0,70.4,67.25, 69.40,69.85,69.84,7327508,5117.67,15561, 5356736, 73.10
MTARTECH, EQ, 29-Jun-2022,1348.75,1340.0,1340.0,1215.05, 1242.00,1245.15,1253.16,728649,9131.14,48955, 336010, 46.11
MTEDUCARE, EQ, 29-Jun-2022,8.5,8.3,8.65,8.2, 8.45,8.25,8.39,198728,16.67,389, 122784, 61.78
MTNL, EQ, 29-Jun-2022,19.0,18.85,19.7,18.6, 19.00,19.05,19.28,937078,180.67,2608, 292129, 31.17
MUKANDLTD, EQ, 29-Jun-2022,108.1,109.95,112.0,106.2, 107.00,106.9,109.15,17433,19.03,410, 9985, 57.28
MUKTAARTS, EQ, 29-Jun-2022,48.0,48.35,48.6,47.0, 48.10,47.9,47.82,3575,1.71,70, 2437, 68.17
MUNJALAU, EQ, 29-Jun-2022,43.5,43.2,45.1,42.0, 42.90,43.0,43.86,125274,54.94,1767, 33262, 26.55
MUNJALSHOW, EQ, 29-Jun-2022,102.0,102.0,102.4,100.1, 100.60,100.7,101.34,33935,34.39,841, 15477, 45.61
MURUDCERA, EQ, 29-Jun-2022,23.15,23.45,23.75,23.0, 23.25,23.4,23.4,9376,2.19,87, 4394, 46.86
MUTHOOTCAP, EQ, 29-Jun-2022,171.55,170.0,173.05,169.05, 170.00,171.55,171.02,4947,8.46,206, 3502, 70.79
MUTHOOTFIN, EQ, 29-Jun-2022,993.3,984.95,990.0,960.4, 971.50,970.6,969.54,944102,9153.4,48991, 364415, 38.60
NACLIND, EQ, 29-Jun-2022,76.4,76.7,77.5,75.8, 76.10,76.2,76.43,12143,9.28,249, 7176, 59.10
NAGREEKCAP, EQ, 29-Jun-2022,11.35,10.8,11.8,10.8, 10.95,10.95,11.28,4959,0.56,29, 2060, 41.54
NAGREEKEXP, EQ, 29-Jun-2022,33.25,33.9,33.9,31.6, 31.60,31.75,31.95,15527,4.96,183, 11979, 77.15
NAHARCAP, EQ, 29-Jun-2022,380.1,375.0,398.45,365.0, 388.00,391.3,388.56,21440,83.31,1529, 6852, 31.96
NAHARINDUS, EQ, 29-Jun-2022,128.1,128.5,133.3,125.0, 128.00,128.1,129.51,61240,79.31,1858, 24657, 40.26
NAHARPOLY, EQ, 29-Jun-2022,355.35,357.0,373.1,344.15, 373.10,373.1,364.37,72217,263.13,2531, 30461, 42.18
NAHARSPING, EQ, 29-Jun-2022,320.45,324.4,336.45,313.65, 336.45,336.45,327.37,58240,190.66,1095, 37027, 63.58
NAM-INDIA, EQ, 29-Jun-2022,279.7,275.0,277.2,267.1, 276.70,275.4,271.45,1161314,3152.38,21313, 232159, 19.99
NATCOPHARM, EQ, 29-Jun-2022,640.25,635.45,639.4,629.7, 632.00,632.8,634.63,79265,503.04,6872, 49098, 61.94
NATHBIOGEN, EQ, 29-Jun-2022,166.65,166.1,175.5,164.9, 168.05,169.95,168.19,6804,11.44,298, 4638, 68.17
NATIONALUM, EQ, 29-Jun-2022,72.45,71.5,71.9,70.05, 71.20,71.2,70.99,12502473,8875.85,39221, 3296504, 26.37
NAUKRI, EQ, 29-Jun-2022,3912.1,3870.0,3880.0,3750.0, 3778.45,3779.75,3799.08,458375,17414.03,43222, 174263, 38.02
NAVINFLUOR, EQ, 29-Jun-2022,3699.15,3660.65,3766.5,3660.65, 3735.15,3750.8,3739.64,130966,4897.65,10896, 62117, 47.43
NAVKARCORP, EQ, 29-Jun-2022,52.2,51.1,54.2,51.0, 51.50,51.75,52.62,2965368,1560.3,11658, 575822, 19.42
NAVNETEDUL, EQ, 29-Jun-2022,94.05,94.0,97.7,93.0, 94.65,94.9,95.44,263651,251.64,5411, 146854, 55.70
NAZARA, EQ, 29-Jun-2022,674.0,663.15,709.0,656.3, 680.00,681.05,690.21,1859485,12834.35,65998, 194963, 10.48
NBCC, EQ, 29-Jun-2022,29.3,29.0,29.15,28.5, 28.75,28.8,28.85,5252467,1515.45,8493, 2472704, 47.08
NBIFIN, EQ, 29-Jun-2022,1895.75,1894.05,1900.0,1894.05, 1900.00,1899.5,1899.31,26,0.49,5, 25, 96.15
NBVENTURES, EQ, 29-Jun-2022,182.2,180.0,188.95,179.1, 180.00,180.3,184.05,804654,1480.99,10732, 210343, 26.14
NCC, EQ, 29-Jun-2022,54.75,54.25,56.4,53.75, 54.50,54.45,54.71,1809200,989.8,6743, 677184, 37.43
NCLIND, EQ, 29-Jun-2022,171.7,170.0,184.7,168.7, 177.00,176.2,176.16,230293,405.67,4459, 56738, 24.64
NDGL, EQ, 29-Jun-2022,1237.75,1234.4,1258.7,1203.0, 1210.00,1219.95,1228.36,330,4.05,61, 64, 19.39
NDL, EQ, 29-Jun-2022,29.8,29.8,30.9,29.5, 30.35,30.35,30.3,88170,26.72,826, 57393, 65.09
NDRAUTO, EQ, 29-Jun-2022,370.75,365.0,376.45,363.8, 367.10,370.3,370.89,6126,22.72,427, 3814, 62.26
NDTV, EQ, 29-Jun-2022,178.35,176.0,179.0,172.55, 177.00,176.9,177.3,131721,233.54,3304, 26241, 19.92
NECCLTD, EQ, 29-Jun-2022,25.85,25.95,26.25,25.4, 25.40,25.5,25.66,23057,5.92,219, 14035, 60.87
NECLIFE, EQ, 29-Jun-2022,23.15,22.7,23.3,22.6, 23.05,23.1,23.04,43627,10.05,438, 25181, 57.72
NELCAST, EQ, 29-Jun-2022,58.7,58.35,60.0,57.85, 58.60,58.8,58.87,32260,18.99,539, 17956, 55.66
NELCO, EQ, 29-Jun-2022,603.95,603.95,630.0,589.9, 604.50,598.0,612.22,31069,190.21,2248, 13914, 44.78
NEOGEN, EQ, 29-Jun-2022,1297.3,1290.0,1322.45,1286.45, 1292.55,1297.7,1302.37,10465,136.29,2518, 4315, 41.23
NESCO, EQ, 29-Jun-2022,549.3,546.9,555.0,545.0, 550.00,550.35,550.71,13896,76.53,1593, 9232, 66.44
NESTLEIND, EQ, 29-Jun-2022,17403.9,17350.0,17525.0,17252.3, 17519.95,17499.05,17454.49,96972,16925.97,21788, 58629, 60.46
NETF, EQ, 29-Jun-2022,164.94,167.98,167.98,161.65, 165.49,164.49,164.45,1424,2.34,85, 875, 61.45
NETWORK18, EQ, 29-Jun-2022,67.8,65.9,70.0,65.75, 67.95,68.2,68.18,3609576,2461.04,15292, 482231, 13.36
NEULANDLAB, EQ, 29-Jun-2022,1109.95,1090.1,1213.8,1079.4, 1172.00,1179.0,1169.18,53323,623.44,7529, 21438, 40.20
NEWGEN, EQ, 29-Jun-2022,358.1,355.5,355.6,350.1, 350.95,351.45,353.24,46939,165.81,3874, 27055, 57.64
NEXTMEDIA, EQ, 29-Jun-2022,5.3,5.15,5.4,5.15, 5.40,5.4,5.23,6369,0.33,10, 4486, 70.43
NFL, EQ, 29-Jun-2022,41.55,40.95,41.85,40.8, 41.50,41.65,41.5,439205,182.27,2157, 168327, 38.33
NGIL, EQ, 29-Jun-2022,138.3,135.0,143.0,135.0, 142.00,140.0,138.12,74796,103.31,437, 63850, 85.37
NH, EQ, 29-Jun-2022,640.15,632.0,647.95,628.4, 629.00,632.8,638.42,73191,467.27,11223, 46067, 62.94
NHPC, EQ, 29-Jun-2022,32.5,32.25,32.8,30.65, 30.95,30.95,31.56,16371349,5167.5,26398, 10386319, 63.44
NIACL, EQ, 29-Jun-2022,81.45,80.25,83.55,80.25, 81.15,81.35,81.47,373906,304.62,6260, 148555, 39.73
NIBL, EQ, 29-Jun-2022,19.85,20.25,20.25,19.5, 19.80,19.9,19.87,3407,0.68,39, 2579, 75.70
NIF100BEES, EQ, 29-Jun-2022,165.93,165.25,166.5,162.03, 165.73,165.21,165.27,4219,6.97,179, 2391, 56.67
NIFTYBEES, EQ, 29-Jun-2022,172.65,172.99,172.99,170.3, 171.60,171.86,171.83,2225141,3823.52,20929, 1183099, 53.17
NIITLTD, EQ, 29-Jun-2022,427.95,420.0,434.0,418.0, 423.00,423.3,425.5,388868,1654.65,13197, 105843, 27.22
NILAINFRA, EQ, 29-Jun-2022,5.3,5.25,5.6,5.05, 5.05,5.1,5.26,483869,25.47,611, 212570, 43.93
NILASPACES, EQ, 29-Jun-2022,3.05,3.05,3.1,2.9, 3.00,2.95,2.99,126817,3.79,270, 76955, 60.68
NILKAMAL, EQ, 29-Jun-2022,1908.0,1890.0,1929.45,1868.0, 1914.95,1906.85,1899.34,4938,93.79,1115, 2058, 41.68
NIPPOBATRY, EQ, 29-Jun-2022,332.15,331.9,340.0,330.95, 336.40,335.9,335.06,1529,5.12,252, 480, 31.39
NIRAJ, EQ, 29-Jun-2022,29.3,29.3,30.05,29.3, 30.05,29.9,29.88,1341,0.4,38, 1174, 87.55
NITCO, EQ, 29-Jun-2022,23.35,23.35,23.8,23.3, 23.75,23.65,23.47,8495,1.99,130, 5864, 69.03
NITINSPIN, EQ, 29-Jun-2022,205.1,201.7,208.6,201.4, 206.35,205.8,206.1,78909,162.63,2991, 38979, 49.40
NITIRAJ, EQ, 29-Jun-2022,69.5,68.7,70.4,68.0, 70.20,70.05,69.9,1944,1.36,105, 987, 50.77
NLCINDIA, EQ, 29-Jun-2022,65.4,64.6,67.05,64.3, 65.10,65.35,65.88,2672083,1760.27,14188, 945683, 35.39
NMDC, EQ, 29-Jun-2022,111.25,110.1,111.15,109.0, 109.55,109.5,109.83,8707037,9562.94,30718, 3392388, 38.96
NOCIL, EQ, 29-Jun-2022,259.25,257.95,260.4,253.1, 253.70,254.1,257.77,450997,1162.52,11838, 113292, 25.12
NOIDATOLL, EQ, 29-Jun-2022,7.4,7.2,7.55,7.2, 7.35,7.4,7.43,116754,8.67,237, 60849, 52.12
NOVARTIND, EQ, 29-Jun-2022,629.45,628.0,633.0,614.5, 619.00,621.45,622.45,4316,26.87,610, 1854, 42.96
NPBET, EQ, 29-Jun-2022,172.49,174.98,174.98,169.15, 169.21,169.21,170.74,364,0.62,34, 313, 85.99
NRAIL, EQ, 29-Jun-2022,228.5,234.0,234.0,222.7, 222.70,226.05,228.71,3086,7.06,270, 1854, 60.08
NRBBEARING, EQ, 29-Jun-2022,143.1,141.0,142.5,135.0, 135.40,135.8,139.19,343320,477.88,6609, 177700, 51.76
NSIL, EQ, 29-Jun-2022,1369.75,1355.4,1355.4,1328.1, 1328.10,1332.1,1336.85,1035,13.84,294, 781, 75.46
NTPC, EQ, 29-Jun-2022,138.6,137.8,143.1,136.8, 141.30,141.75,141.1,53487394,75468.12,110449, 25860391, 48.35
NUCLEUS, EQ, 29-Jun-2022,391.0,389.0,394.05,387.0, 387.50,388.15,389.79,6377,24.86,856, 3185, 49.95
NURECA, EQ, 29-Jun-2022,1012.95,1009.0,1015.0,995.05, 1008.30,1001.1,1004.66,4252,42.72,1447, 897, 21.10
NUVOCO, EQ, 29-Jun-2022,300.15,300.0,313.0,296.1, 296.15,298.3,304.33,379499,1154.94,15535, 167689, 44.19
NV20BEES, EQ, 29-Jun-2022,90.59,91.48,91.48,89.91, 90.42,90.29,90.19,4079,3.68,72, 2921, 71.61
NXTDIGITAL, EQ, 29-Jun-2022,379.7,375.05,383.45,375.0, 375.60,377.45,377.27,1773,6.69,163, 1408, 79.41
NYKAA, EQ, 29-Jun-2022,1439.6,1429.6,1464.75,1395.65, 1429.90,1427.45,1445.02,382697,5530.07,26495, 114749, 29.98
OAL, EQ, 29-Jun-2022,577.1,580.0,589.85,560.95, 565.10,571.85,578.47,7692,44.5,1243, 1485, 19.31
OBCL, EQ, 29-Jun-2022,120.95,122.0,122.0,117.25, 118.75,120.35,119.4,8360,9.98,265, 3963, 47.40
OBEROIRLTY, EQ, 29-Jun-2022,747.6,741.0,746.45,735.0, 739.00,739.95,741.19,372132,2758.2,12868, 162774, 43.74
OCCL, EQ, 29-Jun-2022,721.6,728.0,744.75,720.0, 739.90,735.0,735.22,7360,54.11,292, 5996, 81.47
OFSS, EQ, 29-Jun-2022,3134.55,3110.0,3159.9,3108.0, 3125.00,3135.85,3141.59,77347,2429.93,7359, 46926, 60.67
OIL, EQ, 29-Jun-2022,249.65,248.0,263.45,244.15, 260.95,261.6,257.36,10212551,26282.84,88521, 1399319, 13.70
OLECTRA, EQ, 29-Jun-2022,614.75,612.1,613.95,604.5, 607.00,607.0,608.5,106677,649.13,4744, 79936, 74.93
OMAXAUTO, EQ, 29-Jun-2022,49.65,49.65,50.9,49.5, 50.25,49.65,50.07,16614,8.32,325, 9105, 54.80
OMAXE, EQ, 29-Jun-2022,86.25,85.8,87.55,85.15, 85.55,85.95,86.34,57316,49.49,1290, 30703, 53.57
OMINFRAL, EQ, 29-Jun-2022,29.6,29.7,30.5,28.9, 30.20,29.95,30.02,41690,12.52,382, 28491, 68.34
OMKARCHEM, EQ, 29-Jun-2022,22.5,22.05,23.35,22.05, 22.05,22.2,22.34,18421,4.12,263, 11467, 62.25
ONELIFECAP, EQ, 29-Jun-2022,9.95,10.9,10.9,9.9, 10.40,10.35,10.46,32094,3.36,134, 17976, 56.01
ONEPOINT, EQ, 29-Jun-2022,10.35,10.5,10.5,10.1, 10.50,10.45,10.32,34590,3.57,98, 23943, 69.22
ONGC, EQ, 29-Jun-2022,149.35,149.35,157.4,146.2, 153.60,154.15,152.82,165860322,253468.03,272601, 60529306, 36.49
ONMOBILE, EQ, 29-Jun-2022,122.1,120.15,126.1,119.05, 122.65,122.7,123.29,788089,971.66,10179, 133475, 16.94
ONWARDTEC, EQ, 29-Jun-2022,299.1,292.15,296.75,281.2, 285.00,288.1,291.28,6112,17.8,422, 2956, 48.36
OPTIEMUS, EQ, 29-Jun-2022,292.25,294.55,294.55,273.1, 277.80,278.55,285.91,180937,517.32,4001, 107911, 59.64
ORBTEXP, EQ, 29-Jun-2022,107.35,108.1,108.7,105.85, 106.05,106.9,106.91,8777,9.38,223, 6223, 70.90
ORICONENT, EQ, 29-Jun-2022,25.4,25.2,25.75,25.05, 25.05,25.4,25.39,21250,5.4,221, 12929, 60.84
ORIENTABRA, EQ, 29-Jun-2022,27.8,27.95,28.0,27.3, 27.80,27.65,27.71,23082,6.4,298, 14568, 63.11
ORIENTALTL, EQ, 29-Jun-2022,12.2,12.15,12.35,11.35, 11.95,11.95,11.98,33145,3.97,180, 24332, 73.41
ORIENTBELL, EQ, 29-Jun-2022,579.9,591.0,687.0,571.0, 657.95,660.9,663.4,474358,3146.88,27053, 66052, 13.92
ORIENTCEM, EQ, 29-Jun-2022,113.2,112.15,119.6,111.85, 115.20,115.95,116.71,639221,746.06,9759, 216183, 33.82
ORIENTELEC, EQ, 29-Jun-2022,265.85,262.05,272.0,257.0, 260.00,259.65,264.73,60798,160.95,3971, 18538, 30.49
ORIENTHOT, EQ, 29-Jun-2022,56.25,55.6,57.0,55.0, 56.05,56.3,56.03,47726,26.74,654, 26774, 56.10
ORIENTLTD, EQ, 29-Jun-2022,64.25,64.8,64.8,62.2, 64.20,64.05,63.84,600,0.38,57, 304, 50.67
ORIENTPPR, EQ, 29-Jun-2022,23.8,23.5,24.7,23.25, 24.30,24.3,24.29,1102170,267.69,3299, 579869, 52.61
ORTINLAB, EQ, 29-Jun-2022,21.7,21.3,21.8,21.3, 21.30,21.4,21.54,6130,1.32,177, 4624, 75.43
OSWALAGRO, EQ, 29-Jun-2022,32.35,32.25,32.3,30.55, 30.75,31.05,31.43,176551,55.49,883, 129727, 73.48
PAGEIND, EQ, 29-Jun-2022,40028.55,39900.0,41475.3,39529.7, 40821.00,41027.05,40407.79,38176,15426.08,13667, 25458, 66.69
PAISALO, EQ, 29-Jun-2022,799.15,806.0,818.0,796.0, 799.00,799.35,803.9,78263,629.15,3604, 50620, 64.68
PALASHSECU, EQ, 29-Jun-2022,94.75,98.35,98.35,91.6, 95.00,93.65,94.48,1697,1.6,74, 401, 23.63
PALREDTEC, EQ, 29-Jun-2022,142.1,147.75,149.2,142.1, 142.65,143.35,146.22,20345,29.75,511, 11998, 58.97
PANACEABIO, EQ, 29-Jun-2022,131.45,132.9,133.95,130.05, 130.60,131.6,132.08,23178,30.61,811, 9862, 42.55
PANACHE, EQ, 29-Jun-2022,66.55,69.85,69.85,63.55, 63.55,65.35,68.75,4566,3.14,90, 3578, 78.36
PANAMAPET, EQ, 29-Jun-2022,273.2,271.95,286.3,267.05, 268.00,268.7,274.47,104616,287.14,6508, 47380, 45.29
PANSARI, EQ, 29-Jun-2022,93.55,91.4,93.3,91.4, 91.40,92.8,91.54,41,0.04,8, 39, 95.12
PAR, EQ, 29-Jun-2022,140.75,141.15,145.0,140.6, 143.90,142.6,142.4,2818,4.01,92, 1772, 62.88
PARACABLES, EQ, 29-Jun-2022,11.1,11.3,11.3,10.9, 11.15,11.05,11.04,40366,4.45,169, 23700, 58.71
PARADEEP, EQ, 29-Jun-2022,40.9,40.3,41.35,40.15, 40.45,40.75,40.73,1343106,547.0,5649, 659782, 49.12
PARAGMILK, EQ, 29-Jun-2022,75.6,75.0,78.95,73.75, 75.90,75.95,75.88,275805,209.28,4098, 69011, 25.02
PARAS, EQ, 29-Jun-2022,632.15,624.0,638.0,615.0, 617.20,617.1,624.15,136963,854.85,9358, 37719, 27.54
PARSVNATH, EQ, 29-Jun-2022,10.15,10.0,10.2,9.85, 9.95,9.85,9.94,76510,7.61,228, 43365, 56.68
PASUPTAC, EQ, 29-Jun-2022,31.85,32.05,32.75,31.8, 32.05,32.2,32.25,28817,9.29,441, 13215, 45.86
PATELENG, EQ, 29-Jun-2022,22.25,22.0,22.7,21.75, 22.25,22.15,22.18,427058,94.71,1536, 230266, 53.92
PATINTLOG, EQ, 29-Jun-2022,12.15,12.15,12.25,11.95, 12.20,12.1,12.14,27330,3.32,149, 20783, 76.04
PAYTM, EQ, 29-Jun-2022,707.1,696.95,713.8,690.2, 707.45,705.65,704.63,4190996,29530.9,74730, 867231, 20.69
PBAINFRA, EQ, 29-Jun-2022,14.4,14.55,15.8,13.75, 15.80,15.8,15.44,170700,26.36,717, 111608, 65.38
PCBL, EQ, 29-Jun-2022,105.5,104.95,106.25,104.2, 106.00,105.85,105.32,329718,347.27,5501, 167010, 50.65
PCJEWELLER, EQ, 29-Jun-2022,24.45,24.15,24.3,23.3, 23.45,23.45,23.86,1463648,349.16,1986, 1242783, 84.91
PDMJEPAPER, EQ, 29-Jun-2022,35.1,35.0,37.6,34.6, 37.10,36.9,36.59,210796,77.12,2084, 86350, 40.96
PDSL, EQ, 29-Jun-2022,1703.65,1700.95,1720.0,1680.05, 1700.00,1699.9,1706.76,1407,24.01,264, 771, 54.80
PEARLPOLY, EQ, 29-Jun-2022,21.95,21.5,22.45,21.5, 22.45,22.2,22.09,23634,5.22,274, 16408, 69.43
PEL, EQ, 29-Jun-2022,1688.1,1669.9,1677.5,1641.55, 1668.00,1664.5,1658.1,695469,11531.6,28865, 351184, 50.50
PENIND, EQ, 29-Jun-2022,36.7,36.5,37.2,36.15, 36.80,36.95,36.78,318926,117.3,888, 230872, 72.39
PENINLAND, EQ, 29-Jun-2022,9.95,10.15,10.15,9.6, 9.90,9.8,9.85,33320,3.28,139, 20489, 61.49
PERSISTENT, EQ, 29-Jun-2022,3523.3,3475.0,3525.0,3435.1, 3489.00,3501.6,3500.95,220316,7713.16,23927, 77212, 35.05
PETRONET, EQ, 29-Jun-2022,215.75,213.75,219.0,213.75, 217.00,218.4,216.59,1223555,2650.15,17600, 485105, 39.65
PFC, EQ, 29-Jun-2022,103.95,103.5,104.15,102.5, 103.90,103.85,103.4,1715783,1774.2,10950, 522132, 30.43
PFIZER, EQ, 29-Jun-2022,4095.7,4074.0,4124.0,4060.0, 4086.45,4086.45,4096.66,4301,176.2,1195, 1781, 41.41
PFOCUS, EQ, 29-Jun-2022,62.35,64.9,64.9,61.8, 63.75,62.85,62.88,10247,6.44,200, 6825, 66.60
PFS, EQ, 29-Jun-2022,13.7,13.7,14.0,13.5, 13.70,13.65,13.8,239554,33.06,1158, 91644, 38.26
PGHH, EQ, 29-Jun-2022,13174.6,13082.0,13447.0,13082.0, 13310.00,13354.45,13225.26,13456,1779.59,3711, 9180, 68.22
PGHL, EQ, 29-Jun-2022,4061.35,4061.0,4100.0,4022.95, 4100.00,4094.1,4063.37,1646,66.88,735, 856, 52.00
PGIL, EQ, 29-Jun-2022,398.9,390.0,412.0,385.25, 392.30,399.75,398.72,7686,30.65,611, 4728, 61.51
PHARMABEES, EQ, 29-Jun-2022,12.3,12.39,12.39,12.1, 12.32,12.27,12.25,34485,4.22,475, 26501, 76.85
PHOENIXLTD, EQ, 29-Jun-2022,1189.35,1178.0,1244.95,1152.1, 1215.00,1209.35,1207.19,279016,3368.24,23365, 80557, 28.87
PIDILITIND, EQ, 29-Jun-2022,2116.2,2105.0,2141.6,2085.7, 2095.00,2098.15,2110.95,461278,9737.33,28904, 161212, 34.95
PIIND, EQ, 29-Jun-2022,2626.25,2609.35,2659.15,2572.55, 2580.10,2581.35,2608.17,178670,4660.01,30783, 99463, 55.67
PILANIINVS, EQ, 29-Jun-2022,1584.55,1561.0,1625.0,1561.0, 1597.00,1592.1,1591.77,1741,27.71,358, 990, 56.86
PILITA, EQ, 29-Jun-2022,7.9,7.75,7.95,7.75, 7.75,7.75,7.8,240614,18.76,569, 158396, 65.83
PIONDIST, EQ, 29-Jun-2022,153.0,152.05,152.05,148.8, 149.20,149.8,150.66,1124,1.69,63, 602, 53.56
PIONEEREMB, EQ, 29-Jun-2022,37.75,37.25,38.4,37.25, 38.15,38.15,37.75,7340,2.77,87, 5304, 72.26
PITTIENG, EQ, 29-Jun-2022,302.65,300.9,314.8,298.2, 308.30,309.05,308.26,270734,834.55,11123, 116322, 42.97
PIXTRANS, EQ, 29-Jun-2022,822.05,814.7,845.0,810.05, 822.20,834.4,829.72,2921,24.24,614, 1676, 57.38
PLASTIBLEN, EQ, 29-Jun-2022,198.25,198.25,198.25,194.0, 194.05,194.35,195.6,4154,8.13,126, 3393, 81.68
PNB, EQ, 29-Jun-2022,29.75,29.45,29.9,29.3, 29.80,29.75,29.56,17307144,5115.68,25114, 4820988, 27.86
PNBGILTS, EQ, 29-Jun-2022,61.65,60.8,61.8,60.8, 61.75,61.35,61.47,79677,48.98,881, 62009, 77.83
PNBHOUSING, EQ, 29-Jun-2022,331.3,328.2,336.75,327.65, 330.90,332.0,332.48,110320,366.79,4696, 40473, 36.69
PNC, EQ, 29-Jun-2022,43.0,44.8,44.8,41.5, 43.00,43.6,43.69,8864,3.87,331, 3617, 40.81
PNCINFRA, EQ, 29-Jun-2022,229.25,227.0,235.05,226.2, 232.90,233.15,230.08,89502,205.93,4657, 48243, 53.90
PODDARHOUS, EQ, 29-Jun-2022,172.2,166.8,175.15,165.9, 169.05,169.0,167.68,1026,1.72,64, 687, 66.96
PODDARMENT, EQ, 29-Jun-2022,250.35,252.6,253.0,247.5, 248.10,249.35,251.81,736,1.85,69, 557, 75.68
POKARNA, EQ, 29-Jun-2022,425.15,426.0,445.9,418.1, 424.75,424.5,430.64,60550,260.75,2588, 34050, 56.23
POLICYBZR, EQ, 29-Jun-2022,593.65,590.0,597.7,588.0, 590.00,589.15,590.99,283461,1675.22,9434, 152427, 53.77
POLYCAB, EQ, 29-Jun-2022,2238.0,2210.0,2244.25,2201.0, 2210.00,2219.95,2224.31,156190,3474.15,11960, 66071, 42.30
POLYMED, EQ, 29-Jun-2022,737.35,741.0,753.6,728.8, 731.15,736.2,742.6,22454,166.74,2636, 5394, 24.02
POLYPLEX, EQ, 29-Jun-2022,2354.6,2320.0,2367.05,2295.05, 2316.00,2327.7,2339.03,156958,3671.3,17268, 47698, 30.39
PONNIERODE, EQ, 29-Jun-2022,253.4,251.95,255.0,244.3, 244.35,245.55,249.58,22749,56.78,847, 11139, 48.96
POONAWALLA, EQ, 29-Jun-2022,239.0,235.5,237.5,228.55, 230.00,230.25,233.74,2010780,4699.92,14439, 986845, 49.08
POWERGRID, EQ, 29-Jun-2022,210.3,209.1,215.0,208.45, 210.40,211.1,211.24,31127189,65754.01,153996, 18438829, 59.24
POWERINDIA, EQ, 29-Jun-2022,3150.0,3139.0,3160.0,3108.0, 3115.00,3144.8,3137.75,16596,520.74,4842, 7009, 42.23
POWERMECH, EQ, 29-Jun-2022,918.4,919.85,924.3,892.05, 911.00,904.8,903.14,7859,70.98,898, 4461, 56.76
PPAP, EQ, 29-Jun-2022,190.15,185.3,197.0,185.1, 188.10,190.25,192.14,6880,13.22,308, 3918, 56.95
PPL, EQ, 29-Jun-2022,167.6,165.0,169.0,164.2, 166.00,167.1,167.18,26829,44.85,1286, 13965, 52.05
PRAENG, EQ, 29-Jun-2022,14.35,15.05,15.05,13.95, 14.85,14.65,14.79,60571,8.96,260, 33939, 56.03
PRAJIND, EQ, 29-Jun-2022,357.45,353.0,363.45,353.0, 357.05,358.0,359.41,327647,1177.58,8559, 101999, 31.13
PRAKASH, EQ, 29-Jun-2022,51.0,51.05,52.2,50.55, 51.30,51.6,51.65,456092,235.56,6207, 161305, 35.37
PRAKASHSTL, EQ, 29-Jun-2022,4.85,4.8,4.9,4.75, 4.90,4.85,4.82,421444,20.33,700, 255731, 60.68
PRAXIS, EQ, 29-Jun-2022,38.8,37.0,39.9,36.9, 36.90,37.1,37.66,14279,5.38,122, 12304, 86.17
PRECAM, EQ, 29-Jun-2022,102.75,101.95,108.0,100.15, 105.00,104.9,104.94,152894,160.44,3924, 66185, 43.29
PRECOT, EQ, 29-Jun-2022,236.75,231.5,238.0,231.05, 232.00,232.55,234.95,4539,10.66,919, 1362, 30.01
PRECWIRE, EQ, 29-Jun-2022,65.25,64.0,65.35,63.35, 64.00,63.7,64.52,101815,65.69,793, 87940, 86.37
PREMEXPLN, EQ, 29-Jun-2022,303.85,304.15,309.55,301.2, 302.25,303.6,304.63,1808,5.51,125, 1194, 66.04
PREMIERPOL, EQ, 29-Jun-2022,82.6,80.05,85.75,80.05, 82.35,83.15,83.57,8105,6.77,389, 2649, 32.68
PRESSMN, EQ, 29-Jun-2022,44.7,45.0,45.45,41.3, 42.60,42.85,42.86,174312,74.71,1351, 77037, 44.19
PRESTIGE, EQ, 29-Jun-2022,401.9,399.25,402.6,393.2, 395.15,398.75,398.66,389139,1551.32,9371, 253036, 65.02
PRICOLLTD, EQ, 29-Jun-2022,128.35,126.05,129.55,124.25, 126.00,125.75,127.2,869455,1105.95,8178, 146086, 16.80
PRIMESECU, EQ, 29-Jun-2022,95.8,95.0,97.5,92.7, 94.65,96.6,95.88,80185,76.88,385, 54159, 67.54
PRINCEPIPE, EQ, 29-Jun-2022,614.3,614.3,614.95,601.3, 602.05,602.95,605.4,81450,493.1,5876, 36832, 45.22
PRITI, EQ, 29-Jun-2022,123.05,129.2,129.2,129.2, 129.20,129.2,129.2,14564,18.82,57, 14564, 100.00
PRITIKAUTO, EQ, 29-Jun-2022,14.25,14.35,14.4,14.05, 14.05,14.05,14.23,22390,3.19,176, 15063, 67.28
PRIVISCL, EQ, 29-Jun-2022,1076.7,1069.9,1085.2,1051.9, 1056.00,1060.75,1065.7,8111,86.44,1694, 3395, 41.86
PROZONINTU, EQ, 29-Jun-2022,20.95,20.8,21.6,20.2, 20.60,20.55,20.8,187887,39.07,1078, 105503, 56.15
PRSMJOHNSN, EQ, 29-Jun-2022,104.95,103.4,108.7,103.4, 107.45,107.45,107.39,101507,109.01,2396, 37961, 37.40
PRUDENT, EQ, 29-Jun-2022,508.95,502.05,513.65,501.0, 502.10,506.4,509.01,28017,142.61,1314, 17997, 64.24
PSB, EQ, 29-Jun-2022,14.3,14.7,14.7,14.15, 14.30,14.2,14.33,141024,20.22,782, 99452, 70.52
PSPPROJECT, EQ, 29-Jun-2022,559.05,565.2,574.75,546.7, 553.00,549.05,562.56,294743,1658.1,15851, 85076, 28.86
PSUBNKBEES, EQ, 29-Jun-2022,27.47,27.24,27.33,27.01, 27.20,27.22,27.24,375851,102.37,652, 210247, 55.94
PTC, EQ, 29-Jun-2022,72.8,75.3,76.4,73.45, 74.70,74.45,75.16,1775140,1334.19,21130, 604984, 34.08
PTL, EQ, 29-Jun-2022,33.75,33.95,33.95,33.0, 33.25,33.35,33.35,176653,58.92,1724, 140454, 79.51
PUNJABCHEM, EQ, 29-Jun-2022,1214.95,1191.3,1224.95,1188.25, 1217.65,1218.65,1217.11,693,8.43,150, 358, 51.66
PURVA, EQ, 29-Jun-2022,83.95,83.4,86.45,83.05, 84.05,84.75,84.62,59135,50.04,963, 32304, 54.63
PVP, EQ, 29-Jun-2022,5.15,5.2,5.35,4.9, 4.95,4.95,5.06,38285,1.94,92, 33663, 87.93
PVR, EQ, 29-Jun-2022,1846.2,1839.95,1851.0,1824.35, 1841.00,1839.8,1838.21,294707,5417.32,15777, 140160, 47.56
QGOLDHALF, EQ, 29-Jun-2022,43.64,43.7,43.7,43.41, 43.60,43.68,43.69,251018,109.67,301, 248337, 98.93
QNIFTY, EQ, 29-Jun-2022,1666.0,1658.3,1669.0,1654.0, 1668.00,1668.0,1663.05,39,0.65,11, 10, 25.64
QUESS, EQ, 29-Jun-2022,607.55,603.1,610.35,597.1, 598.50,600.9,606.15,48358,293.12,3682, 24393, 50.44
QUICKHEAL, EQ, 29-Jun-2022,162.3,160.85,162.4,159.1, 160.80,159.8,160.75,19065,30.65,1209, 8956, 46.98
RADICO, EQ, 29-Jun-2022,834.4,830.0,867.0,818.4, 854.00,860.65,851.92,262439,2235.77,13321, 122038, 46.50
RADIOCITY, EQ, 29-Jun-2022,23.0,23.0,23.0,22.35, 22.50,22.5,22.62,112028,25.34,390, 81179, 72.46
RAILTEL, EQ, 29-Jun-2022,93.0,92.45,93.4,91.5, 92.10,92.35,92.33,186080,171.81,2741, 74892, 40.25
RAIN, EQ, 29-Jun-2022,147.3,146.0,150.3,144.0, 148.00,149.25,147.88,2009572,2971.66,12736, 374915, 18.66
RAINBOW, EQ, 29-Jun-2022,466.6,466.0,468.75,461.65, 466.00,465.05,465.33,24690,114.89,2544, 13575, 54.98
RAJESHEXPO, EQ, 29-Jun-2022,589.9,596.0,622.2,580.0, 618.00,618.65,610.37,366761,2238.59,20931, 65356, 17.82
RAJMET, EQ, 29-Jun-2022,394.15,395.1,395.1,392.55, 394.30,394.05,394.42,9527,37.58,285, 5039, 52.89
RAJRATAN, EQ, 29-Jun-2022,616.8,610.0,695.95,602.55, 667.15,663.05,668.74,216496,1447.79,15325, 59334, 27.41
RAJSREESUG, EQ, 29-Jun-2022,32.7,31.65,34.0,31.65, 33.30,33.35,33.39,31676,10.58,264, 14120, 44.58
RAJTV, EQ, 29-Jun-2022,38.2,38.7,38.7,36.0, 36.50,36.6,36.85,8516,3.14,160, 4170, 48.97
RALLIS, EQ, 29-Jun-2022,188.55,187.0,188.95,186.0, 187.00,186.75,186.98,153688,287.36,7845, 73919, 48.10
RAMANEWS, EQ, 29-Jun-2022,15.45,15.15,15.9,15.0, 15.30,15.4,15.48,41113,6.36,279, 12882, 31.33
RAMASTEEL, EQ, 29-Jun-2022,382.55,386.0,391.45,380.0, 384.85,383.15,384.93,61725,237.6,1368, 18763, 30.40
RAMCOCEM, EQ, 29-Jun-2022,627.85,623.85,634.7,617.4, 627.90,630.25,625.75,238430,1491.98,10332, 69757, 29.26
RAMCOIND, EQ, 29-Jun-2022,182.6,182.6,182.6,171.0, 176.30,178.45,179.68,18494,33.23,958, 9505, 51.40
RAMCOSYS, EQ, 29-Jun-2022,294.55,292.9,297.15,284.3, 285.10,286.4,290.62,79359,230.63,2699, 27477, 34.62
RAMKY, EQ, 29-Jun-2022,153.65,150.0,155.45,146.7, 148.20,150.0,150.58,52685,79.33,1566, 25238, 47.90
RANASUG, EQ, 29-Jun-2022,26.15,26.0,27.15,25.6, 26.95,26.9,26.68,773747,206.4,3251, 236493, 30.56
RANEENGINE, EQ, 29-Jun-2022,260.1,256.5,256.5,236.25, 247.00,249.75,248.9,33147,82.5,1459, 7629, 23.02
RANEHOLDIN, EQ, 29-Jun-2022,632.85,621.0,629.95,616.05, 616.05,617.4,622.98,8399,52.32,677, 5570, 66.32
RATEGAIN, EQ, 29-Jun-2022,264.75,256.35,258.6,249.0, 250.60,251.05,253.81,200331,508.46,8693, 93857, 46.85
RATNAMANI, EQ, 29-Jun-2022,2482.85,2480.0,2558.0,2460.15, 2482.00,2520.75,2495.53,46255,1154.31,5422, 25781, 55.74
RAYMOND, EQ, 29-Jun-2022,883.0,879.9,927.15,870.1, 907.80,907.7,915.01,466700,4270.34,33064, 169378, 36.29
RBA, EQ, 29-Jun-2022,109.35,108.0,112.8,107.3, 110.30,110.7,109.88,1181884,1298.62,14731, 686247, 58.06
RBL, EQ, 29-Jun-2022,722.75,718.7,740.0,706.05, 707.50,716.9,725.68,29025,210.63,3406, 10871, 37.45
RBLBANK, EQ, 29-Jun-2022,88.95,87.3,87.3,83.9, 84.45,84.3,84.91,28187956,23934.61,67361, 5808101, 20.60
RCF, EQ, 29-Jun-2022,79.05,77.6,79.65,77.55, 78.90,78.95,78.87,1296356,1022.45,7182, 263340, 20.31
RECLTD, EQ, 29-Jun-2022,120.2,119.45,120.35,118.55, 120.00,120.0,119.63,2219321,2654.88,17108, 952142, 42.90
REDINGTON, EQ, 29-Jun-2022,129.5,128.0,128.9,126.75, 128.00,127.95,127.94,1111373,1421.89,12552, 522185, 46.99
REFEX, EQ, 29-Jun-2022,113.2,111.3,114.8,110.5, 112.50,113.35,113.12,31210,35.3,989, 13268, 42.51
RELAXO, EQ, 29-Jun-2022,965.05,962.0,977.95,961.35, 968.00,965.1,970.06,49943,484.48,5241, 19926, 39.90
RELCHEMQ, EQ, 29-Jun-2022,220.7,208.0,224.05,208.0, 219.70,218.05,219.16,3754,8.23,264, 1784, 47.52
RELIANCE, EQ, 29-Jun-2022,2527.7,2507.2,2597.0,2501.0, 2576.00,2580.15,2559.16,8863172,226822.91,383990, 3617967, 40.82
RELIGARE, EQ, 29-Jun-2022,120.7,119.6,123.8,119.0, 120.00,120.05,121.91,487954,594.88,7632, 135146, 27.70
RELINFRA, EQ, 29-Jun-2022,92.2,91.5,94.85,91.1, 92.40,92.1,92.92,1126742,1047.02,8301, 406359, 36.06
REMSONSIND, EQ, 29-Jun-2022,209.65,208.8,212.75,205.55, 206.00,209.8,208.88,2018,4.22,118, 847, 41.97
RENUKA, EQ, 29-Jun-2022,46.95,46.5,48.3,46.15, 47.00,47.3,47.21,15122236,7139.72,27133, 2257476, 14.93
REPCOHOME, EQ, 29-Jun-2022,138.1,135.0,139.8,134.0, 136.70,136.45,136.92,137427,188.17,3394, 51111, 37.19
REPL, EQ, 29-Jun-2022,173.95,173.75,173.75,168.15, 168.60,168.75,170.83,5023,8.58,211, 3554, 70.75
REPRO, EQ, 29-Jun-2022,378.6,378.95,392.35,371.5, 373.50,374.8,378.58,1865,7.06,131, 506, 27.13
RESPONIND, EQ, 29-Jun-2022,119.7,118.5,121.1,117.5, 118.35,118.65,119.17,54517,64.97,1030, 2667, 4.89
REVATHI, EQ, 29-Jun-2022,675.5,675.0,675.5,669.0, 669.00,669.0,675.05,1104,7.45,20, 1088, 98.55
RGL, EQ, 29-Jun-2022,584.4,579.6,579.6,565.0, 565.05,570.55,572.52,41012,234.8,7380, 7778, 18.97
RHFL, EQ, 29-Jun-2022,3.0,3.05,3.05,2.8, 2.95,2.85,2.91,1831617,53.36,1287, 1393113, 76.06
RHIM, EQ, 29-Jun-2022,487.8,484.0,493.0,480.1, 481.00,483.6,486.52,82715,402.42,3945, 34184, 41.33
RICOAUTO, EQ, 29-Jun-2022,43.9,43.5,45.45,42.9, 43.05,43.15,44.34,1217016,539.58,5973, 410982, 33.77
RIIL, EQ, 29-Jun-2022,842.0,830.0,1004.0,826.15, 944.00,954.9,939.41,8147867,76542.02,217470, 396177, 4.86
RITCO, EQ, 29-Jun-2022,129.35,126.6,140.0,126.6, 135.00,134.45,133.29,15621,20.82,365, 9181, 58.77
RITES, EQ, 29-Jun-2022,229.95,228.7,238.9,227.8, 230.45,230.8,230.14,57878,133.2,1727, 37495, 64.78
RKDL, EQ, 29-Jun-2022,10.05,10.5,10.5,9.9, 10.10,10.05,10.01,3486,0.35,46, 2920, 83.76
RKEC, EQ, 29-Jun-2022,39.25,39.7,39.75,38.1, 39.00,38.75,39.07,5426,2.12,74, 3789, 69.83
RKFORGE, EQ, 29-Jun-2022,164.15,163.4,164.3,161.6, 163.60,163.85,163.46,93841,153.4,4359, 57350, 61.11
RML, EQ, 29-Jun-2022,332.0,329.0,332.0,321.55, 325.05,326.9,327.37,24972,81.75,2387, 9186, 36.79
ROHLTD, EQ, 29-Jun-2022,124.8,123.1,134.8,120.05, 134.00,133.95,130.24,82006,106.81,1501, 32352, 39.45
ROLEXRINGS, EQ, 29-Jun-2022,1612.85,1616.0,1654.4,1593.6, 1601.10,1607.05,1619.99,42975,696.19,5394, 10783, 25.09
ROLLT, EQ, 29-Jun-2022,1.2,1.15,1.2,1.15, 1.15,1.15,1.15,617579,7.1,354, 416208, 67.39
ROLTA, EQ, 29-Jun-2022,4.25,4.2,4.35,4.2, 4.20,4.2,4.27,77083,3.29,236, 61095, 79.26
ROSSARI, EQ, 29-Jun-2022,867.0,868.0,882.0,858.35, 861.05,868.9,874.15,36055,315.17,3215, 12689, 35.19
ROSSELLIND, EQ, 29-Jun-2022,178.85,178.5,183.25,175.05, 182.20,181.0,180.05,16604,29.9,506, 6601, 39.76
ROTO, EQ, 29-Jun-2022,474.0,470.0,505.5,466.3, 500.00,501.3,499.15,346576,1729.95,3702, 291519, 84.11
ROUTE, EQ, 29-Jun-2022,1327.05,1270.0,1298.0,1235.0, 1237.00,1240.05,1255.93,1160889,14579.94,55646, 176970, 15.24
RPGLIFE, EQ, 29-Jun-2022,570.9,570.8,572.1,561.7, 563.00,570.0,569.29,9271,52.78,521, 6427, 69.32
RPOWER, EQ, 29-Jun-2022,11.8,11.7,12.0,11.65, 11.70,11.75,11.86,4643422,550.48,7027, 2100328, 45.23
RPPINFRA, EQ, 29-Jun-2022,35.15,35.2,36.35,34.3, 36.10,36.0,35.72,49103,17.54,704, 29488, 60.05
RPPL, EQ, 29-Jun-2022,156.65,156.45,162.3,152.35, 155.25,155.4,157.46,3407,5.36,218, 1408, 41.33
RPSGVENT, EQ, 29-Jun-2022,506.75,505.9,508.25,498.55, 503.00,500.85,501.94,10305,51.72,958, 6138, 59.56
RSSOFTWARE, EQ, 29-Jun-2022,25.75,25.75,26.3,25.25, 25.35,25.5,25.63,16865,4.32,467, 6217, 36.86
RSWM, EQ, 29-Jun-2022,384.65,378.0,382.25,370.0, 370.10,372.3,376.55,94047,354.13,5002, 34887, 37.10
RSYSTEMS, EQ, 29-Jun-2022,225.2,223.0,224.6,219.65, 221.55,222.2,222.75,12382,27.58,743, 7598, 61.36
RTNINDIA, EQ, 29-Jun-2022,41.65,40.2,42.0,40.2, 40.95,40.85,41.24,588053,242.52,4023, 326085, 55.45
RTNPOWER, EQ, 29-Jun-2022,3.3,3.25,3.4,3.2, 3.35,3.35,3.31,10608983,351.35,5743, 4571559, 43.09
RUBYMILLS, EQ, 29-Jun-2022,370.2,366.0,373.95,363.05, 364.10,364.6,367.65,4636,17.04,246, 2895, 62.45
RUCHIRA, EQ, 29-Jun-2022,110.45,111.0,116.3,108.0, 110.00,110.65,112.44,586066,658.97,8752, 179263, 30.59
RUPA, EQ, 29-Jun-2022,351.75,349.0,363.7,338.0, 355.95,356.55,356.74,336044,1198.8,7651, 105561, 31.41
RUSHIL, EQ, 29-Jun-2022,418.2,416.0,422.65,410.0, 411.50,411.7,416.07,17359,72.23,953, 9616, 55.39
RVHL, EQ, 29-Jun-2022,21.0,21.6,21.6,20.0, 20.40,20.5,20.67,11497,2.38,54, 3452, 30.03
RVNL, EQ, 29-Jun-2022,30.4,30.2,30.35,30.0, 30.15,30.1,30.15,698214,210.54,5814, 397070, 56.87
SADBHAV, EQ, 29-Jun-2022,15.2,15.0,15.35,14.5, 14.85,14.8,14.87,375865,55.9,1617, 229678, 61.11
SADBHIN, EQ, 29-Jun-2022,7.7,7.85,8.0,7.35, 7.35,7.35,7.46,339732,25.33,638, 249202, 73.35
SAFARI, EQ, 29-Jun-2022,954.3,950.0,950.0,913.95, 925.00,924.55,928.06,6552,60.81,985, 3714, 56.68
SAGARDEEP, EQ, 29-Jun-2022,27.75,27.75,28.0,24.6, 26.70,26.15,27.1,28240,7.65,712, 11084, 39.25
SAGCEM, EQ, 29-Jun-2022,173.8,176.0,176.0,170.0, 171.00,171.1,172.31,34353,59.19,1819, 15645, 45.54
SAIL, EQ, 29-Jun-2022,71.1,70.15,70.7,69.7, 70.05,70.05,70.09,24035362,16845.83,49544, 4033530, 16.78
SAKHTISUG, EQ, 29-Jun-2022,16.5,16.6,16.6,15.9, 16.55,16.25,16.17,118404,19.15,576, 58844, 49.70
SAKSOFT, EQ, 29-Jun-2022,807.15,792.0,815.0,792.0, 801.20,804.75,807.14,7795,62.92,1317, 2475, 31.75
SAKUMA, EQ, 29-Jun-2022,13.7,13.65,13.85,13.4, 13.40,13.5,13.59,266201,36.18,849, 162232, 60.94
SALASAR, EQ, 29-Jun-2022,34.7,33.4,33.4,31.25, 31.25,31.25,31.68,1350557,427.88,3931, 663092, 49.10
SALONA, EQ, 29-Jun-2022,220.65,216.05,222.0,216.05, 217.95,219.75,219.8,797,1.75,48, 411, 51.57
SALSTEEL, EQ, 29-Jun-2022,8.4,8.65,8.65,8.25, 8.25,8.3,8.37,49845,4.17,273, 29293, 58.77
SALZERELEC, EQ, 29-Jun-2022,173.45,172.9,174.9,170.0, 170.50,170.85,172.01,20962,36.06,510, 12742, 60.79
SAMBHAAV, EQ, 29-Jun-2022,3.75,3.8,3.8,3.5, 3.65,3.6,3.62,74771,2.71,120, 50355, 67.35
SANCO, EQ, 29-Jun-2022,9.05,8.75,9.45,8.75, 9.10,9.2,9.16,19514,1.79,105, 12759, 65.38
SANDESH, EQ, 29-Jun-2022,687.9,675.25,690.0,672.15, 690.00,686.65,681.19,194,1.32,29, 139, 71.65
SANDHAR, EQ, 29-Jun-2022,246.1,247.7,250.0,240.1, 247.80,248.0,248.23,81307,201.83,2358, 48190, 59.27
SANGAMIND, EQ, 29-Jun-2022,281.3,276.25,284.3,272.7, 272.70,275.3,278.29,6673,18.57,355, 3614, 54.16
SANGHIIND, EQ, 29-Jun-2022,36.55,36.0,37.9,36.0, 37.50,37.7,37.35,270401,100.99,1947, 153433, 56.74
SANGHVIMOV, EQ, 29-Jun-2022,211.05,213.0,233.05,211.6, 228.00,229.25,225.96,605073,1367.21,13601, 203604, 33.65
SANGINITA, EQ, 29-Jun-2022,20.25,20.3,20.45,19.7, 20.25,20.15,20.14,9210,1.86,80, 5079, 55.15
SANOFI, EQ, 29-Jun-2022,6399.95,6400.0,6449.9,6385.5, 6402.55,6420.55,6415.61,8654,555.21,2282, 5521, 63.80
SANSERA, EQ, 29-Jun-2022,673.45,678.75,678.75,662.9, 670.00,671.9,668.25,22773,152.18,2924, 13609, 59.76
SAPPHIRE, EQ, 29-Jun-2022,1041.5,1041.5,1070.0,1034.2, 1065.00,1064.75,1058.85,105827,1120.55,15593, 67286, 63.58
SARDAEN, EQ, 29-Jun-2022,826.0,822.0,837.4,812.4, 816.00,817.95,825.67,15411,127.24,2536, 7099, 46.06
SAREGAMA, EQ, 29-Jun-2022,352.55,348.9,372.25,348.75, 358.05,361.65,362.04,147990,535.78,5708, 75511, 51.02
SARLAPOLY, EQ, 29-Jun-2022,47.9,47.7,48.4,46.65, 46.80,46.8,47.51,57795,27.46,832, 38287, 66.25
SASKEN, EQ, 29-Jun-2022,787.9,787.1,789.05,770.8, 772.00,773.4,777.36,6809,52.93,846, 4223, 62.02
SASTASUNDR, EQ, 29-Jun-2022,303.95,299.4,305.25,295.0, 295.00,296.0,299.5,11221,33.61,691, 5191, 46.26
SATIA, EQ, 29-Jun-2022,125.8,124.0,128.8,122.6, 123.15,124.35,126.29,446282,563.63,6207, 197338, 44.22
SATIN, EQ, 29-Jun-2022,89.85,89.75,91.25,89.1, 89.85,89.8,90.42,95725,86.56,871, 78661, 82.17
SBC, EQ, 29-Jun-2022,5.6,5.5,5.7,5.3, 5.60,5.55,5.52,447062,24.66,672, 246782, 55.20
SBCL, EQ, 29-Jun-2022,412.65,408.0,412.2,402.35, 407.00,406.15,407.57,20999,85.59,1679, 12808, 60.99
SBICARD, EQ, 29-Jun-2022,775.95,765.0,781.55,763.25, 775.60,775.8,774.91,1282936,9941.64,48798, 621354, 48.43
SBIETFCON, EQ, 29-Jun-2022,67.97,66.4,67.92,66.4, 67.75,67.65,67.48,761,0.51,74, 647, 85.02
SBIETFIT, EQ, 29-Jun-2022,293.21,300.85,300.85,288.0, 289.00,290.13,290.96,3674,10.69,196, 2629, 71.56
SBIETFPB, EQ, 29-Jun-2022,169.4,167.61,168.4,167.0, 167.60,167.6,167.64,1147,1.92,36, 907, 79.08
SBIETFQLTY, EQ, 29-Jun-2022,138.46,138.21,138.24,137.11, 137.11,137.16,137.54,3605,4.96,46, 2403, 66.66
SBILIFE, EQ, 29-Jun-2022,1078.05,1070.05,1088.0,1051.55, 1071.00,1067.65,1068.05,1224658,13079.95,58912, 697809, 56.98
SBIN, EQ, 29-Jun-2022,464.25,460.0,462.7,458.0, 458.95,459.1,460.55,11800876,54349.14,107588, 5699030, 48.29
SCAPDVR, EQ, 29-Jun-2022,9.15,9.1,9.4,8.85, 9.20,9.25,9.13,38858,3.55,180, 28198, 72.57
SCHAEFFLER, EQ, 29-Jun-2022,2252.2,2230.0,2275.0,2229.75, 2245.00,2247.8,2251.08,40348,908.26,7491, 26517, 65.72
SCHAND, EQ, 29-Jun-2022,106.25,105.95,106.9,103.45, 103.75,104.15,105.05,14872,15.62,479, 8029, 53.99
SCHNEIDER, EQ, 29-Jun-2022,102.9,102.9,103.8,101.2, 101.60,101.6,102.57,266679,273.54,6347, 117212, 43.95
SCI, EQ, 29-Jun-2022,98.25,97.75,98.3,96.55, 97.00,97.1,97.59,870378,849.43,6676, 202385, 23.25
SDBL, EQ, 29-Jun-2022,71.7,72.5,75.25,70.2, 75.25,74.85,74.5,724839,540.01,5596, 329820, 45.50
SDL24BEES, EQ, 29-Jun-2022,106.71,106.0,106.99,106.0, 106.00,106.0,106.3,26,0.03,13, 25, 96.15
SDL26BEES, EQ, 29-Jun-2022,105.5,104.5,106.3,104.5, 105.74,105.74,105.76,260,0.27,19, 258, 99.23
SEAMECLTD, EQ, 29-Jun-2022,907.95,894.85,921.0,883.0, 887.00,885.3,907.07,11465,104.0,957, 6826, 59.54
SELAN, EQ, 29-Jun-2022,175.25,173.75,184.7,172.0, 184.45,182.9,180.32,135564,244.44,1683, 60150, 44.37
SEPC, EQ, 29-Jun-2022,8.75,8.8,9.15,8.6, 8.70,8.65,8.83,265609,23.46,550, 159637, 60.10
SEPOWER, EQ, 29-Jun-2022,17.25,17.25,17.65,17.05, 17.30,17.4,17.34,11522,2.0,120, 7492, 65.02
SEQUENT, EQ, 29-Jun-2022,97.7,97.0,98.4,95.25, 95.50,95.6,96.83,846064,819.2,11245, 226262, 26.74
SERVOTECH, EQ, 29-Jun-2022,61.55,63.85,63.85,60.25, 62.10,62.15,61.69,114042,70.36,2038, 2314, 2.03
SESHAPAPER, EQ, 29-Jun-2022,198.3,194.0,200.6,192.0, 194.90,193.1,196.26,87732,172.18,2329, 41513, 47.32
SETCO, EQ, 29-Jun-2022,13.1,13.3,13.35,12.9, 13.00,13.1,13.13,43932,5.77,224, 31791, 72.36
SETF10GILT, EQ, 29-Jun-2022,198.25,198.28,198.28,197.6, 198.20,198.2,197.98,14,0.03,6, 2, 14.29
SETFGOLD, EQ, 29-Jun-2022,45.24,45.24,45.24,44.94, 45.02,45.12,45.15,9081900,4100.31,1258, 8989360, 98.98
SETFNIF50, EQ, 29-Jun-2022,163.22,162.35,163.14,161.54, 162.25,162.43,162.05,159504,258.48,1079, 113136, 70.93
SETFNIFBK, EQ, 29-Jun-2022,336.84,338.0,340.0,332.52, 334.07,333.2,333.61,18770,62.62,335, 14516, 77.34
SETFNN50, EQ, 29-Jun-2022,385.38,383.99,385.0,380.22, 382.68,382.96,384.38,25181,96.79,331, 17210, 68.35
SETUINFRA, EQ, 29-Jun-2022,2.35,2.35,2.45,2.25, 2.35,2.35,2.3,52046,1.2,84, 49016, 94.18
SFL, EQ, 29-Jun-2022,2678.5,2669.0,2669.0,2625.0, 2631.00,2646.7,2644.53,2868,75.85,1139, 1149, 40.06
SGIL, EQ, 29-Jun-2022,157.4,160.45,160.45,154.05, 155.50,157.1,158.16,321,0.51,30, 267, 83.18
SGL, EQ, 29-Jun-2022,25.25,24.35,25.5,23.55, 24.20,24.55,24.37,16573,4.04,195, 8046, 48.55
SHAHALLOYS, EQ, 29-Jun-2022,72.25,72.25,73.75,69.3, 73.60,73.05,72.11,16738,12.07,317, 9682, 57.84
SHAILY, EQ, 29-Jun-2022,1813.8,1817.6,1900.0,1800.0, 1860.25,1898.6,1850.96,1008,18.66,155, 804, 79.76
SHAKTIPUMP, EQ, 29-Jun-2022,515.65,510.15,529.0,510.0, 515.30,518.4,521.09,69745,363.43,3763, 18212, 26.11
SHALBY, EQ, 29-Jun-2022,103.9,103.9,104.05,101.8, 102.40,102.6,102.82,39661,40.78,920, 24212, 61.05
SHALPAINTS, EQ, 29-Jun-2022,148.25,149.0,162.0,147.1, 159.00,160.0,157.12,1485709,2334.36,22885, 507279, 34.14
SHANKARA, EQ, 29-Jun-2022,676.95,675.0,688.0,672.05, 674.00,677.8,680.53,9299,63.28,936, 3035, 32.64
SHANTIGEAR, EQ, 29-Jun-2022,220.55,217.25,224.6,216.0, 216.20,216.8,220.09,106494,234.38,3973, 35965, 33.77
SHARDACROP, EQ, 29-Jun-2022,617.15,616.0,634.95,610.0, 626.00,630.25,624.35,185933,1160.87,8682, 65717, 35.34
SHARDAMOTR, EQ, 29-Jun-2022,760.1,761.0,779.0,760.1, 778.00,773.65,769.33,19242,148.03,1477, 13006, 67.59
SHAREINDIA, EQ, 29-Jun-2022,1118.65,1101.0,1111.25,1092.0, 1107.30,1097.7,1100.86,7483,82.38,729, 5469, 73.09
SHARIABEES, EQ, 29-Jun-2022,392.71,395.98,395.98,386.78, 388.16,388.57,390.76,226,0.88,37, 146, 64.60
SHEMAROO, EQ, 29-Jun-2022,101.85,100.0,100.15,98.0, 98.10,99.1,98.89,15726,15.55,620, 9103, 57.89
SHILPAMED, EQ, 29-Jun-2022,393.0,392.45,405.8,390.0, 391.85,393.1,398.66,100330,399.98,4989, 21474, 21.40
SHIVALIK, EQ, 29-Jun-2022,753.05,752.2,757.8,722.0, 738.95,731.1,745.86,2408,17.96,351, 1511, 62.75
SHIVAMAUTO, EQ, 29-Jun-2022,35.65,36.9,39.2,36.2, 38.60,38.55,38.41,1059413,406.91,4608, 585590, 55.27
SHIVAMILLS, EQ, 29-Jun-2022,97.5,100.0,100.0,94.15, 98.00,98.0,98.34,13143,12.92,410, 6672, 50.76
SHIVATEX, EQ, 29-Jun-2022,170.45,168.0,169.9,162.1, 162.40,164.6,167.35,5122,8.57,199, 2776, 54.20
SHK, EQ, 29-Jun-2022,137.7,135.95,136.9,135.1, 135.50,135.8,135.84,20980,28.5,831, 11876, 56.61
SHOPERSTOP, EQ, 29-Jun-2022,472.25,472.25,489.0,468.7, 480.00,483.0,480.87,81834,393.51,4638, 27862, 34.05
SHRADHA, EQ, 29-Jun-2022,49.2,47.35,49.4,47.35, 47.80,48.2,48.17,1869,0.9,105, 1315, 70.36
SHREDIGCEM, EQ, 29-Jun-2022,59.8,60.4,61.0,58.9, 60.20,59.75,59.91,77022,46.14,1614, 36562, 47.47
SHREECEM, EQ, 29-Jun-2022,19236.9,19101.0,19591.0,19011.15, 19400.00,19384.1,19398.98,125068,24261.91,24520, 63325, 50.63
SHREEPUSHK, EQ, 29-Jun-2022,240.9,235.25,244.0,235.25, 242.00,241.35,240.02,20212,48.51,1039, 8608, 42.59
SHREERAMA, EQ, 29-Jun-2022,11.25,11.25,11.8,11.05, 11.80,11.8,11.67,32916,3.84,154, 28303, 85.99
SHRENIK, EQ, 29-Jun-2022,1.9,1.85,2.15,1.8, 1.95,1.95,1.96,2535741,49.77,1110, 1183013, 46.65
SHREYANIND, EQ, 29-Jun-2022,87.45,86.8,91.0,85.55, 89.95,89.55,89.64,13242,11.87,429, 7553, 57.04
SHREYAS, EQ, 29-Jun-2022,300.85,299.65,310.0,297.25, 301.70,300.05,304.13,19216,58.44,1215, 8519, 44.33
SHRIRAMCIT, EQ, 29-Jun-2022,1738.4,1720.0,1728.3,1670.3, 1680.00,1685.4,1694.76,64714,1096.75,5660, 24867, 38.43
SHRIRAMPPS, EQ, 29-Jun-2022,64.1,64.85,65.3,63.6, 64.80,64.85,64.4,186416,120.06,1670, 137483, 73.75
SHYAMCENT, EQ, 29-Jun-2022,20.05,20.2,20.2,19.1, 19.80,19.65,19.69,382614,75.33,1622, 234810, 61.37
SHYAMMETL, EQ, 29-Jun-2022,289.1,288.95,289.0,285.0, 285.70,285.25,286.91,29602,84.93,1606, 16971, 57.33
SHYAMTEL, EQ, 29-Jun-2022,10.2,10.7,10.7,10.7, 10.70,10.7,10.7,5997,0.64,10, 5997, 100.00
SIEMENS, EQ, 29-Jun-2022,2380.6,2364.6,2414.0,2340.35, 2402.10,2405.7,2385.21,337590,8052.23,22125, 194397, 57.58
SIGACHI, EQ, 29-Jun-2022,251.0,250.0,255.7,245.0, 252.35,253.5,252.76,24000,60.66,1717, 8652, 36.05
SIGIND, EQ, 29-Jun-2022,33.1,33.3,35.0,32.5, 33.90,33.05,33.46,4919,1.65,144, 3229, 65.64
SIKKO, EQ, 29-Jun-2022,50.2,49.2,52.75,49.2, 52.60,51.95,50.59,7285,3.69,116, 3947, 54.18
SILGO, EQ, 29-Jun-2022,28.7,28.05,28.95,27.1, 27.70,27.6,28.3,19431,5.5,161, 14596, 75.12
SILINV, EQ, 29-Jun-2022,282.15,280.0,284.6,276.0, 277.00,277.85,279.14,472,1.32,41, 441, 93.43
SILLYMONKS, EQ, 29-Jun-2022,18.15,18.45,19.0,18.15, 18.90,18.9,18.74,1151,0.22,28, 731, 63.51
SILVER, EQ, 29-Jun-2022,62.46,61.88,61.88,61.3, 61.30,61.39,61.51,47510,29.22,388, 45686, 96.16
SILVERBEES, EQ, 29-Jun-2022,60.36,59.88,59.88,59.21, 59.23,59.3,59.42,589890,350.49,1791, 476516, 80.78
SILVERTUC, EQ, 29-Jun-2022,276.4,285.4,285.4,267.0, 275.00,274.65,277.6,1427,3.96,172, 549, 38.47
SIMBHALS, EQ, 29-Jun-2022,22.45,22.05,22.6,21.7, 22.10,22.15,22.26,15200,3.38,150, 7649, 50.32
SIMPLEXINF, EQ, 29-Jun-2022,59.1,58.0,61.0,58.0, 58.20,58.85,59.21,10921,6.47,232, 6770, 61.99
SINTERCOM, EQ, 29-Jun-2022,85.5,86.45,86.5,85.6, 86.40,86.3,86.15,861,0.74,37, 744, 86.41
SIRCA, EQ, 29-Jun-2022,441.85,432.0,442.0,432.0, 434.00,437.75,438.65,8277,36.31,237, 6501, 78.54
SIS, EQ, 29-Jun-2022,458.0,459.8,469.0,448.0, 457.00,453.8,456.83,414271,1892.52,18544, 48107, 11.61
SITINET, EQ, 29-Jun-2022,1.7,1.7,1.75,1.7, 1.75,1.75,1.74,956345,16.67,179, 686050, 71.74
SIYSIL, EQ, 29-Jun-2022,489.5,486.2,508.9,480.9, 497.70,496.5,498.46,73223,364.99,4832, 22457, 30.67
SJS, EQ, 29-Jun-2022,486.3,478.0,497.95,469.75, 474.00,474.8,485.57,134737,654.24,5205, 51817, 38.46
SJVN, EQ, 29-Jun-2022,27.0,26.85,27.55,26.5, 27.40,27.05,27.12,2948123,799.49,11541, 1487384, 50.45
SKFINDIA, EQ, 29-Jun-2022,3546.65,3529.85,3558.7,3443.0, 3450.00,3473.95,3501.0,29962,1048.97,11725, 13304, 44.40
SKIPPER, EQ, 29-Jun-2022,54.85,54.0,55.55,53.55, 55.00,54.75,54.82,20986,11.51,347, 10876, 51.83
SKMEGGPROD, EQ, 29-Jun-2022,55.45,55.05,57.55,54.3, 55.35,55.45,56.2,38157,21.44,540, 17128, 44.89
SMARTLINK, EQ, 29-Jun-2022,114.55,112.0,116.3,112.0, 112.65,112.85,113.87,4193,4.77,250, 1918, 45.74
SMCGLOBAL, EQ, 29-Jun-2022,91.9,91.3,92.4,90.65, 92.00,92.05,91.7,132429,121.44,1058, 100362, 75.79
SMLISUZU, EQ, 29-Jun-2022,579.05,574.7,583.85,562.55, 568.55,568.0,574.1,18094,103.88,2083, 7710, 42.61
SMLT, EQ, 29-Jun-2022,87.8,86.05,89.5,86.0, 89.50,89.2,88.27,2799,2.47,187, 1063, 37.98
SMSLIFE, EQ, 29-Jun-2022,714.65,712.25,775.0,712.25, 750.00,752.15,749.28,10422,78.09,777, 5371, 51.54
SMSPHARMA, EQ, 29-Jun-2022,80.2,79.9,85.9,78.5, 83.40,83.4,81.22,36098,29.32,570, 25821, 71.53
SNOWMAN, EQ, 29-Jun-2022,26.45,26.35,27.4,25.85, 27.10,27.1,26.61,612680,163.03,2078, 517049, 84.39
SOBHA, EQ, 29-Jun-2022,534.45,531.1,560.5,529.05, 556.50,555.85,549.64,474319,2607.06,14893, 91587, 19.31
SOLARA, EQ, 29-Jun-2022,369.5,364.0,376.1,363.0, 366.30,367.35,369.96,57574,213.0,4446, 22267, 38.68
SOLARINDS, EQ, 29-Jun-2022,2753.0,2722.15,2780.0,2713.0, 2765.00,2737.65,2742.37,15182,416.35,4207, 8740, 57.57
SOMANYCERA, EQ, 29-Jun-2022,564.1,563.85,571.8,559.5, 567.90,561.9,563.68,5560,31.34,367, 4301, 77.36
SOMATEX, EQ, 29-Jun-2022,6.55,6.3,6.75,6.3, 6.35,6.35,6.47,6714,0.43,36, 6310, 93.98
SOMICONVEY, EQ, 29-Jun-2022,32.25,31.2,33.9,31.2, 33.25,33.2,32.52,292,0.09,8, 151, 51.71
SONACOMS, EQ, 29-Jun-2022,568.25,564.15,567.85,557.0, 559.00,559.3,562.92,413427,2327.28,25179, 208771, 50.50
SONAMCLOCK, EQ, 29-Jun-2022,84.85,80.85,91.05,80.85, 86.80,86.8,86.28,582,0.5,25, 4, 0.69
SONATSOFTW, EQ, 29-Jun-2022,681.05,674.9,691.0,672.25, 677.90,677.45,680.98,60787,413.95,3357, 34834, 57.31
SORILINFRA, EQ, 29-Jun-2022,68.65,68.25,74.4,66.0, 69.80,69.95,71.74,123652,88.71,2441, 36235, 29.30
SOTL, EQ, 29-Jun-2022,1115.8,1107.0,1121.95,1080.65, 1090.00,1090.8,1101.34,4557,50.19,930, 3009, 66.03
SOUTHBANK, EQ, 29-Jun-2022,7.6,7.6,7.75,7.55, 7.70,7.65,7.65,2800128,214.34,5070, 1074083, 38.36
SOUTHWEST, EQ, 29-Jun-2022,199.8,196.0,203.5,194.65, 195.50,195.5,198.38,3724,7.39,57, 2880, 77.34
SPAL, EQ, 29-Jun-2022,382.05,381.5,384.3,366.4, 370.00,370.0,375.49,39532,148.44,2502, 20024, 50.65
SPANDANA, EQ, 29-Jun-2022,415.35,413.5,421.95,376.35, 418.70,415.25,412.1,266178,1096.92,8683, 78125, 29.35
SPARC, EQ, 29-Jun-2022,209.9,206.8,217.8,205.25, 212.80,212.85,213.76,447061,955.65,12934, 83540, 18.69
SPCENET, EQ, 29-Jun-2022,3.3,3.45,3.45,3.45, 3.45,3.45,3.45,5196,0.18,7, 5196, 100.00
SPECIALITY, EQ, 29-Jun-2022,122.5,122.95,124.35,120.55, 122.25,122.8,123.05,35693,43.92,846, 16955, 47.50
SPENCERS, EQ, 29-Jun-2022,72.55,73.0,73.45,70.15, 70.50,70.9,71.97,63530,45.72,1208, 27944, 43.99
SPIC, EQ, 29-Jun-2022,49.55,49.0,50.4,48.6, 48.80,48.95,49.3,419921,207.03,2921, 127673, 30.40
SPICEJET, EQ, 29-Jun-2022,37.8,38.0,38.15,37.5, 37.70,37.6,37.74,1006662,379.91,5043, 452055, 44.91
SPLIL, EQ, 29-Jun-2022,49.05,47.65,51.0,47.65, 49.25,49.75,50.06,16847,8.43,281, 8654, 51.37
SPLPETRO, EQ, 29-Jun-2022,892.05,882.0,903.0,878.1, 883.00,882.2,890.7,23043,205.24,3352, 17027, 73.89
SPMLINFRA, EQ, 29-Jun-2022,36.15,36.05,37.95,36.05, 37.95,37.95,37.73,61921,23.36,242, 50246, 81.15
SPTL, EQ, 29-Jun-2022,5.75,5.7,5.7,5.45, 5.60,5.6,5.57,943683,52.53,963, 525151, 55.65
SREEL, EQ, 29-Jun-2022,161.45,161.0,166.0,160.3, 161.00,161.2,161.4,21330,34.43,211, 19482, 91.34
SRF, EQ, 29-Jun-2022,2298.5,2262.0,2297.8,2262.0, 2279.95,2286.65,2282.85,369665,8438.89,30175, 195099, 52.78
SRHHYPOLTD, EQ, 29-Jun-2022,434.6,427.7,439.9,421.25, 425.00,425.9,432.33,5329,23.04,324, 2610, 48.98
SRPL, EQ, 29-Jun-2022,88.55,92.95,92.95,87.25, 92.95,92.95,92.7,800742,742.28,1283, 264017, 32.97
SRTRANSFIN, EQ, 29-Jun-2022,1251.05,1240.0,1259.8,1218.0, 1218.00,1224.1,1229.5,545482,6706.68,21553, 104421, 19.14
SSWL, EQ, 29-Jun-2022,803.65,806.55,847.0,794.9, 836.90,832.65,827.45,89914,743.99,6750, 46421, 51.63
STAR, EQ, 29-Jun-2022,351.3,345.1,356.0,342.1, 345.95,347.2,349.86,2059335,7204.75,31639, 371222, 18.03
STARCEMENT, EQ, 29-Jun-2022,84.65,84.6,85.7,83.5, 84.35,84.4,84.87,24623,20.9,636, 13803, 56.06
STARHEALTH, EQ, 29-Jun-2022,511.8,509.0,517.25,495.1, 497.00,497.7,501.97,908330,4559.52,28030, 500643, 55.12
STARPAPER, EQ, 29-Jun-2022,150.2,147.95,158.45,147.95, 154.50,155.25,155.02,368287,570.91,6800, 95741, 26.00
STARTECK, EQ, 29-Jun-2022,125.85,123.0,129.95,123.0, 123.00,125.55,126.41,26339,33.3,125, 15284, 58.03
STCINDIA, EQ, 29-Jun-2022,83.15,82.9,90.4,80.4, 85.85,86.0,87.65,127623,111.86,3169, 41979, 32.89
STEELCAS, EQ, 29-Jun-2022,341.0,347.75,347.75,331.25, 335.00,336.15,337.32,1489,5.02,141, 696, 46.74
STEELCITY, EQ, 29-Jun-2022,54.45,53.55,63.9,53.55, 57.15,56.85,59.62,191661,114.27,2157, 56073, 29.26
STEELXIND, EQ, 29-Jun-2022,146.35,153.65,153.65,150.35, 153.65,153.65,153.59,252801,388.27,528, 172213, 68.12
STEL, EQ, 29-Jun-2022,104.45,105.0,105.9,103.5, 103.50,103.75,104.48,2658,2.78,133, 2066, 77.73
STERTOOLS, EQ, 29-Jun-2022,271.7,268.45,282.5,261.15, 272.40,272.8,275.27,198411,546.16,6093, 66479, 33.51
STLTECH, EQ, 29-Jun-2022,148.95,146.1,151.9,145.45, 148.10,148.8,148.97,389090,579.61,6406, 96989, 24.93
STOVEKRAFT, EQ, 29-Jun-2022,564.05,562.0,588.0,552.45, 566.80,569.15,572.32,211077,1208.04,14226, 62277, 29.50
STYLAMIND, EQ, 29-Jun-2022,800.0,804.0,826.0,795.25, 817.00,815.2,809.46,3974,32.17,331, 1511, 38.02
SUBEXLTD, EQ, 29-Jun-2022,24.8,24.7,26.9,24.15, 25.85,25.9,26.12,6853842,1790.45,15328, 1681743, 24.54
SUBROS, EQ, 29-Jun-2022,304.35,304.6,316.65,301.25, 303.00,303.35,306.59,27411,84.04,2669, 9548, 34.83
SUDARSCHEM, EQ, 29-Jun-2022,424.95,424.0,428.5,416.05, 416.05,418.0,421.31,92314,388.93,4344, 57582, 62.38
SUMEETINDS, EQ, 29-Jun-2022,6.95,7.2,7.25,7.1, 7.25,7.25,7.23,68143,4.92,101, 42987, 63.08
SUMICHEM, EQ, 29-Jun-2022,419.6,418.0,427.7,416.0, 423.05,423.7,424.26,184028,780.76,7888, 71224, 38.70
SUMIT, EQ, 29-Jun-2022,10.15,10.1,10.25,9.6, 10.00,10.05,10.0,12012,1.2,63, 4539, 37.79
SUMMITSEC, EQ, 29-Jun-2022,540.4,531.55,544.25,531.55, 543.60,538.6,538.95,3220,17.35,137, 2569, 79.78
SUNCLAYLTD, EQ, 29-Jun-2022,4234.9,4234.9,4345.35,4200.05, 4313.95,4302.05,4307.34,8399,361.77,1969, 3555, 42.33
SUNDARAM, EQ, 29-Jun-2022,3.2,3.05,3.15,3.0, 3.05,3.0,3.05,449911,13.7,492, 268206, 59.61
SUNDARMFIN, EQ, 29-Jun-2022,1777.15,1759.4,1788.3,1759.4, 1761.75,1771.85,1770.19,20493,362.77,1363, 17067, 83.28
SUNDARMHLD, EQ, 29-Jun-2022,72.45,72.0,73.0,69.5, 71.50,71.2,71.4,72313,51.63,883, 48559, 67.15
SUNDRMBRAK, EQ, 29-Jun-2022,311.15,312.25,324.95,311.5, 318.40,320.4,319.19,979,3.12,147, 418, 42.70
SUNDRMFAST, EQ, 29-Jun-2022,719.2,719.0,722.95,702.0, 710.00,712.45,710.77,58527,415.99,10551, 33951, 58.01
SUNFLAG, EQ, 29-Jun-2022,81.85,82.0,83.9,80.5, 81.00,81.25,82.35,261663,215.47,5416, 78716, 30.08
SUNPHARMA, EQ, 29-Jun-2022,828.6,824.0,843.7,823.85, 839.45,838.7,833.56,2975927,24806.08,64176, 1832246, 61.57
SUNTECK, EQ, 29-Jun-2022,493.35,486.0,494.45,482.95, 486.20,488.9,490.48,369735,1813.48,10687, 139729, 37.79
SUNTV, EQ, 29-Jun-2022,418.25,413.1,423.0,413.1, 418.25,420.75,418.7,678276,2839.96,14012, 151273, 22.30
SUPERHOUSE, EQ, 29-Jun-2022,176.1,174.35,175.85,173.05, 175.40,174.75,174.66,2149,3.75,135, 1146, 53.33
SUPERSPIN, EQ, 29-Jun-2022,10.1,10.1,10.15,9.65, 9.75,9.75,9.87,47174,4.66,109, 25446, 53.94
SUPRAJIT, EQ, 29-Jun-2022,323.5,322.0,336.9,317.45, 333.00,333.85,330.16,139528,460.67,5233, 49180, 35.25
SUPREMEENG, EQ, 29-Jun-2022,2.75,2.8,2.85,2.7, 2.85,2.85,2.82,1036079,29.24,588, 645304, 62.28
SUPREMEIND, EQ, 29-Jun-2022,1715.9,1710.0,1747.15,1705.15, 1720.00,1717.25,1716.73,115445,1981.87,6895, 103052, 89.27
SUPREMEINF, EQ, 29-Jun-2022,10.15,10.8,11.15,10.15, 11.15,11.15,10.99,35396,3.89,203, 23949, 67.66
SUPRIYA, EQ, 29-Jun-2022,358.85,352.0,357.65,350.2, 353.00,353.8,354.39,108831,385.68,5454, 42805, 39.33
SURANASOL, EQ, 29-Jun-2022,20.35,20.1,20.6,19.7, 20.40,20.45,20.33,32290,6.56,400, 9167, 28.39
SURANAT&P, EQ, 29-Jun-2022,10.0,10.0,10.35,9.65, 10.05,10.15,10.01,62800,6.29,367, 45235, 72.03
SURYALAXMI, EQ, 29-Jun-2022,60.55,60.35,62.0,60.1, 61.20,61.7,61.46,4570,2.81,233, 1614, 35.32
SURYAROSNI, EQ, 29-Jun-2022,367.8,365.9,370.8,360.0, 360.00,361.7,365.56,46767,170.96,2311, 24700, 52.82
SURYODAY, EQ, 29-Jun-2022,79.2,79.05,81.45,78.15, 80.40,80.2,79.72,78220,62.35,1758, 33035, 42.23
SUTLEJTEX, EQ, 29-Jun-2022,66.55,65.1,67.3,64.45, 66.20,66.15,66.26,54249,35.94,814, 28721, 52.94
SUULD, EQ, 29-Jun-2022,68.1,69.0,69.0,65.0, 66.05,65.75,66.36,122253,81.12,929, 98370, 80.46
SUVEN, EQ, 29-Jun-2022,72.35,71.05,72.15,70.25, 71.30,71.1,71.4,219164,156.49,5401, 92715, 42.30
SUVENPHAR, EQ, 29-Jun-2022,464.5,464.8,470.4,460.55, 463.00,464.4,466.45,71005,331.2,4811, 31053, 43.73
SUVIDHAA, EQ, 29-Jun-2022,6.25,6.4,6.4,6.05, 6.15,6.15,6.16,79577,4.91,258, 52432, 65.89
SUZLON, EQ, 29-Jun-2022,7.05,6.95,7.15,6.9, 7.00,6.95,7.02,27863515,1955.51,20920, 15976038, 57.34
SVPGLOB, EQ, 29-Jun-2022,37.65,37.65,38.65,35.95, 36.00,36.3,37.29,257629,96.07,1584, 170989, 66.37
SWANENERGY, EQ, 29-Jun-2022,195.1,193.1,194.0,190.55, 190.95,191.4,192.43,92201,177.42,2274, 28442, 30.85
SWARAJENG, EQ, 29-Jun-2022,1624.1,1628.8,1641.0,1621.0, 1628.00,1628.4,1632.62,24749,404.06,2632, 14052, 56.78
SWELECTES, EQ, 29-Jun-2022,318.45,319.0,319.4,310.4, 313.00,315.25,314.88,6180,19.46,349, 2911, 47.10
SWSOLAR, EQ, 29-Jun-2022,298.0,293.05,313.65,290.6, 307.95,307.6,307.29,437576,1344.62,10187, 146306, 33.44
SYMPHONY, EQ, 29-Jun-2022,860.95,841.0,874.3,841.0, 870.00,870.8,864.1,29465,254.61,6612, 14876, 50.49
SYNGENE, EQ, 29-Jun-2022,567.9,567.4,571.0,560.1, 567.75,561.8,564.22,197574,1114.75,8487, 49577, 25.09
TAINWALCHM, EQ, 29-Jun-2022,71.95,71.95,74.0,71.95, 73.75,73.6,73.13,1444,1.06,80, 1252, 86.70
TAJGVK, EQ, 29-Jun-2022,136.35,136.5,136.9,134.3, 136.00,135.95,135.72,32649,44.31,1360, 14086, 43.14
TAKE, EQ, 29-Jun-2022,22.55,22.7,22.95,21.95, 22.55,22.4,22.53,175441,39.53,1531, 60334, 34.39
TALBROAUTO, EQ, 29-Jun-2022,482.75,476.5,476.5,460.5, 461.50,463.25,467.15,57523,268.72,5240, 25926, 45.07
TANLA, EQ, 29-Jun-2022,1018.65,991.2,1028.3,983.0, 1012.55,1006.65,1010.35,194620,1966.34,20318, 86002, 44.19
TARC, EQ, 29-Jun-2022,36.3,36.0,37.55,36.0, 36.70,36.7,37.04,436130,161.53,2020, 312749, 71.71
TARMAT, EQ, 29-Jun-2022,46.6,46.6,47.1,45.05, 46.55,46.65,46.38,2306,1.07,63, 1207, 52.34
TARSONS, EQ, 29-Jun-2022,698.1,700.0,723.75,690.05, 711.95,712.35,710.5,89408,635.24,6995, 47685, 53.33
TASTYBITE, EQ, 29-Jun-2022,8696.25,8616.55,10369.4,8580.75, 9750.00,9863.2,9788.51,9007,881.65,3067, 1568, 17.41
TATACHEM, EQ, 29-Jun-2022,814.95,808.0,811.0,803.7, 806.00,806.75,807.6,467974,3779.37,13397, 117446, 25.10
TATACOFFEE, EQ, 29-Jun-2022,201.45,200.9,202.55,196.55, 197.55,197.9,199.89,606680,1212.7,5600, 173741, 28.64
TATACOMM, EQ, 29-Jun-2022,925.85,920.0,936.5,912.1, 921.20,924.65,927.16,202250,1875.18,8845, 56526, 27.95
TATACONSUM, EQ, 29-Jun-2022,736.85,730.05,743.8,716.0, 718.40,720.0,730.61,1741451,12723.23,48279, 755356, 43.38
TATAELXSI, EQ, 29-Jun-2022,8036.7,8000.0,8231.0,7951.4, 8205.00,8186.35,8131.65,435851,35441.9,62565, 83781, 19.22
TATAINVEST, EQ, 29-Jun-2022,1341.55,1325.0,1335.5,1300.05, 1330.00,1332.25,1329.58,8634,114.8,1353, 4075, 47.20
TATAMETALI, EQ, 29-Jun-2022,687.9,677.6,700.35,675.0, 677.60,680.1,686.29,58595,402.13,4323, 12248, 20.90
TATAMOTORS, EQ, 29-Jun-2022,417.1,412.05,419.9,411.55, 416.00,416.95,417.25,13104313,54678.13,192310, 3697992, 28.22
TATAMTRDVR, EQ, 29-Jun-2022,202.65,200.0,203.5,197.4, 200.90,200.35,201.04,1310783,2635.19,11695, 352525, 26.89
TATAPOWER, EQ, 29-Jun-2022,208.65,206.1,209.7,205.75, 206.60,207.3,207.88,12179447,25318.79,72387, 2513132, 20.63
TATASTEEL, EQ, 29-Jun-2022,878.9,870.0,888.8,868.5, 879.00,881.6,881.03,7231847,63714.73,167663, 1573597, 21.76
TATASTLLP, EQ, 29-Jun-2022,601.25,580.0,599.65,580.0, 586.00,590.25,592.05,49673,294.09,3979, 10566, 21.27
TATVA, EQ, 29-Jun-2022,2318.15,2299.95,2324.55,2285.0, 2305.00,2304.9,2305.96,4970,114.61,905, 2434, 48.97
TBZ, EQ, 29-Jun-2022,65.85,64.9,66.0,64.5, 64.60,64.85,65.11,41423,26.97,856, 26740, 64.55
TCI, EQ, 29-Jun-2022,677.6,672.6,690.0,667.85, 684.50,685.15,685.35,28036,192.14,3183, 11607, 41.40
TCIDEVELOP, EQ, 29-Jun-2022,362.3,362.7,365.0,362.7, 365.00,365.0,364.69,44,0.16,9, 40, 90.91
TCIEXP, EQ, 29-Jun-2022,1606.9,1603.0,1617.0,1596.55, 1597.50,1599.4,1605.64,6627,106.41,1126, 3826, 57.73
TCNSBRANDS, EQ, 29-Jun-2022,519.1,520.0,540.35,510.55, 522.70,518.15,524.83,77567,407.1,4420, 39518, 50.95
TCPLPACK, EQ, 29-Jun-2022,863.2,854.95,887.5,845.15, 886.00,875.4,875.32,10462,91.58,1236, 4054, 38.75
TCS, EQ, 29-Jun-2022,3318.15,3271.0,3333.0,3271.0, 3287.00,3290.5,3305.83,2133994,70546.31,107778, 1270605, 59.54
TDPOWERSYS, EQ, 29-Jun-2022,480.4,480.0,491.0,457.1, 463.00,461.05,473.63,42451,201.06,2884, 21958, 51.73
TEAMLEASE, EQ, 29-Jun-2022,3149.7,3125.0,3289.2,3109.25, 3236.00,3230.25,3231.73,13102,423.42,3757, 4350, 33.20
TECH, EQ, 29-Jun-2022,28.7,28.75,28.8,28.4, 28.42,28.42,28.5,1191,0.34,49, 1033, 86.73
TECHIN, EQ, 29-Jun-2022,11.1,11.0,11.65,10.75, 11.65,11.4,11.52,39695,4.57,105, 33101, 83.39
TECHM, EQ, 29-Jun-2022,1020.7,1008.0,1027.4,1002.55, 1018.45,1021.1,1018.69,3770663,38411.29,73883, 2022923, 53.65
TECHNOE, EQ, 29-Jun-2022,286.35,286.5,293.4,280.05, 283.10,284.85,288.14,47676,137.37,1810, 30415, 63.80
TEGA, EQ, 29-Jun-2022,451.55,451.55,466.7,451.55, 460.00,460.55,459.92,48483,222.98,2866, 27230, 56.16
TEJASNET, EQ, 29-Jun-2022,440.65,440.1,479.9,436.7, 458.00,457.95,465.97,1019235,4749.31,31846, 358872, 35.21
TEMBO, EQ, 29-Jun-2022,111.1,111.45,112.8,105.0, 106.10,107.15,108.83,3762,4.09,125, 1902, 50.56
TERASOFT, EQ, 29-Jun-2022,35.2,35.4,35.55,34.25, 35.20,35.25,35.01,7622,2.67,254, 4702, 61.69
TEXINFRA, EQ, 29-Jun-2022,60.05,59.2,60.95,59.2, 59.55,59.75,60.09,6455,3.88,169, 3818, 59.15
TEXMOPIPES, EQ, 29-Jun-2022,62.0,61.25,63.25,60.1, 60.25,60.55,61.44,103260,63.44,2293, 57762, 55.94
TEXRAIL, EQ, 29-Jun-2022,40.5,39.95,42.4,39.85, 41.90,42.05,41.67,718419,299.36,3698, 295665, 41.15
TFCILTD, EQ, 29-Jun-2022,51.0,50.55,51.45,49.35, 50.75,50.7,50.49,107479,54.26,3445, 54353, 50.57
TFL, EQ, 29-Jun-2022,7.7,8.05,8.05,8.05, 8.05,8.05,8.05,2532,0.2,7, 2532, 100.00
TGBHOTELS, EQ, 29-Jun-2022,8.7,8.7,8.85,8.3, 8.50,8.55,8.56,16447,1.41,122, 7535, 45.81
THANGAMAYL, EQ, 29-Jun-2022,969.4,968.85,995.05,954.2, 985.50,990.1,982.4,3027,29.74,354, 1835, 60.62
THEINVEST, EQ, 29-Jun-2022,93.85,93.0,94.9,92.5, 92.50,92.5,93.26,832,0.78,56, 659, 79.21
THEMISMED, EQ, 29-Jun-2022,748.4,733.95,751.0,733.95, 751.00,751.0,745.87,213,1.59,37, 105, 49.30
THERMAX, EQ, 29-Jun-2022,2027.1,2020.9,2057.75,2005.05, 2015.05,2019.55,2039.25,24380,497.17,4077, 7633, 31.31
THOMASCOOK, EQ, 29-Jun-2022,60.9,59.8,61.0,58.9, 59.45,59.45,60.09,153939,92.49,1650, 94672, 61.50
THYROCARE, EQ, 29-Jun-2022,631.4,634.0,638.45,624.6, 629.00,625.95,632.36,50715,320.7,4208, 18758, 36.99
TI, EQ, 29-Jun-2022,67.8,68.7,70.0,67.3, 69.50,69.45,69.13,152116,105.16,1400, 91058, 59.86
TIDEWATER, EQ, 29-Jun-2022,1038.3,1048.7,1048.7,1015.0, 1030.00,1030.3,1035.38,5870,60.78,1135, 4407, 75.08
TIIL, EQ, 29-Jun-2022,912.2,907.55,922.5,890.05, 896.80,895.6,904.4,4373,39.55,615, 1998, 45.69
TIINDIA, EQ, 29-Jun-2022,1753.8,1740.1,1850.0,1710.0, 1793.50,1798.8,1791.49,235479,4218.57,24021, 93308, 39.62
TIJARIA, EQ, 29-Jun-2022,5.1,5.25,5.25,4.95, 5.15,5.05,5.08,13883,0.7,38, 4767, 34.34
TIL, EQ, 29-Jun-2022,98.15,99.1,99.25,95.25, 95.70,95.9,96.32,14115,13.6,375, 6785, 48.07
TIMESGTY, EQ, 29-Jun-2022,40.1,41.45,44.0,38.55, 39.75,40.1,41.33,10155,4.2,329, 2549, 25.10
TIMETECHNO, EQ, 29-Jun-2022,105.65,104.0,107.2,103.2, 104.65,104.9,105.42,1889998,1992.44,10794, 496286, 26.26
TIMKEN, EQ, 29-Jun-2022,2440.15,2439.8,2486.75,2424.95, 2440.00,2438.75,2457.18,80872,1987.17,9873, 37967, 46.95
TINPLATE, EQ, 29-Jun-2022,313.7,310.0,316.5,309.9, 313.80,314.2,314.08,147258,462.51,5937, 57070, 38.76
TIPSINDLTD, EQ, 29-Jun-2022,1355.6,1360.0,1461.0,1321.2, 1381.15,1413.6,1404.65,7305,102.61,1796, 3489, 47.76
TIRUMALCHM, EQ, 29-Jun-2022,251.35,248.25,254.4,244.05, 246.95,247.85,249.45,316485,789.46,6790, 104607, 33.05
TIRUPATIFL, EQ, 29-Jun-2022,9.85,10.0,10.0,9.65, 9.85,9.8,9.76,17636,1.72,111, 14192, 80.47
TITAN, EQ, 29-Jun-2022,1968.05,1950.0,1954.3,1923.0, 1936.00,1936.15,1933.09,2375427,45919.08,120667, 1346089, 56.67
TMRVL, EQ, 29-Jun-2022,12.65,12.8,12.9,12.6, 12.60,12.65,12.72,13272,1.69,113, 7471, 56.29
TNIDETF, EQ, 29-Jun-2022,54.75,54.2,54.5,53.0, 53.64,53.76,53.86,1738,0.94,94, 1394, 80.21
TNPETRO, EQ, 29-Jun-2022,90.05,89.4,94.4,87.9, 90.40,90.65,91.96,314262,288.99,5905, 83222, 26.48
TNPL, EQ, 29-Jun-2022,181.8,179.8,187.5,178.55, 185.55,183.55,184.07,201623,371.12,3192, 114331, 56.71
TOKYOPLAST, EQ, 29-Jun-2022,88.2,87.0,89.45,86.4, 89.35,88.95,88.74,1360,1.21,53, 1060, 77.94
TORNTPHARM, EQ, 29-Jun-2022,2883.75,2869.0,2907.65,2832.2, 2835.15,2840.05,2851.45,112229,3200.16,14719, 63639, 56.70
TORNTPOWER, EQ, 29-Jun-2022,475.3,470.55,475.6,457.05, 457.35,460.1,463.5,774595,3590.25,13812, 384801, 49.68
TOTAL, EQ, 29-Jun-2022,64.2,64.0,65.35,62.05, 63.50,63.9,63.81,4719,3.01,120, 2753, 58.34
TOUCHWOOD, EQ, 29-Jun-2022,67.4,66.15,68.2,66.1, 68.20,68.2,67.22,526,0.35,46, 317, 60.27
TPLPLASTEH, EQ, 29-Jun-2022,133.35,131.95,133.9,130.0, 133.85,133.3,132.46,1388,1.84,126, 724, 52.16
TREJHARA, EQ, 29-Jun-2022,52.65,51.7,53.95,49.25, 50.60,50.55,50.65,33766,17.1,682, 23638, 70.01
TRENT, EQ, 29-Jun-2022,1068.25,1059.6,1115.0,1042.65, 1102.00,1109.25,1092.28,1397225,15261.6,40590, 726196, 51.97
TRIDENT, EQ, 29-Jun-2022,38.5,38.3,40.2,38.0, 39.10,39.0,39.36,5060201,1991.73,27610, 2583349, 51.05
TRIGYN, EQ, 29-Jun-2022,99.9,99.95,102.45,98.4, 100.75,100.25,100.43,68726,69.02,2473, 25615, 37.27
TRIL, EQ, 29-Jun-2022,28.7,28.75,29.65,28.55, 28.95,28.8,29.14,101779,29.66,658, 43442, 42.68
TRITURBINE, EQ, 29-Jun-2022,155.75,154.0,161.7,154.0, 156.80,157.45,157.73,356828,562.83,7312, 73647, 20.64
TRIVENI, EQ, 29-Jun-2022,240.3,237.9,244.85,235.8, 237.50,238.05,239.46,516250,1236.23,16075, 130221, 25.22
TTKHLTCARE, EQ, 29-Jun-2022,760.8,776.05,831.3,767.0, 785.00,784.7,798.18,64386,513.92,7192, 25098, 38.98
TTKPRESTIG, EQ, 29-Jun-2022,829.25,820.0,839.8,800.0, 807.95,807.0,817.22,50003,408.64,7207, 27046, 54.09
TTL, EQ, 29-Jun-2022,73.65,74.95,81.9,73.5, 76.25,75.85,78.13,79053,61.77,1529, 19797, 25.04
TTML, EQ, 29-Jun-2022,124.3,121.9,127.4,121.0, 122.70,123.0,124.16,3690120,4581.76,26992, 965011, 26.15
TV18BRDCST, EQ, 29-Jun-2022,39.6,38.7,40.85,38.65, 39.80,39.75,39.73,11703755,4649.34,20988, 2347842, 20.06
TVSELECT, EQ, 29-Jun-2022,191.2,191.0,193.05,187.2, 189.00,189.2,191.14,16695,31.91,818, 6830, 40.91
TVSMOTOR, EQ, 29-Jun-2022,820.2,813.9,841.0,808.6, 835.00,833.35,822.99,2359911,19421.9,41455, 526893, 22.33
TVSSRICHAK, EQ, 29-Jun-2022,1565.9,1573.75,1592.0,1552.0, 1565.00,1560.55,1571.5,2149,33.77,370, 1383, 64.36
TVTODAY, EQ, 29-Jun-2022,264.7,260.05,264.9,257.0, 257.75,257.95,260.91,34144,89.09,2009, 17360, 50.84
TWL, EQ, 29-Jun-2022,101.8,101.0,102.2,100.5, 100.85,100.65,101.33,177855,180.22,2485, 75211, 42.29
UBL, EQ, 29-Jun-2022,1461.45,1450.7,1455.85,1428.75, 1428.75,1434.4,1441.06,242836,3499.42,24916, 94481, 38.91
UCALFUEL, EQ, 29-Jun-2022,125.15,123.0,125.05,120.8, 121.00,121.45,122.99,34105,41.95,954, 17527, 51.39
UCOBANK, EQ, 29-Jun-2022,11.0,11.0,11.15,10.9, 11.00,11.0,11.03,1424918,157.12,21311, 496946, 34.88
UDAICEMENT, EQ, 29-Jun-2022,29.7,29.5,30.5,29.0, 29.50,29.65,29.89,159487,47.67,1360, 85873, 53.84
UFLEX, EQ, 29-Jun-2022,591.4,583.85,589.0,581.0, 585.00,585.8,586.4,34642,203.14,1728, 17064, 49.26
UFO, EQ, 29-Jun-2022,89.55,88.05,90.0,87.9, 89.35,89.05,89.09,46554,41.48,1132, 22164, 47.61
UGARSUGAR, EQ, 29-Jun-2022,50.3,50.5,51.45,48.65, 49.20,49.45,49.93,146221,73.01,2011, 54474, 37.25
UGROCAP, EQ, 29-Jun-2022,139.15,139.4,143.45,138.65, 139.90,140.9,140.53,68262,95.93,765, 55444, 81.22
UJJIVAN, EQ, 29-Jun-2022,131.75,129.0,135.95,128.6, 134.00,134.2,132.38,594697,787.29,10958, 236221, 39.72
UJJIVANSFB, EQ, 29-Jun-2022,14.75,14.75,14.95,14.55, 14.90,14.85,14.78,811334,119.96,2232, 370865, 45.71
ULTRACEMCO, EQ, 29-Jun-2022,5572.75,5542.0,5648.0,5521.1, 5615.10,5618.3,5606.83,490615,27507.96,51194, 221300, 45.11
UMAEXPORTS, EQ, 29-Jun-2022,51.45,51.0,51.75,50.8, 50.80,51.25,51.29,34536,17.71,744, 14455, 41.85
UMANGDAIRY, EQ, 29-Jun-2022,50.5,50.0,50.3,48.65, 48.75,49.15,49.34,3787,1.87,109, 2949, 77.87
UNICHEMLAB, EQ, 29-Jun-2022,240.15,240.5,240.5,235.0, 236.55,237.65,237.78,13190,31.36,821, 7319, 55.49
UNIDT, EQ, 29-Jun-2022,395.05,389.8,408.0,389.75, 398.00,399.8,399.95,11771,47.08,976, 5037, 42.79
UNIENTER, EQ, 29-Jun-2022,122.6,122.95,123.45,121.1, 123.45,121.6,122.48,2207,2.7,40, 246, 11.15
UNIINFO, EQ, 29-Jun-2022,22.85,22.85,23.0,21.75, 21.75,21.75,22.79,3374,0.77,20, 3119, 92.44
UNIONBANK, EQ, 29-Jun-2022,35.0,34.75,34.75,34.2, 34.40,34.4,34.48,4373239,1507.83,10338, 2142170, 48.98
UNITEDPOLY, EQ, 29-Jun-2022,52.6,50.0,50.0,50.0, 50.00,50.0,50.0,156248,78.12,83, 156248, 100.00
UNITEDTEA, EQ, 29-Jun-2022,341.0,339.75,352.95,334.0, 334.00,336.2,341.99,1461,5.0,129, 759, 51.95
UNIVASTU, EQ, 29-Jun-2022,68.55,67.9,67.95,65.5, 65.50,65.85,66.34,27282,18.1,363, 15061, 55.20
UNIVCABLES, EQ, 29-Jun-2022,146.85,143.2,147.6,143.1, 147.00,147.05,146.59,11072,16.23,184, 8908, 80.46
UNIVPHOTO, EQ, 29-Jun-2022,521.0,525.25,531.85,508.3, 520.00,517.6,516.65,526,2.72,78, 368, 69.96
UPL, EQ, 29-Jun-2022,656.0,652.05,653.95,641.55, 643.80,644.4,645.43,2371912,15309.01,57737, 1073143, 45.24
URJA, EQ, 29-Jun-2022,12.1,11.95,12.2,11.65, 11.95,11.9,11.98,915440,109.68,3249, 386691, 42.24
USHAMART, EQ, 29-Jun-2022,121.95,120.95,122.65,117.15, 118.50,118.25,119.97,387714,465.12,4578, 167605, 43.23
UTIAMC, EQ, 29-Jun-2022,645.25,642.0,654.55,633.6, 643.00,640.4,646.64,81681,528.18,3884, 54894, 67.21
UTIBANKETF, EQ, 29-Jun-2022,33.96,33.9,33.9,33.39, 33.70,33.58,33.56,2590,0.87,62, 2390, 92.28
UTINEXT50, EQ, 29-Jun-2022,38.85,38.75,38.75,37.9, 38.59,38.57,38.54,4345,1.67,117, 3823, 87.99
UTINIFTETF, EQ, 29-Jun-2022,1678.88,1668.33,1677.7,1666.0, 1674.24,1675.18,1673.85,1410,23.6,68, 1287, 91.28
UTISENSETF, EQ, 29-Jun-2022,562.2,587.7,587.7,551.0, 561.82,561.92,561.61,745,4.18,79, 523, 70.20
UTISXN50, EQ, 29-Jun-2022,45.05,45.6,45.6,43.5, 44.60,44.6,44.04,1022,0.45,37, 629, 61.55
UTTAMSUGAR, EQ, 29-Jun-2022,247.9,246.0,254.9,244.25, 249.00,250.15,250.7,184816,463.33,4629, 54260, 29.36
V2RETAIL, EQ, 29-Jun-2022,107.95,107.8,111.0,104.4, 107.00,106.9,107.76,28643,30.86,698, 7572, 26.44
VADILALIND, EQ, 29-Jun-2022,2143.1,2124.0,2164.8,2089.0, 2089.00,2102.9,2134.16,30197,644.45,4719, 8088, 26.78
VAIBHAVGBL, EQ, 29-Jun-2022,305.05,303.0,308.9,297.0, 300.50,299.8,303.08,142915,433.14,8473, 74893, 52.40
VAISHALI, EQ, 29-Jun-2022,82.6,83.4,83.4,80.0, 80.00,80.3,81.14,30349,24.63,319, 19658, 64.77
VAKRANGEE, EQ, 29-Jun-2022,26.5,26.1,27.65,25.5, 27.50,27.35,27.07,4553532,1232.5,13742, 1602916, 35.20
VALIANTORG, EQ, 29-Jun-2022,563.9,558.9,561.0,538.65, 541.90,543.55,549.44,88199,484.6,6337, 28776, 32.63
VARDHACRLC, EQ, 29-Jun-2022,49.95,49.3,50.95,49.0, 49.30,49.4,49.83,22652,11.29,444, 13608, 60.07
VARDMNPOLY, EQ, 29-Jun-2022,21.25,21.0,22.0,21.0, 22.00,21.55,21.46,7814,1.68,90, 5514, 70.57
VARROC, EQ, 29-Jun-2022,304.8,303.95,303.95,294.3, 296.25,296.3,298.16,134021,399.6,5120, 67723, 50.53
VASCONEQ, EQ, 29-Jun-2022,21.25,21.15,21.5,20.55, 20.85,20.8,21.05,163743,34.46,513, 102622, 62.67
VASWANI, EQ, 29-Jun-2022,20.1,20.05,20.7,19.6, 20.10,20.1,20.4,44378,9.06,420, 27908, 62.89
VBL, EQ, 29-Jun-2022,779.95,776.0,790.0,770.05, 784.00,785.1,779.91,553698,4318.33,22714, 271913, 49.11
VCL, EQ, 29-Jun-2022,12.15,12.0,12.75,11.65, 12.75,12.75,12.51,326197,40.81,819, 267859, 82.12
VEDL, EQ, 29-Jun-2022,234.8,231.7,235.35,230.8, 231.70,232.05,232.89,14692258,34216.91,105888, 6355724, 43.26
VENKEYS, EQ, 29-Jun-2022,1899.2,1880.7,1952.0,1880.7, 1927.20,1918.95,1928.85,24528,473.11,4380, 5244, 21.38
VENUSPIPES, EQ, 29-Jun-2022,330.3,330.0,341.0,328.1, 334.10,334.95,331.17,276718,916.41,4705, 169481, 61.25
VENUSREM, EQ, 29-Jun-2022,209.5,210.45,211.7,205.5, 206.10,206.65,208.98,18232,38.1,1285, 10040, 55.07
VERANDA, EQ, 29-Jun-2022,234.35,233.0,246.05,230.0, 245.70,245.95,242.59,242200,587.55,2737, 132068, 54.53
VERTOZ, EQ, 29-Jun-2022,90.9,89.0,90.4,84.25, 85.85,85.6,86.9,45597,39.62,988, 22651, 49.68
VESUVIUS, EQ, 29-Jun-2022,1047.15,1035.8,1052.85,1035.8, 1036.10,1044.5,1048.67,3382,35.47,419, 2464, 72.86
VETO, EQ, 29-Jun-2022,84.8,84.25,86.4,83.85, 84.00,84.75,85.62,29658,25.39,545, 19834, 66.88
VGUARD, EQ, 29-Jun-2022,215.65,214.9,224.7,213.55, 220.00,221.0,219.28,173942,381.42,5378, 70413, 40.48
VHL, EQ, 29-Jun-2022,2761.4,2776.95,2776.95,2670.0, 2706.50,2720.7,2722.64,354,9.64,150, 161, 45.48
VIDHIING, EQ, 29-Jun-2022,398.2,400.0,416.0,393.1, 412.10,412.7,408.47,38908,158.93,2361, 13379, 34.39
VIJAYA, EQ, 29-Jun-2022,332.65,332.65,339.3,326.5, 337.20,336.6,333.2,29292,97.6,2660, 14594, 49.82
VIJIFIN, EQ, 29-Jun-2022,3.4,3.55,3.55,3.5, 3.55,3.55,3.55,195438,6.94,221, 195182, 99.87
VIKASECO, EQ, 29-Jun-2022,3.7,3.7,4.05,3.65, 3.95,3.95,3.92,8848142,346.52,3398, 4392520, 49.64
VIKASPROP, EQ, 29-Jun-2022,1.5,1.5,1.5,1.45, 1.50,1.5,1.48,567323,8.42,616, 419774, 73.99
VIMTALABS, EQ, 29-Jun-2022,371.8,379.0,390.0,359.15, 390.00,388.25,377.65,107794,407.08,4637, 53155, 49.31
VINATIORGA, EQ, 29-Jun-2022,1936.75,1911.65,1956.6,1911.0, 1934.00,1930.2,1930.64,22190,428.41,3499, 8500, 38.31
VINDHYATEL, EQ, 29-Jun-2022,976.45,965.05,989.8,962.55, 970.30,971.35,971.71,4000,38.87,537, 2013, 50.33
VINEETLAB, EQ, 29-Jun-2022,60.5,59.65,60.9,57.6, 58.60,59.45,59.08,8982,5.31,226, 4837, 53.85
VINYLINDIA, EQ, 29-Jun-2022,265.1,262.0,266.55,261.05, 263.50,264.05,263.82,15330,40.44,743, 6775, 44.19
VIPCLOTHNG, EQ, 29-Jun-2022,22.3,22.85,23.25,22.15, 22.35,22.3,22.55,55076,12.42,300, 38250, 69.45
VIPIND, EQ, 29-Jun-2022,637.1,629.8,635.0,625.05, 630.00,630.1,630.17,146857,925.44,7190, 65714, 44.75
VIPULLTD, EQ, 29-Jun-2022,17.3,17.9,17.9,17.0, 17.00,17.4,17.4,7326,1.27,53, 6474, 88.37
VISAKAIND, EQ, 29-Jun-2022,481.45,479.0,484.45,473.25, 480.00,480.1,480.72,18175,87.37,684, 12486, 68.70
VISASTEEL, EQ, 29-Jun-2022,12.95,12.95,13.55,12.45, 13.55,13.55,13.23,32321,4.27,123, 12322, 38.12
VISESHINFO, EQ, 29-Jun-2022,0.75,0.75,0.75,0.7, 0.70,0.7,0.72,6975986,49.89,4380, 6639890, 95.18
VISHAL, EQ, 29-Jun-2022,28.4,28.95,28.95,27.4, 28.40,27.9,28.26,58268,16.46,626, 26044, 44.70
VISHNU, EQ, 29-Jun-2022,1470.3,1470.3,1533.0,1440.05, 1490.00,1495.15,1492.07,14487,216.16,1866, 7390, 51.01
VISHWARAJ, EQ, 29-Jun-2022,16.5,16.4,16.4,16.0, 16.10,16.15,16.19,436467,70.67,1692, 268408, 61.50
VIVIDHA, EQ, 29-Jun-2022,1.5,1.5,1.5,1.45, 1.50,1.45,1.47,662814,9.71,2348, 557551, 84.12
VIVIMEDLAB, EQ, 29-Jun-2022,10.6,10.1,10.1,10.1, 10.10,10.1,10.1,53430,5.4,222, 53430, 100.00
VLSFINANCE, EQ, 29-Jun-2022,145.6,144.05,146.0,142.0, 142.50,143.0,143.89,7399,10.65,286, 4121, 55.70
VMART, EQ, 29-Jun-2022,2489.15,2473.35,2504.95,2460.1, 2475.10,2486.75,2494.02,8416,209.9,1809, 4644, 55.18
VOLTAMP, EQ, 29-Jun-2022,2792.5,2742.3,2920.0,2742.3, 2854.50,2891.0,2849.86,94714,2699.21,15919, 37417, 39.51
VOLTAS, EQ, 29-Jun-2022,976.15,966.0,982.3,962.1, 971.00,972.5,971.69,560774,5448.98,26855, 176501, 31.47
VRLLOG, EQ, 29-Jun-2022,624.45,625.0,638.0,616.75, 637.00,632.6,627.9,229499,1441.03,10097, 61460, 26.78
VSSL, EQ, 29-Jun-2022,231.65,229.5,234.95,226.75, 231.00,231.7,232.16,17165,39.85,738, 10038, 58.48
VSTIND, EQ, 29-Jun-2022,3061.8,3074.95,3075.0,3050.4, 3070.00,3059.3,3062.75,2836,86.86,788, 2103, 74.15
VSTTILLERS, EQ, 29-Jun-2022,2561.8,2568.0,2568.0,2536.65, 2540.05,2544.95,2544.87,1262,32.12,448, 776, 61.49
VTL, EQ, 29-Jun-2022,272.3,270.0,274.3,265.75, 271.90,272.05,270.82,373096,1010.42,12216, 150948, 40.46
WABAG, EQ, 29-Jun-2022,231.0,232.6,243.4,232.5, 234.60,234.8,238.32,348424,830.36,9907, 66475, 19.08
WALCHANNAG, EQ, 29-Jun-2022,51.35,51.25,53.85,50.2, 52.25,52.4,52.87,108879,57.56,1518, 34884, 32.04
WATERBASE, EQ, 29-Jun-2022,73.85,74.55,81.6,73.35, 78.00,77.15,76.84,178881,137.46,1769, 30425, 17.01
WEALTH, EQ, 29-Jun-2022,250.85,238.6,262.0,238.6, 240.00,240.0,250.25,92,0.23,10, 10, 10.87
WEBELSOLAR, EQ, 29-Jun-2022,86.85,87.0,87.0,82.55, 82.55,83.1,84.59,90562,76.61,1485, 60351, 66.64
WEIZMANIND, EQ, 29-Jun-2022,46.85,46.45,47.55,45.0, 45.05,45.85,46.29,2886,1.34,97, 865, 29.97
WELCORP, EQ, 29-Jun-2022,227.5,223.0,228.9,221.1, 222.30,223.3,224.83,973624,2188.98,10864, 386665, 39.71
WELENT, EQ, 29-Jun-2022,96.75,94.15,101.35,94.15, 98.40,98.3,98.93,928231,918.28,9036, 463115, 49.89
WELINV, EQ, 29-Jun-2022,281.45,283.95,284.0,275.05, 276.00,281.55,282.87,115,0.33,29, 89, 77.39
WELSPUNIND, EQ, 29-Jun-2022,72.05,71.6,72.75,69.65, 70.25,70.25,71.37,2473409,1765.17,21631, 1073152, 43.39
WENDT, EQ, 29-Jun-2022,9093.6,9150.0,9150.0,8520.2, 8550.00,8630.65,8825.38,4738,418.15,1990, 1650, 34.82
WESTLIFE, EQ, 29-Jun-2022,477.4,477.4,502.0,466.0, 488.15,493.75,488.67,150038,733.19,6493, 112200, 74.78
WEWIN, EQ, 29-Jun-2022,36.5,36.5,37.0,35.05, 36.50,36.15,36.39,2967,1.08,45, 922, 31.08
WFL, EQ, 29-Jun-2022,139.9,134.95,145.45,132.15, 143.75,140.4,140.42,472,0.66,49, 61, 12.92
WHEELS, EQ, 29-Jun-2022,607.5,608.0,644.6,600.0, 632.00,632.05,627.29,38148,239.3,3107, 16977, 44.50
WHIRLPOOL, EQ, 29-Jun-2022,1537.5,1522.0,1570.0,1518.55, 1560.00,1561.75,1550.29,219484,3402.63,24080, 61260, 27.91
WILLAMAGOR, EQ, 29-Jun-2022,18.25,18.45,20.3,17.4, 19.50,19.25,19.19,13089,2.51,166, 7184, 54.89
WINDLAS, EQ, 29-Jun-2022,222.1,220.85,223.2,219.65, 221.15,220.2,221.34,5275,11.68,270, 3163, 59.96
WINDMACHIN, EQ, 29-Jun-2022,32.3,32.0,32.8,31.6, 31.60,31.95,32.2,28604,9.21,230, 17978, 62.85
WINPRO, EQ, 29-Jun-2022,4.45,4.5,4.55,4.4, 4.45,4.4,4.44,107599,4.78,270, 82863, 77.01
WIPRO, EQ, 29-Jun-2022,427.25,420.0,424.8,417.4, 419.35,420.75,421.69,8342088,35177.76,99270, 4114114, 49.32
WOCKPHARMA, EQ, 29-Jun-2022,212.65,214.0,215.65,209.0, 209.30,209.8,211.52,2126828,4498.68,14788, 1102611, 51.84
WONDERLA, EQ, 29-Jun-2022,232.65,231.8,232.45,223.35, 225.00,226.85,228.48,47141,107.71,4318, 20227, 42.91
WORTH, EQ, 29-Jun-2022,99.15,97.0,97.95,95.0, 96.00,95.6,96.1,3782,3.63,177, 2262, 59.81
WSTCSTPAPR, EQ, 29-Jun-2022,328.2,324.0,334.7,322.75, 332.95,330.85,330.99,266872,883.31,7534, 105369, 39.48
XCHANGING, EQ, 29-Jun-2022,59.45,59.0,61.15,58.6, 59.30,59.75,59.95,166059,99.55,2418, 87755, 52.85
XELPMOC, EQ, 29-Jun-2022,172.5,172.55,179.3,169.05, 172.15,175.15,173.86,13385,23.27,597, 9030, 67.46
YAARI, EQ, 29-Jun-2022,31.6,32.2,34.75,31.5, 34.75,34.75,34.12,323001,110.21,1676, 150498, 46.59
YESBANK, EQ, 29-Jun-2022,12.85,12.75,12.9,12.7, 12.75,12.7,12.76,26528632,3384.36,34819, 8423356, 31.75
YUKEN, EQ, 29-Jun-2022,438.7,444.5,450.0,432.15, 448.00,448.05,443.47,3399,15.07,712, 1491, 43.87
ZEEL, EQ, 29-Jun-2022,217.25,215.0,216.5,212.4, 212.40,212.9,214.12,6359417,13617.05,34790, 2854175, 44.88
ZEELEARN, EQ, 29-Jun-2022,6.05,6.0,6.15,6.0, 6.05,6.05,6.07,288603,17.53,609, 175142, 60.69
ZEEMEDIA, EQ, 29-Jun-2022,14.0,13.85,14.15,13.8, 14.00,14.05,14.03,430544,60.42,1115, 251462, 58.41
ZENITHEXPO, EQ, 29-Jun-2022,72.7,75.95,75.95,72.05, 72.15,72.4,75.26,130,0.1,12, 115, 88.46
ZENSARTECH, EQ, 29-Jun-2022,270.65,268.8,274.8,266.7, 271.00,270.95,270.33,364343,984.93,12668, 151375, 41.55
ZENTEC, EQ, 29-Jun-2022,173.2,172.5,175.45,170.3, 173.45,173.5,173.71,61227,106.36,1520, 22288, 36.40
ZFCVINDIA, EQ, 29-Jun-2022,7342.85,7449.0,7450.0,7302.15, 7387.15,7434.65,7379.69,52065,3842.24,735, 50851, 97.67
ZODIACLOTH, EQ, 29-Jun-2022,85.1,84.75,86.75,84.0, 86.75,86.05,85.75,3727,3.2,135, 2626, 70.46
ZOMATO, EQ, 29-Jun-2022,60.3,58.75,61.45,56.85, 57.20,57.3,59.34,96955320,57537.36,224780, 15810997, 16.31
ZOTA, EQ, 29-Jun-2022,263.8,261.85,273.55,261.65, 265.00,265.0,267.18,12849,34.33,441, 6484, 50.46
ZUARI, EQ, 29-Jun-2022,151.7,150.0,150.7,144.4, 144.70,145.4,147.82,96075,142.02,3228, 34668, 36.08
ZUARIGLOB, EQ, 29-Jun-2022,155.8,152.55,155.5,150.5, 150.50,152.25,153.12,29995,45.93,997, 13846, 46.16
ZYDUSLIFE, EQ, 29-Jun-2022,357.75,354.9,358.85,352.45, 355.75,356.3,356.12,1040851,3706.69,16641, 396660, 38.11
ZYDUSWELL, EQ, 29-Jun-2022,1568.7,1572.0,1589.7,1557.25, 1568.90,1575.2,1573.26,9185,144.5,1835, 3976, 43.29
