SYMBOL,SERIES,DATE1,PREV_CLOSE,OPEN_PRICE,HIGH_PRICE,LOW_PRICE,LAST_PRICE,CLOSE_PRICE,AVG_PRICE,TTL_TRD_QNTY,TURNOVER_LACS,NO_OF_TRADES,DELIV_QTY,DELIV_PER
20MICRONS, EQ, 07-Jul-2025,228.62,228.6,231.23,222.03,222.62,223.63,226.54,119324,270.31,3317, 55929, 46.87
21STCENMGM, EQ, 07-Jul-2025,61.1,62.32,62.32,61.5,62.0,62.21,62.28,13507,8.41,108, 13429, 99.42
360ONE, EQ, 07-Jul-2025,1245.4,1244.0,1273.8,1235.1,1240.0,1253.0,1253.47,1067244,13377.58,47851, 575783, 53.95
3IINFOLTD, EQ, 07-Jul-2025,24.39,24.38,24.67,24.1,24.27,24.16,24.27,389709,94.57,1585, 179656, 46.10
3MINDIA, EQ, 07-Jul-2025,28945.0,29055.0,29495.0,28950.0,29250.0,29255.0,29264.35,6007,1757.91,2340, 2982, 49.64
3PLAND, EQ, 07-Jul-2025,50.74,51.99,51.99,48.85,50.05,49.66,49.87,11575,5.77,323, 7380, 63.76
5PAISA, EQ, 07-Jul-2025,413.6,417.75,432.5,413.6,422.3,423.5,424.54,81251,344.95,5329, 35055, 43.14
63MOONS, EQ, 07-Jul-2025,1019.6,1021.0,1024.7,983.1,993.0,993.8,995.97,265296,2642.26,9947, 129667, 48.88
AAATECH, EQ, 07-Jul-2025,82.34,83.49,83.49,82.48,83.21,83.29,83.09,5656,4.7,271, 4381, 77.46
AADHARHFC, EQ, 07-Jul-2025,460.25,460.0,462.45,451.2,454.95,455.05,455.74,797672,3635.33,20794, 649640, 81.44
AARON, EQ, 07-Jul-2025,391.55,385.0,388.0,372.1,375.0,374.25,377.33,9830,37.09,777, 6787, 69.04
AARTECH, EQ, 07-Jul-2025,68.94,68.95,68.95,66.0,67.49,67.13,67.08,221847,148.8,2182, 117831, 53.11
AARTIDRUGS, EQ, 07-Jul-2025,487.45,493.0,498.7,487.0,489.05,490.9,492.53,426471,2100.49,15473, 170615, 40.01
AARTIIND, EQ, 07-Jul-2025,476.55,475.95,478.65,464.8,466.0,466.75,470.52,519829,2445.88,13804, 194258, 37.37
AARTIPHARM, EQ, 07-Jul-2025,900.35,904.0,913.95,887.1,901.0,899.1,905.17,393885,3565.33,21316, 204740, 51.98
AARVI, EQ, 07-Jul-2025,109.77,112.44,112.44,108.4,109.0,109.09,109.91,9308,10.23,586, 5360, 57.58
AAVAS, EQ, 07-Jul-2025,1910.0,1908.8,1935.9,1875.6,1885.9,1882.9,1899.68,85994,1633.61,12197, 37273, 43.34
ABAN, EQ, 07-Jul-2025,54.94,55.28,55.28,53.9,54.32,54.61,54.6,62524,34.14,884, 34454, 55.11
ABB, EQ, 07-Jul-2025,5862.0,5862.0,5862.0,5802.0,5848.0,5844.0,5833.15,89857,5241.49,16503, 36887, 41.05
ABBOTINDIA, EQ, 07-Jul-2025,34735.0,34895.0,35010.0,34300.0,34500.0,34485.0,34678.5,6130,2125.79,3298, 2621, 42.76
ABCAPITAL, EQ, 07-Jul-2025,275.05,275.05,277.7,271.35,275.7,276.25,275.7,3799460,10475.23,29594, 2135391, 56.20
ABDL, EQ, 07-Jul-2025,432.9,436.0,448.0,430.1,434.5,434.5,437.46,634221,2774.47,22874, 269080, 42.43
ABFRL, EQ, 07-Jul-2025,78.33,78.4,78.89,77.73,77.9,78.1,78.21,5513100,4311.92,24839, 2165726, 39.28
ABGSEC, EQ, 07-Jul-2025,110.4,109.85,110.59,109.85,110.59,110.58,110.1,1350,1.49,15, 999, 74.00
ABLBL, EQ, 07-Jul-2025,159.47,160.2,164.8,156.6,163.4,163.47,161.57,3192030,5157.49,13883, 1984280, 62.16
ABREL, EQ, 07-Jul-2025,2301.7,2301.7,2369.4,2263.6,2274.3,2275.8,2318.33,118147,2739.04,15764, 36761, 31.11
ABSLAMC, EQ, 07-Jul-2025,803.7,804.3,816.5,797.15,809.65,812.75,810.17,231401,1874.75,17000, 115177, 49.77
ABSLBANETF, EQ, 07-Jul-2025,58.0,58.0,58.49,57.41,57.88,57.98,57.91,361278,209.22,352, 351604, 97.32
ABSLLIQUID, EQ, 07-Jul-2025,999.99,999.99,1000.01,999.99,1000.01,1000.0,1000.0,7700,77.0,39, 4605, 59.81
ABSLNN50ET, EQ, 07-Jul-2025,71.37,72.2,72.2,71.2,71.33,71.46,71.56,12323,8.82,357, 7965, 64.64
ABSLPSE, EQ, 07-Jul-2025,10.26,10.0,10.9,10.0,10.25,10.25,10.24,130422,13.36,480, 102929, 78.92
ACC, EQ, 07-Jul-2025,1965.0,1965.0,1967.0,1942.5,1965.0,1964.5,1954.1,286053,5589.77,15386, 165847, 57.98
ACCELYA, EQ, 07-Jul-2025,1435.9,1447.9,1454.0,1420.0,1439.8,1432.3,1439.13,6373,91.72,1411, 3639, 57.10
ACCURACY, EQ, 07-Jul-2025,8.44,8.44,8.5,8.23,8.33,8.29,8.33,202082,16.83,794, 146979, 72.73
ACE, EQ, 07-Jul-2025,1188.0,1188.0,1198.0,1184.1,1198.0,1193.6,1190.22,89068,1060.11,8051, 44850, 50.35
ACEINTEG, EQ, 07-Jul-2025,27.06,27.0,27.22,26.31,26.35,26.41,26.67,7417,1.98,187, 4760, 64.18
ACI, EQ, 07-Jul-2025,636.35,636.35,638.45,630.2,634.5,634.55,634.23,73389,465.46,8124, 36321, 49.49
ACL, EQ, 07-Jul-2025,66.88,65.32,67.9,65.32,66.99,66.7,66.83,19036,12.72,441, 13042, 68.51
ACLGATI, EQ, 07-Jul-2025,69.25,69.8,69.8,67.68,68.35,68.16,68.39,171008,116.95,2177, 76481, 44.72
ACMESOLAR, EQ, 07-Jul-2025,249.57,249.85,264.8,249.13,253.0,254.61,257.28,3149812,8103.77,48471, 947214, 30.07
ACUTAAS, EQ, 07-Jul-2025,1122.1,1122.1,1139.6,1122.1,1128.0,1129.7,1130.81,159649,1805.33,17542, 98287, 61.56
ADANIENSOL, EQ, 07-Jul-2025,877.2,876.0,887.55,871.05,882.45,883.35,880.53,3740997,32940.71,55093, 2139306, 57.19
ADANIENT, EQ, 07-Jul-2025,2599.1,2602.0,2605.4,2572.0,2587.6,2576.1,2582.98,412159,10645.98,30384, 129628, 31.45
ADANIGREEN, EQ, 07-Jul-2025,996.8,997.0,998.8,988.7,991.9,991.1,992.79,863077,8568.57,27855, 267425, 30.99
ADANIPORTS, EQ, 07-Jul-2025,1424.4,1424.4,1437.8,1417.0,1435.6,1435.6,1428.69,764520,10922.62,43749, 364503, 47.68
ADANIPOWER, EQ, 07-Jul-2025,584.8,584.8,600.0,578.75,598.7,597.15,590.27,4309258,25436.13,62116, 1822908, 42.30
ADFFOODS, EQ, 07-Jul-2025,267.6,265.15,269.0,264.85,267.65,266.75,266.86,33039,88.17,1806, 15392, 46.59
ADOR, EQ, 07-Jul-2025,1102.3,1121.9,1157.2,1098.2,1122.5,1115.9,1125.71,65462,736.91,6118, 21539, 32.90
ADROITINFO, EQ, 07-Jul-2025,10.98,10.95,11.45,10.89,10.89,10.89,10.98,38678,4.25,730, 17255, 44.61
ADSL, EQ, 07-Jul-2025,181.33,180.96,182.5,178.8,180.0,180.5,180.48,96954,174.98,2161, 40053, 41.31
ADVANIHOTR, EQ, 07-Jul-2025,60.75,61.44,61.45,60.14,60.37,60.36,60.64,20854,12.65,497, 13360, 64.06
ADVENZYMES, EQ, 07-Jul-2025,338.25,339.2,345.15,331.05,336.0,337.75,339.26,311112,1055.49,13663, 125700, 40.40
AEGISLOG, EQ, 07-Jul-2025,754.05,755.85,766.7,745.6,759.05,758.4,758.65,436495,3311.47,15778, 139701, 32.01
AEGISVOPAK, EQ, 07-Jul-2025,240.48,240.5,252.72,238.16,250.02,249.75,248.56,1004720,2497.34,15617, 562741, 56.01
AEROENTER, EQ, 07-Jul-2025,99.59,99.5,100.88,97.15,97.45,97.94,98.94,149085,147.51,2179, 90771, 60.89
AEROFLEX, EQ, 07-Jul-2025,201.39,201.35,206.61,192.25,195.9,197.78,201.35,2120337,4269.2,22362, 462304, 21.80
AETHER, EQ, 07-Jul-2025,778.8,778.8,799.9,775.25,793.2,793.5,790.25,310587,2454.4,17017, 176597, 56.86
AFCONS, EQ, 07-Jul-2025,428.8,428.0,429.8,421.7,424.3,423.95,424.26,650557,2760.03,11965, 455316, 69.99
AFFLE, EQ, 07-Jul-2025,2012.0,2012.0,2046.8,1980.1,1985.0,1987.0,2002.19,263754,5280.84,22946, 177808, 67.41
AFFORDABLE, EQ, 07-Jul-2025,507.7,500.0,519.8,495.95,500.0,505.4,507.43,23303,118.25,1922, 12396, 53.19
AFIL, EQ, 07-Jul-2025,7.43,7.5,7.5,7.25,7.39,7.36,7.37,1011675,74.58,1302, 633812, 62.65
AFSL, EQ, 07-Jul-2025,251.39,252.75,260.69,248.11,255.95,255.66,254.65,58220,148.26,1670, 39822, 68.40
AGARIND, EQ, 07-Jul-2025,957.4,954.0,960.05,936.95,939.0,937.85,942.61,22257,209.8,1533, 15348, 68.96
AGARWALEYE, EQ, 07-Jul-2025,416.65,413.0,429.55,410.05,425.0,425.85,422.68,377253,1594.59,18344, 207901, 55.11
AGI, EQ, 07-Jul-2025,803.05,803.05,807.9,786.05,788.7,789.55,794.57,64189,510.03,5994, 40808, 63.57
AGIIL, EQ, 07-Jul-2025,998.45,1004.85,1018.45,984.15,988.0,989.05,999.75,279975,2799.06,12446, 142692, 50.97
AGRITECH, EQ, 07-Jul-2025,157.89,157.89,158.24,151.35,152.25,155.32,155.97,5713,8.91,360, 3172, 55.52
AGROPHOS, EQ, 07-Jul-2025,36.42,37.39,37.39,36.35,36.39,36.36,36.43,13775,5.02,210, 8018, 58.21
AHLADA, EQ, 07-Jul-2025,67.48,67.51,67.95,67.01,67.35,67.3,67.4,7166,4.83,175, 4946, 69.02
AHLEAST, EQ, 07-Jul-2025,157.74,158.0,159.9,154.1,155.98,155.0,157.3,7365,11.59,315, 6010, 81.60
AHLUCONT, EQ, 07-Jul-2025,988.4,982.0,988.4,960.0,963.3,963.1,968.11,28550,276.4,3497, 15551, 54.47
AIAENG, EQ, 07-Jul-2025,3316.1,3316.1,3376.4,3284.3,3358.0,3353.0,3330.04,93845,3125.08,8425, 84286, 89.81
AIIL, EQ, 07-Jul-2025,2567.9,2584.7,2685.0,2560.5,2674.0,2671.3,2650.35,157702,4179.66,18640, 42224, 26.77
AIRAN, EQ, 07-Jul-2025,30.6,31.18,31.19,30.07,30.17,30.32,30.46,76375,23.26,1016, 43801, 57.35
AIROLAM, EQ, 07-Jul-2025,112.38,111.81,113.53,107.66,109.7,108.83,110.22,10825,11.93,311, 7208, 66.59
AJANTPHARM, EQ, 07-Jul-2025,2695.5,2699.5,2718.5,2644.0,2653.0,2657.3,2669.56,108192,2888.25,14675, 81790, 75.60
AJAXENGG, EQ, 07-Jul-2025,662.7,669.9,685.3,664.05,680.95,679.85,678.39,356105,2415.77,28428, 200112, 56.19
AJMERA, EQ, 07-Jul-2025,902.75,896.7,925.2,896.7,914.0,917.2,913.01,36947,337.33,3633, 16123, 43.64
AJOONI, EQ, 07-Jul-2025,5.86,5.85,5.87,5.82,5.84,5.82,5.84,200223,11.69,540, 165977, 82.90
AKASH, EQ, 07-Jul-2025,28.17,28.26,28.71,27.62,27.62,27.84,28.0,6931,1.94,130, 4954, 71.48
AKG, EQ, 07-Jul-2025,14.53,14.44,14.68,13.83,14.14,14.01,14.23,402690,57.31,2201, 283332, 70.36
AKI, EQ, 07-Jul-2025,9.29,11.12,11.14,11.12,11.14,11.14,11.13,99700,11.1,100, 99699, 100.00
AKSHARCHEM, EQ, 07-Jul-2025,296.8,296.8,298.2,292.0,292.15,295.2,295.03,13760,40.6,568, 9493, 68.99
AKSHOPTFBR, EQ, 07-Jul-2025,9.04,8.9,9.1,8.8,8.9,8.87,8.92,297115,26.49,559, 207094, 69.70
AKUMS, EQ, 07-Jul-2025,578.5,580.0,583.75,567.4,568.55,569.9,572.11,370356,2118.84,13313, 280667, 75.78
AKZOINDIA, EQ, 07-Jul-2025,3441.5,3431.2,3635.0,3421.0,3593.0,3609.0,3559.05,109913,3911.86,15959, 49154, 44.72
ALANKIT, EQ, 07-Jul-2025,16.1,15.8,16.5,15.57,16.16,16.27,16.2,994454,161.07,3157, 433444, 43.59
ALBERTDAVD, EQ, 07-Jul-2025,946.55,947.65,957.5,918.1,918.1,923.6,937.3,13573,127.22,1422, 9063, 66.77
ALEMBICLTD, EQ, 07-Jul-2025,119.81,119.75,121.43,118.2,118.5,118.58,119.62,336229,402.19,5032, 156162, 46.45
ALICON, EQ, 07-Jul-2025,898.15,900.0,900.85,882.0,891.45,886.5,891.78,4852,43.27,702, 2703, 55.71
ALIVUS, EQ, 07-Jul-2025,1040.4,1040.4,1049.0,1015.2,1020.0,1021.0,1030.52,45810,472.08,6339, 19731, 43.07
ALKALI, EQ, 07-Jul-2025,98.31,100.39,100.39,98.31,99.49,98.93,99.22,3818,3.79,222, 2615, 68.49
ALKEM, EQ, 07-Jul-2025,4886.3,4895.0,4905.8,4843.0,4879.1,4877.3,4869.18,86304,4202.3,12102, 63612, 73.71
ALKYLAMINE, EQ, 07-Jul-2025,2295.2,2295.2,2438.8,2286.6,2390.0,2398.0,2396.2,763487,18294.7,63206, 90933, 11.91
ALLCARGO, EQ, 07-Jul-2025,34.22,34.21,34.7,33.82,33.9,33.9,34.14,1476030,503.89,7605, 756820, 51.27
ALLDIGI, EQ, 07-Jul-2025,928.65,930.9,937.95,919.85,919.85,928.1,929.89,5808,54.01,753, 3431, 59.07
ALMONDZ, EQ, 07-Jul-2025,23.87,23.61,24.25,23.06,23.14,23.33,23.5,213642,50.2,1021, 127166, 59.52
ALOKINDS, EQ, 07-Jul-2025,20.14,20.09,20.39,20.0,20.09,20.12,20.2,5285273,1067.52,12589, 2014706, 38.12
ALPA, EQ, 07-Jul-2025,102.35,105.0,105.0,100.52,101.05,101.34,102.4,16555,16.95,531, 10035, 60.62
ALPHA, EQ, 07-Jul-2025,51.36,51.39,51.77,50.86,51.1,51.07,51.16,837231,428.3,4551, 590083, 70.48
ALPHAETF, EQ, 07-Jul-2025,25.72,25.6,25.99,25.4,25.65,25.67,25.68,426725,109.59,1479, 326032, 76.40
ALPHAGEO, EQ, 07-Jul-2025,285.6,285.5,285.5,280.05,282.5,283.2,282.96,5089,14.4,393, 3461, 68.01
ALPL30IETF, EQ, 07-Jul-2025,27.89,27.9,28.09,27.83,27.95,27.94,27.86,559633,155.93,2251, 441579, 78.91
AMBER, EQ, 07-Jul-2025,7349.5,7347.0,7486.0,7260.0,7414.0,7431.0,7409.41,393878,29184.05,48100, 145945, 37.05
AMBICAAGAR, EQ, 07-Jul-2025,27.99,28.4,28.55,28.11,28.55,28.43,28.37,2345,0.67,137, 1261, 53.77
AMBIKCO, EQ, 07-Jul-2025,1580.0,1578.0,1592.4,1565.6,1572.1,1573.6,1577.46,3588,56.6,884, 1857, 51.76
AMBUJACEM, EQ, 07-Jul-2025,595.75,596.0,596.85,585.3,590.0,592.0,589.65,2012247,11865.17,21716, 1212529, 60.26
AMDIND, EQ, 07-Jul-2025,54.55,54.9,55.48,53.1,55.28,55.05,54.89,61336,33.67,890, 40113, 65.40
AMJLAND, EQ, 07-Jul-2025,64.23,65.2,65.2,62.8,63.05,63.34,63.69,39968,25.46,975, 20597, 51.53
AMNPLST, EQ, 07-Jul-2025,243.93,247.6,255.99,245.19,246.5,246.85,250.32,10687,26.75,989, 5401, 50.54
AMRUTANJAN, EQ, 07-Jul-2025,716.45,716.8,725.0,706.1,713.1,713.8,714.38,27077,193.43,4727, 16409, 60.60
ANANDRATHI, EQ, 07-Jul-2025,2108.3,2102.0,2125.9,2083.7,2101.0,2102.2,2105.52,45358,955.02,6639, 22178, 48.90
ANANTRAJ, EQ, 07-Jul-2025,546.95,545.0,551.0,542.05,542.55,543.75,545.65,571984,3121.01,14474, 243955, 42.65
ANDHRAPAP, EQ, 07-Jul-2025,88.18,86.25,89.4,86.25,86.7,87.26,87.77,324486,284.81,5793, 116216, 35.82
ANDHRSUGAR, EQ, 07-Jul-2025,82.43,82.89,84.25,81.72,82.1,82.82,83.01,109673,91.03,2224, 50499, 46.05
ANGELONE, EQ, 07-Jul-2025,2776.0,2768.0,2818.0,2701.8,2790.0,2794.4,2775.08,1395129,38715.95,75198, 278566, 19.97
ANIKINDS, EQ, 07-Jul-2025,108.72,105.99,108.59,104.11,105.0,105.79,105.46,9075,9.57,393, 6017, 66.30
ANMOL, EQ, 07-Jul-2025,17.45,17.45,18.35,17.38,18.09,18.16,18.08,158202,28.61,1116, 94916, 60.00
ANTGRAPHIC, EQ, 07-Jul-2025,1.3,1.3,1.34,1.22,1.27,1.27,1.27,861683,10.92,517, 524518, 60.87
ANUHPHR, EQ, 07-Jul-2025,215.52,216.59,219.8,214.03,217.0,217.75,216.82,43793,94.95,2083, 26403, 60.29
ANUP, EQ, 07-Jul-2025,2760.4,2785.0,2815.0,2735.1,2810.1,2795.0,2776.73,25227,700.49,5692, 12222, 48.45
ANURAS, EQ, 07-Jul-2025,1136.9,1137.3,1154.4,1115.0,1130.0,1121.4,1131.86,139872,1583.15,12094, 60596, 43.32
AONELIQUID, EQ, 07-Jul-2025,1015.42,1015.57,1015.57,1015.55,1015.55,1015.55,1015.55,7865,79.87,210, 7133, 90.69
AONENIFTY, EQ, 07-Jul-2025,10.39,10.7,10.7,10.35,10.41,10.4,10.4,405508,42.18,2517, 286947, 70.76
AONETOTAL, EQ, 07-Jul-2025,11.92,11.62,12.28,11.62,11.94,11.92,11.92,288360,34.38,2903, 171528, 59.48
APARINDS, EQ, 07-Jul-2025,8624.5,8650.0,8700.0,8470.0,8547.0,8543.5,8578.5,46853,4019.29,10937, 23822, 50.84
APCOTEXIND, EQ, 07-Jul-2025,399.45,393.95,401.7,393.95,399.3,399.3,398.19,9962,39.67,663, 6305, 63.29
APEX, EQ, 07-Jul-2025,246.68,245.0,249.59,242.34,242.9,243.61,244.71,25710,62.91,1127, 10050, 39.09
APLAPOLLO, EQ, 07-Jul-2025,1717.6,1717.0,1744.0,1715.0,1725.0,1734.1,1732.13,282669,4896.19,27939, 153881, 54.44
APLLTD, EQ, 07-Jul-2025,1000.7,997.0,1012.3,997.0,1001.0,1002.3,1002.81,135196,1355.76,8292, 58049, 42.94
APOLLO, EQ, 07-Jul-2025,191.88,192.38,192.48,184.39,185.85,185.9,186.52,3420001,6379.1,35329, 1654344, 48.37
APOLLOHOSP, EQ, 07-Jul-2025,7553.5,7562.5,7625.5,7535.5,7600.0,7616.0,7591.91,449086,34094.22,36332, 328940, 73.25
APOLLOPIPE, EQ, 07-Jul-2025,433.3,436.3,436.3,423.8,425.0,425.3,427.68,62738,268.32,2896, 39956, 63.69
APOLLOTYRE, EQ, 07-Jul-2025,459.15,459.05,463.6,455.6,460.7,460.4,459.36,488674,2244.8,20441, 228766, 46.81
APOLSINHOT, EQ, 07-Jul-2025,1467.3,1519.0,1562.4,1463.8,1485.0,1485.1,1492.59,5127,76.52,720, 2967, 57.87
APTUS, EQ, 07-Jul-2025,322.65,325.2,330.0,320.25,327.8,328.2,325.78,1810427,5898.09,32576, 915394, 50.56
ARCHIDPLY, EQ, 07-Jul-2025,104.32,104.32,107.0,103.95,106.0,105.67,105.54,9231,9.74,472, 4070, 44.09
ARE&M, EQ, 07-Jul-2025,968.25,970.0,974.2,960.6,964.0,964.35,964.52,646519,6235.79,18721, 467577, 72.32
ARENTERP, EQ, 07-Jul-2025,59.95,60.0,62.7,56.21,57.17,58.17,59.95,11627,6.97,364, 4977, 42.81
ARIES, EQ, 07-Jul-2025,335.75,337.7,357.75,335.5,356.0,354.45,348.93,171971,600.06,5523, 87179, 50.69
ARIHANTCAP, EQ, 07-Jul-2025,89.82,90.7,91.2,88.5,88.96,88.89,89.67,279707,250.8,3161, 130726, 46.74
ARIHANTSUP, EQ, 07-Jul-2025,404.1,408.15,408.6,395.1,395.1,398.55,402.57,27914,112.37,1184, 17973, 64.39
ARISINFRA, EQ, 07-Jul-2025,172.58,172.58,172.58,162.8,163.92,163.98,166.78,641406,1069.73,16516, 272522, 42.49
ARKADE, EQ, 07-Jul-2025,194.01,193.8,209.4,193.0,206.0,204.95,204.49,8535838,17454.72,81239, 2295027, 26.89
ARMANFIN, EQ, 07-Jul-2025,1800.5,1803.1,1834.6,1782.0,1782.1,1792.9,1806.71,23832,430.57,3862, 9292, 38.99
AROGRANITE, EQ, 07-Jul-2025,40.45,40.05,42.68,40.0,40.11,40.23,41.01,40251,16.51,795, 11885, 29.53
ARTEMISMED, EQ, 07-Jul-2025,256.95,258.3,258.3,251.65,252.4,252.3,253.87,54940,139.47,3479, 33849, 61.61
ARVEE, EQ, 07-Jul-2025,192.56,192.0,192.0,184.4,187.73,188.51,187.5,637,1.19,72, 319, 50.08
ARVIND, EQ, 07-Jul-2025,349.95,350.95,351.6,344.5,345.8,346.45,346.38,296873,1028.3,5898, 246106, 82.90
ARVINDFASN, EQ, 07-Jul-2025,451.05,451.95,466.0,451.1,462.35,464.35,457.41,503639,2303.7,17240, 369946, 73.45
ARVSMART, EQ, 07-Jul-2025,680.15,677.0,684.45,670.1,672.0,673.05,677.04,36250,245.43,3587, 22275, 61.45
ASAHIINDIA, EQ, 07-Jul-2025,847.85,844.0,845.15,812.0,814.8,815.2,826.35,441758,3650.48,19518, 145376, 32.91
ASAL, EQ, 07-Jul-2025,606.05,605.9,611.4,590.1,592.0,594.15,596.5,77882,464.57,4991, 22709, 29.16
ASALCBR, EQ, 07-Jul-2025,1198.9,1201.0,1228.9,1177.2,1178.2,1185.2,1206.89,60396,728.91,8425, 26928, 44.59
ASHAPURMIN, EQ, 07-Jul-2025,447.1,448.15,451.3,437.1,438.1,438.8,441.89,212644,939.66,8990, 95344, 44.84
ASHIANA, EQ, 07-Jul-2025,340.6,343.9,344.8,335.25,336.0,337.15,338.94,25189,85.38,1962, 15469, 61.41
ASHOKA, EQ, 07-Jul-2025,210.75,210.25,213.88,205.0,205.51,205.67,207.86,1188307,2470.07,16314, 534162, 44.95
ASHOKAMET, EQ, 07-Jul-2025,17.6,17.3,18.3,17.0,17.24,17.11,17.41,59881,10.43,1014, 32225, 53.82
ASHOKLEY, EQ, 07-Jul-2025,249.85,249.85,250.45,247.7,249.95,249.8,249.58,2349302,5863.32,37734, 1407377, 59.91
ASIANENE, EQ, 07-Jul-2025,289.95,288.1,290.75,282.95,283.4,284.6,285.89,57234,163.63,2075, 28329, 49.50
ASIANPAINT, EQ, 07-Jul-2025,2424.2,2423.3,2465.1,2421.0,2448.0,2442.8,2445.69,869054,21254.38,65276, 426732, 49.10
ASKAUTOLTD, EQ, 07-Jul-2025,521.6,526.85,531.55,505.25,520.0,519.4,517.91,376625,1950.57,19316, 136054, 36.12
ASMS, EQ, 07-Jul-2025,13.48,13.47,13.78,13.25,13.26,13.28,13.48,687904,92.72,1633, 349171, 50.76
ASPINWALL, EQ, 07-Jul-2025,294.55,293.95,296.65,288.4,296.0,290.7,291.66,1636,4.77,78, 1454, 88.88
ASTEC, EQ, 07-Jul-2025,945.0,944.0,947.7,922.5,929.8,933.35,936.54,21724,203.45,1848, 10456, 48.13
ASTERDM, EQ, 07-Jul-2025,633.15,633.9,638.7,608.85,621.4,621.85,620.48,1940754,12041.95,54215, 826849, 42.60
ASTRAL, EQ, 07-Jul-2025,1482.2,1482.2,1492.5,1474.0,1487.5,1488.7,1483.08,539073,7994.86,20942, 338008, 62.70
ASTRAMICRO, EQ, 07-Jul-2025,1076.3,1095.4,1095.4,1033.9,1036.9,1039.8,1053.2,344827,3631.71,18226, 161197, 46.75
ASTRAZEN, EQ, 07-Jul-2025,9102.5,9102.5,9170.0,9063.0,9140.0,9150.5,9130.16,17540,1601.43,4123, 5699, 32.49
ASTRON, EQ, 07-Jul-2025,16.6,17.4,17.4,15.86,16.06,16.18,16.47,37761,6.22,389, 19707, 52.19
ATAM, EQ, 07-Jul-2025,107.28,106.21,108.59,106.0,106.0,106.11,106.69,11182,11.93,421, 6003, 53.68
ATGL, EQ, 07-Jul-2025,660.1,663.05,665.0,655.0,656.2,656.5,658.45,440055,2897.53,15409, 159578, 36.26
ATHERENERG, EQ, 07-Jul-2025,328.25,328.0,332.35,326.5,330.0,329.8,329.89,419981,1385.47,12357, 268607, 63.96
ATL, EQ, 07-Jul-2025,28.59,28.59,28.92,28.06,28.2,28.3,28.36,203099,57.6,1421, 96044, 47.29
ATLANTAA, EQ, 07-Jul-2025,36.89,36.89,37.39,35.55,35.88,36.37,36.45,12473,4.55,366, 6163, 49.41
ATUL, EQ, 07-Jul-2025,7636.0,7686.0,7788.0,7602.5,7664.0,7696.0,7719.07,43510,3358.57,10564, 19901, 45.74
ATULAUTO, EQ, 07-Jul-2025,454.7,453.0,460.0,451.25,459.0,456.1,454.41,37869,172.08,2039, 19980, 52.76
AUBANK, EQ, 07-Jul-2025,819.5,819.55,824.45,810.0,811.0,813.85,818.72,1752800,14350.52,59994, 1116840, 63.72
AURIONPRO, EQ, 07-Jul-2025,1470.2,1470.2,1663.6,1462.6,1590.0,1607.9,1601.08,1450007,23215.72,100425, 243526, 16.79
AUROPHARMA, EQ, 07-Jul-2025,1191.3,1188.0,1193.0,1176.0,1182.4,1185.1,1184.14,697326,8257.3,28387, 329243, 47.22
AURUM, EQ, 07-Jul-2025,194.22,193.4,199.0,193.0,193.25,195.12,195.25,35066,68.46,1137, 16399, 46.77
AUTOAXLES, EQ, 07-Jul-2025,1789.8,1789.8,1810.0,1780.0,1784.5,1787.5,1794.92,5137,92.2,1520, 2648, 51.55
AUTOBEES, EQ, 07-Jul-2025,245.05,246.28,246.28,244.22,244.74,244.65,244.69,82255,201.27,1818, 43919, 53.39
AUTOIETF, EQ, 07-Jul-2025,24.53,24.61,24.61,24.44,24.47,24.48,24.49,287882,70.51,1567, 243459, 84.57
AUTOIND, EQ, 07-Jul-2025,79.5,79.5,82.0,78.6,79.6,79.05,79.34,88850,70.49,1305, 56776, 63.90
AVADHSUGAR, EQ, 07-Jul-2025,498.35,498.35,514.9,494.45,503.1,504.65,504.72,85317,430.61,3999, 34156, 40.03
AVALON, EQ, 07-Jul-2025,832.3,835.0,856.3,832.05,841.0,839.6,845.9,185669,1570.57,12190, 74482, 40.12
AVANTEL, EQ, 07-Jul-2025,159.44,159.4,163.34,156.8,160.45,160.61,159.28,1201952,1914.44,12013, 437716, 36.42
AVANTIFEED, EQ, 07-Jul-2025,730.65,730.65,740.25,725.1,729.8,729.65,732.28,199972,1464.36,11219, 82241, 41.13
AVG, EQ, 07-Jul-2025,286.7,284.35,295.0,282.6,295.0,288.65,286.26,7582,21.7,467, 4933, 65.06
AVL, EQ, 07-Jul-2025,361.2,364.8,368.05,357.35,359.0,358.65,361.09,112986,407.98,7524, 55589, 49.20
AVROIND, EQ, 07-Jul-2025,169.08,170.8,171.39,166.5,167.5,169.35,169.97,9954,16.92,253, 8122, 81.60
AVTNPL, EQ, 07-Jul-2025,66.09,66.5,68.89,65.26,67.0,67.09,67.39,192678,129.85,2631, 113560, 58.94
AWFIS, EQ, 07-Jul-2025,629.0,630.0,633.0,625.55,626.05,629.95,629.15,101656,639.57,5784, 59705, 58.73
AWHCL, EQ, 07-Jul-2025,674.55,674.55,679.4,660.7,664.0,664.05,668.06,56566,377.9,3914, 26477, 46.81
AWL, EQ, 07-Jul-2025,256.15,256.15,257.9,255.0,257.25,257.2,256.81,1327747,3409.79,18755, 789738, 59.48
AXISBANK, EQ, 07-Jul-2025,1177.6,1177.6,1177.6,1167.6,1173.1,1175.1,1174.58,5783402,67930.58,116286, 4484706, 77.54
AXISBNKETF, EQ, 07-Jul-2025,585.88,583.24,585.88,582.95,585.0,584.32,583.9,384,2.24,32, 269, 70.05
AXISBPSETF, EQ, 07-Jul-2025,12.77,12.45,12.86,12.45,12.78,12.76,12.73,47853,6.09,515, 36399, 76.06
AXISCETF, EQ, 07-Jul-2025,120.59,118.18,121.35,118.18,121.35,121.0,120.72,5879,7.1,38, 5873, 99.90
AXISGOLD, EQ, 07-Jul-2025,81.43,80.63,81.72,80.63,81.11,81.1,81.12,206910,167.85,2865, 134639, 65.07
AXISHCETF, EQ, 07-Jul-2025,148.92,149.66,149.66,148.16,148.87,149.07,148.46,8782,13.04,104, 7549, 85.96
AXISILVER, EQ, 07-Jul-2025,107.84,108.46,108.47,107.27,107.92,107.75,107.62,558579,601.14,615, 538641, 96.43
AXISNIFTY, EQ, 07-Jul-2025,278.68,275.0,281.6,275.0,278.68,278.6,278.36,3236,9.01,216, 2257, 69.75
AXISTECETF, EQ, 07-Jul-2025,422.28,411.72,425.49,411.72,419.92,419.98,420.91,2527,10.64,89, 1904, 75.35
AXISVALUE, EQ, 07-Jul-2025,29.02,29.03,29.33,28.73,29.02,29.01,28.99,11734,3.4,128, 7310, 62.30
AXITA, EQ, 07-Jul-2025,9.02,9.0,9.04,8.95,9.04,9.0,9.01,1067996,96.21,1937, 363283, 34.02
AXSENSEX, EQ, 07-Jul-2025,85.13,86.8,86.8,85.2,85.58,85.58,85.36,19067,16.28,31, 19026, 99.78
AYMSYNTEX, EQ, 07-Jul-2025,236.5,230.2,241.17,230.2,235.65,236.36,237.86,10127,24.09,632, 4730, 46.71
AZAD, EQ, 07-Jul-2025,1642.4,1642.0,1642.7,1617.1,1626.8,1629.2,1628.19,60480,984.73,4753, 27067, 44.75
BAFNAPH, EQ, 07-Jul-2025,89.21,91.3,91.3,86.02,86.65,87.21,87.22,6183,5.39,230, 4316, 69.80
BAGFILMS, EQ, 07-Jul-2025,7.21,7.23,7.57,7.18,7.57,7.57,7.41,146059,10.82,466, 98148, 67.20
BAIDFIN, EQ, 07-Jul-2025,11.98,12.4,12.4,11.49,11.7,11.83,12.0,288020,34.56,778, 148990, 51.73
BAJAJ-AUTO, EQ, 07-Jul-2025,8433.0,8433.0,8484.0,8404.0,8462.0,8463.5,8455.28,123117,10409.88,19691, 59756, 48.54
BAJAJCON, EQ, 07-Jul-2025,220.87,222.99,239.2,222.99,233.0,233.14,233.4,4599840,10736.0,52579, 1140750, 24.80
BAJAJELEC, EQ, 07-Jul-2025,689.65,695.3,695.3,680.45,689.3,689.6,687.32,44856,308.31,4276, 14600, 32.55
BAJAJFINSV, EQ, 07-Jul-2025,1994.4,1996.8,2016.9,1993.0,2007.0,2006.4,2003.3,861699,17262.38,42512, 482309, 55.97
BAJAJHCARE, EQ, 07-Jul-2025,478.55,478.55,488.2,470.0,471.3,471.2,474.76,92906,441.08,3677, 46303, 49.84
BAJAJHFL, EQ, 07-Jul-2025,122.39,122.25,122.39,120.75,121.09,120.96,121.16,4427716,5364.46,30276, 2567231, 57.98
BAJAJHIND, EQ, 07-Jul-2025,27.65,27.64,29.62,27.28,28.74,28.53,28.84,26187324,7551.84,53200, 9005692, 34.39
BAJAJHLDNG, EQ, 07-Jul-2025,14227.0,14291.0,14349.0,14105.0,14300.0,14288.0,14229.03,21147,3009.01,7698, 8631, 40.81
BAJAJINDEF, EQ, 07-Jul-2025,547.5,553.0,553.0,520.15,520.15,520.15,528.1,115644,610.72,3284, 63547, 54.95
BAJFINANCE, EQ, 07-Jul-2025,925.3,925.0,929.3,918.1,923.65,924.65,923.84,3383973,31262.66,115649, 1976030, 58.39
BALAJEE, EQ, 07-Jul-2025,46.21,46.58,46.71,45.91,45.95,46.02,46.27,43823,20.28,838, 29260, 66.77
BALAMINES, EQ, 07-Jul-2025,1798.9,1798.9,1945.0,1786.8,1920.5,1915.6,1902.84,473109,9002.52,29987, 103413, 21.86
BALAXI, EQ, 07-Jul-2025,49.35,49.75,49.75,48.8,49.03,48.97,49.08,108459,53.23,977, 63978, 58.99
BALKRISHNA, EQ, 07-Jul-2025,21.33,21.75,21.75,21.1,21.4,21.3,21.28,27451,5.84,237, 17246, 62.82
BALKRISIND, EQ, 07-Jul-2025,2607.9,2607.8,2618.3,2587.3,2601.0,2602.8,2602.38,127405,3315.56,13318, 74311, 58.33
BALMLAWRIE, EQ, 07-Jul-2025,214.78,214.65,215.36,212.04,212.5,212.73,213.37,143587,306.37,3798, 95590, 66.57
BALPHARMA, EQ, 07-Jul-2025,103.48,103.48,103.48,100.21,101.0,101.19,101.34,14410,14.6,479, 9999, 69.39
BALRAMCHIN, EQ, 07-Jul-2025,590.0,590.0,608.0,587.75,599.7,602.8,600.74,460337,2765.41,20712, 196008, 42.58
BANARBEADS, EQ, 07-Jul-2025,121.65,121.05,122.55,119.31,120.02,120.08,120.43,4207,5.07,467, 2480, 58.95
BANARISUG, EQ, 07-Jul-2025,3900.6,3899.6,3942.4,3876.4,3912.0,3900.2,3902.74,1994,77.82,381, 1427, 71.56
BANCOINDIA, EQ, 07-Jul-2025,669.0,672.85,677.0,651.55,662.0,665.25,661.53,251118,1661.22,12791, 102371, 40.77
BANDHANBNK, EQ, 07-Jul-2025,179.98,179.5,180.45,177.01,177.47,177.49,178.26,3902222,6955.92,25393, 1447346, 37.09
BANG, EQ, 07-Jul-2025,60.63,62.34,62.34,58.7,59.55,59.71,60.14,20910,12.58,653, 12549, 60.01
BANKA, EQ, 07-Jul-2025,72.25,71.63,72.39,71.5,72.0,71.93,71.86,1280,0.92,148, 503, 39.30
BANKBARODA, EQ, 07-Jul-2025,240.78,240.9,245.0,240.11,241.8,241.09,242.47,8397404,20360.89,74538, 4391801, 52.30
BANKBEES, EQ, 07-Jul-2025,586.31,582.01,587.99,582.01,585.04,585.55,585.97,459329,2691.54,7842, 272003, 59.22
BANKBETF, EQ, 07-Jul-2025,57.73,57.73,57.77,57.38,57.64,57.62,57.6,4245,2.44,184, 4049, 95.38
BANKETF, EQ, 07-Jul-2025,577.24,577.41,578.02,575.15,575.58,575.69,575.54,5377,30.95,69, 5217, 97.02
BANKETFADD, EQ, 07-Jul-2025,58.03,58.33,58.33,57.79,57.94,57.86,57.9,347841,201.4,123, 347667, 99.95
BANKIETF, EQ, 07-Jul-2025,58.09,58.6,58.6,57.95,57.98,58.02,58.07,115920,67.32,1061, 64010, 55.22
BANKINDIA, EQ, 07-Jul-2025,117.81,118.4,119.14,117.4,117.49,117.72,118.25,10444935,12351.14,45142, 4546457, 43.53
BANKNIFTY1, EQ, 07-Jul-2025,587.0,584.12,588.73,584.12,586.33,586.45,586.37,51503,302.0,637, 49492, 96.10
BANKPSU, EQ, 07-Jul-2025,71.64,73.79,73.79,71.52,71.54,71.55,71.69,16018,11.48,63, 13399, 83.65
BANSALWIRE, EQ, 07-Jul-2025,382.9,382.9,388.0,381.0,385.0,384.95,384.48,251502,966.97,2046, 226206, 89.94
BANSWRAS, EQ, 07-Jul-2025,159.67,159.67,160.44,153.5,154.0,153.98,156.29,38015,59.41,1621, 21322, 56.09
BARBEQUE, EQ, 07-Jul-2025,316.45,316.1,317.5,305.5,306.0,307.15,311.2,96241,299.5,4098, 53208, 55.29
BASF, EQ, 07-Jul-2025,5151.5,5175.0,5180.0,5088.0,5160.5,5157.0,5140.21,12959,666.12,3628, 5354, 41.31
BASML, EQ, 07-Jul-2025,33.61,33.61,34.79,33.4,33.51,33.58,34.03,277673,94.49,1020, 176241, 63.47
BATAINDIA, EQ, 07-Jul-2025,1238.8,1239.1,1251.3,1219.9,1225.0,1228.3,1235.0,182323,2251.68,21359, 93811, 51.45
BAYERCROP, EQ, 07-Jul-2025,6435.5,6477.5,6511.0,6351.0,6380.5,6438.0,6454.32,36241,2339.11,5390, 25601, 70.64
BBETF0432, EQ, 07-Jul-2025,1282.82,1282.99,1283.38,1280.01,1282.35,1282.12,1281.8,767,9.83,50, 621, 80.96
BBL, EQ, 07-Jul-2025,3027.4,3025.0,3039.5,2994.0,3017.0,3009.6,3015.1,29689,895.15,6240, 14972, 50.43
BBNPNBETF, EQ, 07-Jul-2025,57.27,57.55,57.55,57.0,57.27,57.06,57.15,78,0.04,16, 78, 100.00
BBNPPGOLD, EQ, 07-Jul-2025,94.95,94.95,95.4,94.0,94.6,94.55,94.38,1495,1.41,59, 1114, 74.52
BBTC, EQ, 07-Jul-2025,1984.0,1990.0,2013.6,1972.5,1986.0,1989.8,1991.19,32059,638.35,5655, 12105, 37.76
BBTCL, EQ, 07-Jul-2025,160.62,157.85,165.0,157.85,161.9,162.09,162.24,2806,4.55,484, 1375, 49.00
BCLIND, EQ, 07-Jul-2025,41.23,41.29,41.96,41.0,41.19,41.13,41.4,403173,166.92,3143, 202880, 50.32
BCONCEPTS, EQ, 07-Jul-2025,349.05,350.9,351.3,342.2,342.3,344.55,346.81,4707,16.32,359, 3171, 67.37
BDL, EQ, 07-Jul-2025,1977.6,1972.0,1972.7,1927.0,1938.0,1943.3,1947.83,1444044,28127.47,59578, 337450, 23.37
BEARDSELL, EQ, 07-Jul-2025,29.3,29.88,31.0,29.31,29.5,29.57,30.11,105929,31.9,487, 56131, 52.99
BECTORFOOD, EQ, 07-Jul-2025,1356.1,1357.9,1414.9,1350.1,1414.0,1413.0,1396.66,117857,1646.06,13644, 53944, 45.77
BEDMUTHA, EQ, 07-Jul-2025,151.83,152.59,152.59,148.29,149.0,149.23,149.9,11662,17.48,397, 6184, 53.03
BEL, EQ, 07-Jul-2025,427.55,427.45,427.45,416.15,417.0,417.1,418.84,22221724,93073.08,220190, 11996398, 53.99
BELRISE, EQ, 07-Jul-2025,103.23,103.03,104.45,102.25,102.35,102.47,103.02,3906340,4024.26,18226, 1733941, 44.39
BEML, EQ, 07-Jul-2025,4524.8,4550.0,4617.9,4532.0,4561.0,4578.7,4578.75,672235,30779.96,50809, 146472, 21.79
BEPL, EQ, 07-Jul-2025,115.81,116.0,117.99,115.15,117.0,116.89,117.03,413067,483.4,5828, 180145, 43.61
BERGEPAINT, EQ, 07-Jul-2025,596.0,592.1,600.0,583.7,588.0,585.9,589.37,330186,1946.02,26315, 188369, 57.05
BESTAGRO, EQ, 07-Jul-2025,382.05,382.05,387.0,369.6,378.0,380.5,377.93,17056,64.46,1276, 9323, 54.66
BFINVEST, EQ, 07-Jul-2025,493.1,493.1,494.55,486.05,489.0,489.6,489.91,25189,123.4,1948, 10542, 41.85
BFSI, EQ, 07-Jul-2025,27.68,28.44,28.51,27.56,27.68,27.66,27.63,131508,36.33,902, 90885, 69.11
BFUTILITIE, EQ, 07-Jul-2025,794.1,793.0,795.0,780.1,784.0,783.05,785.94,39146,307.66,3467, 16859, 43.07
BHAGCHEM, EQ, 07-Jul-2025,308.1,311.2,311.2,298.1,299.0,299.8,303.52,56530,171.58,2226, 34090, 60.30
BHAGERIA, EQ, 07-Jul-2025,210.3,207.0,212.92,201.15,201.8,203.59,208.46,60271,125.64,4540, 19855, 32.94
BHAGYANGR, EQ, 07-Jul-2025,79.24,79.24,81.19,78.0,79.94,80.0,79.82,63953,51.05,1188, 18467, 28.88
BHANDARI, EQ, 07-Jul-2025,5.79,5.85,5.89,5.66,5.67,5.69,5.79,777747,45.03,1599, 429090, 55.17
BHARATFORG, EQ, 07-Jul-2025,1314.5,1314.0,1314.0,1293.0,1303.5,1306.2,1305.63,436455,5698.5,23520, 226707, 51.94
BHARATGEAR, EQ, 07-Jul-2025,89.77,89.76,89.76,88.6,88.6,88.66,88.92,7473,6.65,309, 5041, 67.46
BHARATRAS, EQ, 07-Jul-2025,11385.0,11400.0,11441.0,11211.0,11299.0,11247.0,11271.25,2336,263.3,1090, 823, 35.23
BHARATWIRE, EQ, 07-Jul-2025,213.79,214.9,216.1,207.6,208.1,208.64,211.45,101826,215.31,3543, 49074, 48.19
BHARTIARTL, EQ, 07-Jul-2025,2017.2,2018.0,2036.0,2010.6,2029.5,2033.9,2023.94,4165432,84305.72,129355, 3279529, 78.73
BHARTIHEXA, EQ, 07-Jul-2025,1906.4,1890.0,1900.0,1833.0,1836.8,1839.8,1851.65,311948,5776.17,41443, 132881, 42.60
BHEL, EQ, 07-Jul-2025,260.15,260.5,260.9,255.35,256.9,256.35,257.18,3448589,8869.02,39847, 1213200, 35.18
BIGBLOC, EQ, 07-Jul-2025,63.89,63.89,65.0,63.03,63.59,63.54,63.79,85038,54.25,1589, 46372, 54.53
BIKAJI, EQ, 07-Jul-2025,732.9,732.9,735.65,725.0,730.0,730.55,729.87,71212,519.76,5684, 29693, 41.70
BIL, EQ, 07-Jul-2025,729.6,733.1,733.1,706.0,719.75,717.95,719.3,3289,23.66,254, 2355, 71.60
BIOCON, EQ, 07-Jul-2025,380.05,381.95,382.0,371.45,372.45,372.1,374.14,3307833,12376.05,31237, 1783408, 53.91
BIRLACORPN, EQ, 07-Jul-2025,1401.0,1398.0,1403.9,1374.2,1382.0,1383.8,1384.64,45679,632.49,8025, 22676, 49.64
BIRLAMONEY, EQ, 07-Jul-2025,191.01,191.89,197.2,189.31,194.15,194.49,193.86,133788,259.36,2744, 70876, 52.98
BIRLANU, EQ, 07-Jul-2025,2343.7,2358.9,2381.3,2260.2,2324.9,2307.2,2324.63,9642,224.14,1799, 3791, 39.32
BLACKBUCK, EQ, 07-Jul-2025,434.45,435.95,443.3,429.8,430.9,430.45,431.07,721687,3110.96,12362, 596646, 82.67
BLAL, EQ, 07-Jul-2025,213.03,211.9,217.01,211.88,212.7,212.92,214.35,37679,80.77,1169, 19248, 51.08
BLBLIMITED, EQ, 07-Jul-2025,14.93,14.85,15.19,14.36,14.65,14.55,14.69,39317,5.78,293, 21510, 54.71
BLISSGVS, EQ, 07-Jul-2025,156.25,156.25,164.7,155.5,162.98,162.97,162.16,1331124,2158.6,20332, 455796, 34.24
BLKASHYAP, EQ, 07-Jul-2025,69.82,69.82,71.03,67.55,68.3,68.09,68.65,297261,204.06,2912, 145494, 48.94
BLS, EQ, 07-Jul-2025,363.7,365.0,383.9,361.25,378.0,377.35,373.96,9325957,34875.72,103676, 2752335, 29.51
BLUEDART, EQ, 07-Jul-2025,6697.5,6697.5,6741.5,6633.0,6652.0,6690.0,6682.23,9881,660.27,2893, 2551, 25.82
BLUEJET, EQ, 07-Jul-2025,897.25,910.0,923.0,880.2,896.0,898.6,903.84,435684,3937.9,21194, 196601, 45.12
BLUESTARCO, EQ, 07-Jul-2025,1841.2,1836.0,1842.0,1801.1,1813.0,1826.7,1821.8,694681,12655.71,58756, 377241, 54.30
BLUSPRING, EQ, 07-Jul-2025,79.77,80.49,85.37,80.49,81.0,81.67,82.5,1841584,1519.34,13927, 931997, 50.61
BODALCHEM, EQ, 07-Jul-2025,78.09,78.35,81.0,76.6,77.32,76.96,78.55,767692,603.05,6707, 363744, 47.38
BOMDYEING, EQ, 07-Jul-2025,167.56,167.56,170.5,163.4,164.0,164.23,167.22,801661,1340.51,10798, 327398, 40.84
BORANA, EQ, 07-Jul-2025,221.34,223.4,226.5,220.0,222.64,220.84,222.34,178101,395.99,3831, 75855, 42.59
BOROLTD, EQ, 07-Jul-2025,337.85,335.5,339.7,320.1,325.0,324.7,327.19,270743,885.85,12610, 121342, 44.82
BORORENEW, EQ, 07-Jul-2025,497.1,509.0,526.95,505.0,518.0,515.5,516.72,1473433,7613.48,46913, 483547, 32.82
BOROSCI, EQ, 07-Jul-2025,165.16,165.98,168.2,160.35,160.6,161.65,164.11,92781,152.27,2674, 35268, 38.01
BOSCHLTD, EQ, 07-Jul-2025,35930.0,35760.0,36340.0,35375.0,36155.0,36045.0,35977.58,90278,32479.84,33132, 33791, 37.43
BPCL, EQ, 07-Jul-2025,346.2,345.8,351.55,343.45,350.5,350.5,348.33,8603937,29969.95,107903, 4084033, 47.47
BPL, EQ, 07-Jul-2025,90.4,91.01,91.59,89.31,89.55,89.94,90.13,42841,38.61,879, 20842, 48.65
BRIGADE, EQ, 07-Jul-2025,1073.3,1077.9,1098.0,1069.5,1092.0,1091.6,1086.63,164723,1789.92,12633, 79554, 48.30
BRITANNIA, EQ, 07-Jul-2025,5771.5,5800.0,5899.5,5788.0,5895.0,5884.0,5846.98,259829,15192.15,37670, 168139, 64.71
BSE, EQ, 07-Jul-2025,2635.2,2635.2,2680.0,2590.7,2640.0,2636.2,2644.89,4315497,114140.29,213796, 936367, 21.70
BSE500IETF, EQ, 07-Jul-2025,39.65,39.7,39.84,39.3,39.7,39.66,39.67,116851,46.35,1683, 97180, 83.17
BSHSL, EQ, 07-Jul-2025,141.76,144.5,144.5,141.76,141.76,141.92,142.52,26347,37.55,1246, 8091, 30.71
BSLGOLDETF, EQ, 07-Jul-2025,86.23,88.38,88.38,85.25,85.7,85.6,85.54,41225,35.26,885, 33241, 80.63
BSLNIFTY, EQ, 07-Jul-2025,29.46,28.72,29.9,28.72,29.41,29.43,29.46,212403,62.58,8116, 132682, 62.47
BSLSENETFG, EQ, 07-Jul-2025,83.26,85.76,85.76,80.79,82.98,83.11,82.89,1311,1.09,123, 1074, 81.92
BSOFT, EQ, 07-Jul-2025,435.25,436.75,438.8,432.0,435.45,433.15,434.41,1386605,6023.49,23362, 870901, 62.81
BTML, EQ, 07-Jul-2025,8.81,8.84,8.84,8.37,8.49,8.43,8.53,385879,32.9,1001, 218159, 56.54
BUTTERFLY, EQ, 07-Jul-2025,719.35,719.4,728.95,712.05,715.0,714.95,718.39,10590,76.08,865, 7354, 69.44
BVCL, EQ, 07-Jul-2025,37.18,37.99,38.88,36.15,36.17,36.77,37.56,45683,17.16,816, 16049, 35.13
CAMPUS, EQ, 07-Jul-2025,269.5,269.1,275.0,268.25,272.0,272.85,272.34,442988,1206.42,11557, 223538, 50.46
CAMS, EQ, 07-Jul-2025,4231.8,4212.2,4214.9,4135.0,4148.0,4142.0,4164.37,299909,12489.32,37747, 140913, 46.99
CANBK, EQ, 07-Jul-2025,114.37,114.37,115.8,114.1,114.22,114.31,114.86,15821152,18171.54,62296, 7222033, 45.65
CANFINHOME, EQ, 07-Jul-2025,817.3,815.0,822.0,812.0,820.0,820.3,817.73,193965,1586.11,10389, 136620, 70.44
CANTABIL, EQ, 07-Jul-2025,272.45,272.0,276.0,267.4,272.6,274.55,272.02,220145,598.85,6468, 130178, 59.13
CAPACITE, EQ, 07-Jul-2025,326.55,327.0,331.15,324.05,324.05,325.6,327.66,157128,514.85,5476, 85934, 54.69
CAPITALSFB, EQ, 07-Jul-2025,281.45,284.25,284.25,279.85,282.0,282.3,282.1,24961,70.42,1197, 14235, 57.03
CAPLIPOINT, EQ, 07-Jul-2025,2017.8,2017.8,2065.0,2000.2,2041.3,2054.6,2031.82,106610,2166.12,12208, 49986, 46.89
CARBORUNIV, EQ, 07-Jul-2025,998.45,1002.0,1002.0,977.0,985.0,983.7,983.44,167198,1644.29,10941, 100454, 60.08
CARERATING, EQ, 07-Jul-2025,1918.4,1924.5,1925.0,1825.0,1835.0,1828.3,1857.31,108206,2009.72,10882, 61312, 56.66
CARRARO, EQ, 07-Jul-2025,456.8,458.0,458.6,449.7,452.55,452.4,452.67,27791,125.8,2911, 14392, 51.79
CARTRADE, EQ, 07-Jul-2025,1699.4,1699.4,1707.2,1667.8,1696.0,1698.6,1695.09,152202,2579.96,21700, 87543, 57.52
CARYSIL, EQ, 07-Jul-2025,888.0,880.0,883.55,826.8,832.5,830.15,843.91,249075,2101.96,19243, 121840, 48.92
CASHIETF, EQ, 07-Jul-2025,1017.9,1018.02,1018.03,1018.01,1018.03,1018.01,1018.01,518728,5280.72,130, 417983, 80.58
CASTROLIND, EQ, 07-Jul-2025,220.86,220.53,224.2,219.93,222.0,222.28,222.5,1618976,3602.3,22225, 697652, 43.09
CCCL, EQ, 07-Jul-2025,18.92,18.75,19.08,18.14,18.16,18.19,18.48,204116,37.72,860, 135898, 66.58
CCHHL, EQ, 07-Jul-2025,16.84,16.84,17.05,16.76,16.97,16.8,16.89,12532,2.12,219, 8952, 71.43
CCL, EQ, 07-Jul-2025,884.4,885.5,899.0,874.1,887.0,891.6,890.67,141707,1262.15,15012, 54800, 38.67
CDSL, EQ, 07-Jul-2025,1762.5,1761.8,1790.0,1743.4,1778.9,1778.5,1775.84,2706713,48066.9,84880, 717000, 26.49
CEATLTD, EQ, 07-Jul-2025,3609.8,3609.8,3695.0,3596.3,3655.0,3655.5,3631.08,95883,3481.59,12933, 54316, 56.65
CEIGALL, EQ, 07-Jul-2025,269.7,270.0,281.8,268.8,272.0,272.5,274.56,663436,1821.56,12003, 237534, 35.80
CELEBRITY, EQ, 07-Jul-2025,13.4,13.28,13.67,13.23,13.6,13.51,13.46,44577,6.0,360, 35162, 78.88
CELLO, EQ, 07-Jul-2025,641.4,641.4,650.7,628.9,647.9,647.95,643.66,238003,1531.92,15751, 113937, 47.87
CENTENKA, EQ, 07-Jul-2025,517.55,520.9,525.0,508.5,515.0,511.45,513.5,21345,109.61,1469, 7559, 35.41
CENTEXT, EQ, 07-Jul-2025,22.99,22.99,23.16,22.01,22.32,22.22,22.48,214045,48.11,1720, 128579, 60.07
CENTRALBK, EQ, 07-Jul-2025,39.48,39.42,39.72,39.26,39.34,39.37,39.45,3897861,1537.73,10724, 1526650, 39.17
CENTUM, EQ, 07-Jul-2025,2360.7,2399.0,2410.8,2325.0,2328.6,2344.2,2348.83,9991,234.67,2016, 5190, 51.95
CENTURYPLY, EQ, 07-Jul-2025,734.6,734.6,740.5,729.8,735.0,736.55,734.41,36709,269.59,3252, 18651, 50.81
CERA, EQ, 07-Jul-2025,6750.0,6745.0,6774.5,6655.5,6676.0,6738.0,6704.49,16158,1083.31,6219, 9195, 56.91
CESC, EQ, 07-Jul-2025,178.6,178.45,181.89,177.26,180.25,180.53,180.63,4109906,7423.82,44890, 1674713, 40.75
CEWATER, EQ, 07-Jul-2025,568.1,565.0,571.95,562.65,563.5,565.4,566.48,18626,105.51,1364, 9984, 53.60
CGCL, EQ, 07-Jul-2025,166.05,166.9,168.04,165.0,165.2,165.27,166.01,1513396,2512.36,13680, 774061, 51.15
CGPOWER, EQ, 07-Jul-2025,676.6,676.6,682.0,668.0,680.0,680.45,678.26,1795469,12177.92,48755, 834432, 46.47
CHALET, EQ, 07-Jul-2025,887.35,889.0,898.85,870.1,874.0,872.95,880.21,111397,980.53,12979, 55334, 49.67
CHAMBLFERT, EQ, 07-Jul-2025,563.3,563.3,564.0,554.05,557.5,557.7,557.64,626085,3491.27,19940, 293683, 46.91
CHEMCON, EQ, 07-Jul-2025,198.85,198.85,201.48,198.05,198.05,199.17,199.4,20149,40.18,943, 10595, 52.58
CHEMFAB, EQ, 07-Jul-2025,808.3,812.25,812.75,788.35,795.75,798.45,795.16,3007,23.91,444, 1972, 65.58
CHEMPLASTS, EQ, 07-Jul-2025,429.25,429.25,432.45,421.0,421.25,423.05,424.81,28252,120.02,1988, 16106, 57.01
CHENNPETRO, EQ, 07-Jul-2025,771.15,767.0,782.0,736.55,739.45,738.2,750.65,3796230,28496.5,74146, 1242112, 32.72
CHEVIOT, EQ, 07-Jul-2025,1176.6,1180.0,1183.5,1165.4,1165.4,1166.6,1170.71,1700,19.9,386, 989, 58.18
CHOICEIN, EQ, 07-Jul-2025,734.4,734.9,740.0,705.0,709.0,709.35,717.4,714957,5129.12,22307, 283112, 39.60
CHOLAFIN, EQ, 07-Jul-2025,1526.7,1526.7,1535.2,1508.1,1517.0,1514.3,1516.36,2553187,38715.48,69618, 1984047, 77.71
CHOLAHLDNG, EQ, 07-Jul-2025,2099.2,2094.3,2095.7,2044.1,2076.0,2072.4,2057.53,155444,3198.3,13488, 102244, 65.78
CIEINDIA, EQ, 07-Jul-2025,452.8,450.0,455.1,443.5,453.0,451.9,448.52,227933,1022.32,10492, 138875, 60.93
CIFL, EQ, 07-Jul-2025,40.92,41.35,42.0,40.0,40.25,40.52,41.07,776280,318.81,5849, 282396, 36.38
CIGNITITEC, EQ, 07-Jul-2025,1822.6,1835.0,1837.0,1807.8,1813.0,1817.5,1825.78,49393,901.81,3872, 20538, 41.58
CINELINE, EQ, 07-Jul-2025,93.03,91.17,94.46,90.91,93.0,93.54,92.87,11461,10.64,430, 7356, 64.18
CIPLA, EQ, 07-Jul-2025,1513.3,1516.0,1519.2,1506.5,1509.0,1510.5,1511.05,1061434,16038.82,46736, 663536, 62.51
CLEAN, EQ, 07-Jul-2025,1483.1,1486.7,1490.0,1459.5,1463.0,1466.7,1472.13,46425,683.44,6065, 23657, 50.96
CLEDUCATE, EQ, 07-Jul-2025,92.75,93.99,94.89,91.82,93.5,93.53,92.95,18996,17.66,672, 9682, 50.97
CLSEL, EQ, 07-Jul-2025,357.9,358.0,362.5,344.3,346.3,346.4,348.96,180013,628.17,8222, 97416, 54.12
CMSINFO, EQ, 07-Jul-2025,514.5,515.0,525.0,512.75,519.0,520.15,520.24,438316,2280.3,17673, 251950, 57.48
COALINDIA, EQ, 07-Jul-2025,386.1,386.5,386.5,384.0,384.35,384.25,384.79,2810768,10815.53,71031, 1600818, 56.95
COASTCORP, EQ, 07-Jul-2025,38.57,38.8,38.8,37.7,38.0,38.0,38.09,35752,13.62,426, 24617, 68.85
COCHINSHIP, EQ, 07-Jul-2025,2057.3,2065.0,2074.0,2030.0,2054.2,2051.7,2053.36,1408214,28915.75,63907, 317204, 22.53
COFFEEDAY, EQ, 07-Jul-2025,35.14,34.96,34.99,33.81,34.03,34.08,34.4,525619,180.81,2736, 318756, 60.64
COFORGE, EQ, 07-Jul-2025,1950.6,1950.6,1967.2,1936.7,1943.0,1941.7,1951.33,932234,18190.99,62608, 503083, 53.97
COHANCE, EQ, 07-Jul-2025,1036.5,1033.15,1034.2,1004.8,1016.7,1019.45,1017.28,184710,1879.01,22508, 102578, 55.53
COLPAL, EQ, 07-Jul-2025,2446.7,2446.0,2491.9,2441.1,2468.0,2465.4,2475.34,379303,9389.03,32558, 142535, 37.58
COMMOIETF, EQ, 07-Jul-2025,90.9,90.79,91.35,90.53,90.7,90.81,90.82,34114,30.98,574, 18602, 54.53
COMPUSOFT, EQ, 07-Jul-2025,21.99,22.58,22.58,21.72,21.85,21.91,22.06,45273,9.99,630, 19282, 42.59
COMSYN, EQ, 07-Jul-2025,125.87,125.98,129.7,125.98,128.5,128.15,128.21,75293,96.53,1115, 17501, 23.24
CONCOR, EQ, 07-Jul-2025,599.65,602.0,602.45,590.05,596.95,597.15,593.73,1577967,9368.84,36742, 874152, 55.40
CONCORDBIO, EQ, 07-Jul-2025,1737.7,1750.4,1818.0,1750.0,1759.0,1760.8,1782.82,284360,5069.62,35518, 109393, 38.47
CONFIPET, EQ, 07-Jul-2025,55.94,56.59,58.43,55.51,56.53,56.19,56.7,2152122,1220.34,11355, 834647, 38.78
CONS, EQ, 07-Jul-2025,120.59,120.59,120.95,120.01,120.45,120.89,120.87,4842,5.85,71, 4554, 94.05
CONSOFINVT, EQ, 07-Jul-2025,208.42,206.1,212.15,206.1,210.99,209.28,209.11,7696,16.09,276, 4043, 52.53
CONSUMBEES, EQ, 07-Jul-2025,130.73,132.04,132.09,130.43,131.39,131.26,131.03,96261,126.13,1433, 62953, 65.40
CONSUMER, EQ, 07-Jul-2025,11.74,12.03,12.25,11.68,11.72,11.72,11.72,301429,35.32,322, 267263, 88.67
CONSUMIETF, EQ, 07-Jul-2025,121.12,124.75,124.75,121.1,121.98,121.91,121.67,16365,19.91,592, 9879, 60.37
CONTROLPR, EQ, 07-Jul-2025,828.45,808.45,830.75,805.0,830.0,826.1,825.26,25474,210.23,2514, 13267, 52.08
CORALFINAC, EQ, 07-Jul-2025,45.53,47.36,47.36,44.25,44.25,45.07,45.16,18359,8.29,727, 10248, 55.82
CORDSCABLE, EQ, 07-Jul-2025,198.84,199.98,199.98,195.0,195.7,196.17,196.68,22122,43.51,643, 15074, 68.14
COROMANDEL, EQ, 07-Jul-2025,2233.7,2237.0,2272.0,2215.3,2258.6,2267.5,2248.4,273770,6155.44,36210, 122317, 44.68
COSMOFIRST, EQ, 07-Jul-2025,1138.2,1145.0,1155.1,1124.9,1150.0,1150.6,1141.8,42304,483.03,2487, 20119, 47.56
CPCAP, EQ, 07-Jul-2025,163.52,163.6,164.85,161.1,161.1,162.09,163.0,4455,7.26,283, 2784, 62.49
CPSEETF, EQ, 07-Jul-2025,93.91,93.1,95.8,93.1,93.4,93.28,93.36,2029197,1894.52,12372, 1580720, 77.90
CRAFTSMAN, EQ, 07-Jul-2025,5903.0,5906.5,5928.0,5855.5,5883.0,5876.0,5875.14,42576,2501.4,6063, 28287, 66.44
CREATIVE, EQ, 07-Jul-2025,645.7,645.7,655.0,638.0,655.0,648.25,644.33,8655,55.77,839, 5887, 68.02
CREDITACC, EQ, 07-Jul-2025,1290.5,1281.0,1294.0,1256.0,1278.5,1285.1,1274.48,494450,6301.67,35523, 117080, 23.68
CREST, EQ, 07-Jul-2025,381.5,381.45,385.8,380.55,381.0,381.1,382.36,2952,11.29,365, 1436, 48.64
CRISIL, EQ, 07-Jul-2025,5852.5,5852.5,5861.5,5737.0,5767.5,5775.5,5797.39,33759,1957.14,10661, 14274, 42.28
CROMPTON, EQ, 07-Jul-2025,355.05,355.05,358.0,349.15,351.0,351.55,353.13,1110333,3920.86,23293, 549261, 49.47
CROWN, EQ, 07-Jul-2025,179.88,185.0,185.0,178.0,178.99,178.72,179.86,7985,14.36,332, 5293, 66.29
CSBBANK, EQ, 07-Jul-2025,412.5,415.3,426.0,406.4,413.5,412.15,414.98,1002765,4161.23,33377, 515708, 51.43
CSLFINANCE, EQ, 07-Jul-2025,336.05,338.0,340.5,333.5,338.45,336.5,337.57,5583,18.85,476, 2875, 51.50
CUB, EQ, 07-Jul-2025,217.27,216.35,220.0,213.65,218.4,218.86,217.92,1635466,3563.98,36928, 898250, 54.92
CUBEXTUB, EQ, 07-Jul-2025,101.13,103.65,103.65,99.01,100.0,100.8,101.12,21482,21.72,1298, 11940, 55.58
CUMMINSIND, EQ, 07-Jul-2025,3342.0,3350.4,3442.5,3330.3,3442.5,3436.1,3405.17,626858,21345.59,36767, 379578, 60.55
CUPID, EQ, 07-Jul-2025,108.82,109.0,109.77,107.75,108.35,108.12,108.42,668793,725.1,4599, 365248, 54.61
CYBERMEDIA, EQ, 07-Jul-2025,17.74,17.75,18.55,17.17,17.2,17.43,17.97,13518,2.43,193, 9120, 67.47
CYIENT, EQ, 07-Jul-2025,1294.4,1293.5,1299.0,1280.1,1298.3,1296.5,1291.2,207422,2678.24,15671, 102764, 49.54
CYIENTDLM, EQ, 07-Jul-2025,484.7,482.25,494.1,480.6,490.8,491.9,490.03,307070,1504.73,10898, 159196, 51.84
DABUR, EQ, 07-Jul-2025,495.1,501.9,517.7,496.05,512.5,512.75,512.26,10017201,51314.53,120184, 2194631, 21.91
DALBHARAT, EQ, 07-Jul-2025,2179.3,2179.3,2198.0,2148.8,2155.7,2154.4,2164.01,112253,2429.16,11737, 63588, 56.65
DALMIASUG, EQ, 07-Jul-2025,390.95,392.8,402.8,389.55,391.1,392.2,395.42,139984,553.52,7276, 60092, 42.93
DAMCAPITAL, EQ, 07-Jul-2025,259.9,259.9,260.0,252.0,252.95,253.6,255.3,326721,834.11,7850, 151522, 46.38
DAMODARIND, EQ, 07-Jul-2025,38.11,38.07,38.1,37.2,37.3,37.4,37.44,4221,1.58,207, 2453, 58.11
DANGEE, EQ, 07-Jul-2025,5.48,5.48,5.62,5.17,5.2,5.2,5.32,349850,18.61,811, 189539, 54.18
DATAMATICS, EQ, 07-Jul-2025,647.2,657.0,667.0,642.85,658.25,661.4,657.2,378721,2488.95,24234, 122091, 32.24
DATAPATTNS, EQ, 07-Jul-2025,2981.5,2972.0,2980.0,2916.5,2956.0,2962.9,2951.32,177750,5245.97,17435, 56242, 31.64
DAVANGERE, EQ, 07-Jul-2025,3.54,3.53,3.59,3.49,3.54,3.54,3.55,2172226,77.17,4018, 1333263, 61.38
DBCORP, EQ, 07-Jul-2025,276.9,277.0,286.5,273.75,280.5,281.55,281.75,144499,407.13,6543, 72671, 50.29
DBEIL, EQ, 07-Jul-2025,139.69,139.05,140.81,139.05,139.98,139.77,139.99,41327,57.85,1071, 21385, 51.75
DBL, EQ, 07-Jul-2025,502.35,499.4,510.0,499.0,505.0,503.6,503.84,76233,384.09,4300, 27345, 35.87
DBREALTY, EQ, 07-Jul-2025,230.54,230.54,240.9,230.1,236.0,235.38,236.71,6554869,15516.07,43343, 3012105, 45.95
DBSTOCKBRO, EQ, 07-Jul-2025,32.14,32.14,32.85,31.67,31.67,31.85,32.3,13214,4.27,508, 2991, 22.64
DCBBANK, EQ, 07-Jul-2025,143.0,143.0,144.18,141.36,143.0,142.21,142.06,1543658,2192.97,12216, 1214986, 78.71
DCI, EQ, 07-Jul-2025,275.35,271.55,279.1,271.55,276.75,272.9,274.44,7276,19.97,502, 4920, 67.62
DCM, EQ, 07-Jul-2025,104.81,104.05,108.36,104.05,107.91,107.41,106.37,23694,25.2,566, 14924, 62.99
DCMNVL, EQ, 07-Jul-2025,179.71,181.0,181.5,177.0,178.2,178.75,179.57,7193,12.92,400, 5345, 74.31
DCMSHRIRAM, EQ, 07-Jul-2025,1355.2,1355.2,1439.9,1333.0,1362.0,1396.1,1381.72,787722,10884.12,41046, 109826, 13.94
DCMSRIND, EQ, 07-Jul-2025,172.89,172.89,174.4,171.09,171.2,171.85,172.57,55584,95.92,1734, 24715, 44.46
DCW, EQ, 07-Jul-2025,81.68,82.0,82.42,80.25,80.55,80.78,81.11,632329,512.88,6119, 256355, 40.54
DCXINDIA, EQ, 07-Jul-2025,284.75,291.0,297.8,290.1,293.6,294.25,294.1,3108992,9143.45,43358, 935544, 30.09
DDEVPLSTIK, EQ, 07-Jul-2025,266.5,268.0,272.55,266.1,266.6,268.8,269.11,94002,252.97,3728, 52916, 56.29
DECCANCE, EQ, 07-Jul-2025,907.95,901.05,920.45,877.6,879.8,881.05,896.32,70213,629.33,2942, 42439, 60.44
DEEDEV, EQ, 07-Jul-2025,313.05,313.05,321.4,308.1,315.2,312.75,314.5,187304,589.06,6378, 96554, 51.55
DEEPAKFERT, EQ, 07-Jul-2025,1709.9,1717.4,1717.4,1607.0,1612.6,1612.0,1629.55,1098294,17897.28,64212, 389581, 35.47
DEEPAKNTR, EQ, 07-Jul-2025,1963.2,1968.9,1985.8,1946.0,1975.9,1980.0,1964.62,214403,4212.2,15420, 136308, 63.58
DEEPINDS, EQ, 07-Jul-2025,454.4,454.15,456.8,436.7,438.85,439.35,442.42,113326,501.38,7368, 61826, 54.56
DELHIVERY, EQ, 07-Jul-2025,390.1,389.7,397.6,388.6,395.9,396.1,393.96,1750206,6895.16,30479, 953406, 54.47
DELPHIFX, EQ, 07-Jul-2025,220.7,215.59,222.96,209.0,215.0,215.55,214.98,47170,101.4,1634, 20311, 43.06
DELTACORP, EQ, 07-Jul-2025,90.4,90.88,91.25,89.5,90.27,90.07,90.29,569988,514.61,5984, 266464, 46.75
DEN, EQ, 07-Jul-2025,37.79,37.73,40.0,37.45,39.32,39.34,39.28,3083662,1211.4,10830, 1260427, 40.87
DENORA, EQ, 07-Jul-2025,931.45,930.0,930.3,914.0,914.0,919.75,924.8,4537,41.96,728, 2491, 54.90
DENTA, EQ, 07-Jul-2025,287.2,285.0,290.6,285.0,287.0,287.15,287.11,70904,203.58,1659, 38705, 54.59
DEVIT, EQ, 07-Jul-2025,120.18,120.96,123.8,117.1,117.7,117.53,120.0,43009,51.61,1596, 25311, 58.85
DEVYANI, EQ, 07-Jul-2025,172.96,173.5,174.95,172.0,172.35,172.65,173.82,2999484,5213.75,19495, 2005083, 66.85
DGCONTENT, EQ, 07-Jul-2025,44.2,51.0,51.0,45.82,47.9,47.74,47.44,126668,60.09,1639, 82171, 64.87
DHAMPURSUG, EQ, 07-Jul-2025,152.63,152.61,159.5,151.95,156.64,156.82,157.72,702540,1108.01,10011, 260589, 37.09
DHANBANK, EQ, 07-Jul-2025,29.93,31.0,31.64,30.1,30.24,30.39,31.0,3442541,1067.26,13923, 875886, 25.44
DHANI, EQ, 07-Jul-2025,66.38,66.6,67.13,65.27,65.9,65.92,66.12,2006044,1326.3,14078, 745879, 37.18
DHANUKA, EQ, 07-Jul-2025,1731.9,1733.9,1755.3,1702.0,1716.0,1712.7,1729.25,39752,687.41,7097, 15640, 39.34
DHUNINV, EQ, 07-Jul-2025,1503.3,1512.7,1528.8,1502.1,1527.0,1517.1,1513.66,1034,15.65,164, 792, 76.60
DIACABS, EQ, 07-Jul-2025,139.48,140.4,146.45,139.91,144.99,145.25,145.06,9235991,13397.92,22612, 2239525, 24.25
DIAMINESQ, EQ, 07-Jul-2025,434.8,444.0,444.0,426.0,426.25,429.6,431.54,12969,55.97,912, 6388, 49.26
DIAMONDYD, EQ, 07-Jul-2025,1027.4,1033.6,1047.0,1018.0,1028.7,1026.8,1032.44,57792,596.67,6153, 32259, 55.82
DICIND, EQ, 07-Jul-2025,626.75,641.6,641.6,612.0,625.0,621.35,622.12,3029,18.84,363, 1663, 54.90
DIFFNKG, EQ, 07-Jul-2025,303.1,303.7,308.5,302.0,306.8,303.8,304.93,39889,121.63,1712, 21402, 53.65
DIGIDRIVE, EQ, 07-Jul-2025,31.43,31.43,32.9,31.19,31.4,31.44,32.03,38603,12.36,616, 27340, 70.82
DIGISPICE, EQ, 07-Jul-2025,23.05,23.05,23.5,22.25,23.05,23.11,22.93,200189,45.91,4146, 80195, 40.06
DIGITIDE, EQ, 07-Jul-2025,223.72,226.9,233.0,218.35,227.05,228.5,226.17,1239439,2803.2,26928, 446424, 36.02
DIVGIITTS, EQ, 07-Jul-2025,627.6,639.9,639.9,619.1,626.0,626.95,626.17,6674,41.79,889, 3616, 54.18
DIVISLAB, EQ, 07-Jul-2025,6906.5,6915.0,6931.0,6861.0,6868.5,6888.5,6890.76,85574,5896.7,13586, 39309, 45.94
DIVOPPBEES, EQ, 07-Jul-2025,79.63,80.51,80.51,79.3,79.8,79.66,79.67,69532,55.4,1698, 52837, 75.99
DIXON, EQ, 07-Jul-2025,15202.0,15240.0,15668.0,15118.0,15401.0,15433.0,15466.3,621604,96139.15,114393, 215479, 34.66
DJML, EQ, 07-Jul-2025,113.45,115.5,115.5,110.01,111.66,111.18,111.8,8969,10.03,776, 3263, 36.38
DLF, EQ, 07-Jul-2025,836.0,835.6,839.2,827.0,828.9,832.5,834.15,989754,8256.03,29515, 357199, 36.09
DLINKINDIA, EQ, 07-Jul-2025,569.95,570.0,587.5,569.55,575.5,575.7,577.66,424406,2451.63,17448, 150776, 35.53
DMART, EQ, 07-Jul-2025,4261.1,4279.0,4297.0,4230.1,4241.0,4236.3,4259.33,247672,10549.17,24529, 95339, 38.49
DMCC, EQ, 07-Jul-2025,259.45,261.9,261.9,255.6,256.1,256.55,257.38,17326,44.59,818, 9415, 54.34
DNAMEDIA, EQ, 07-Jul-2025,5.14,5.04,5.14,5.01,5.09,5.07,5.08,60323,3.07,334, 51382, 85.18
DODLA, EQ, 07-Jul-2025,1407.1,1407.1,1424.9,1392.6,1412.1,1413.4,1410.84,37975,535.77,6319, 13644, 35.93
DOLATALGO, EQ, 07-Jul-2025,97.76,97.79,100.9,97.24,97.7,97.66,98.36,301566,296.63,5668, 136376, 45.22
DOLLAR, EQ, 07-Jul-2025,379.0,379.5,385.4,375.3,381.5,379.55,380.0,60298,229.13,3676, 30143, 49.99
DOLPHIN, EQ, 07-Jul-2025,449.35,450.0,470.0,440.0,451.65,458.15,451.18,11124,50.19,819, 5198, 46.73
DOMS, EQ, 07-Jul-2025,2457.9,2441.0,2473.2,2432.0,2456.0,2453.6,2452.0,36273,889.42,7054, 22178, 61.14
DONEAR, EQ, 07-Jul-2025,108.09,108.09,109.6,107.0,107.2,107.24,107.76,37646,40.57,688, 20818, 55.30
DPABHUSHAN, EQ, 07-Jul-2025,1477.5,1492.2,1494.7,1470.0,1470.2,1473.0,1479.34,10222,151.22,948, 3368, 32.95
DPSCLTD, EQ, 07-Jul-2025,13.3,13.59,13.99,13.4,13.99,13.88,13.72,590820,81.07,2626, 320456, 54.24
DPWIRES, EQ, 07-Jul-2025,237.9,239.99,249.77,236.16,244.5,245.03,244.55,31455,76.92,1783, 11829, 37.61
DREAMFOLKS, EQ, 07-Jul-2025,190.98,188.99,189.0,178.01,179.3,179.23,181.57,3863773,7015.44,56666, 828327, 21.44
DREDGECORP, EQ, 07-Jul-2025,700.65,703.95,714.0,693.05,695.0,696.75,703.38,36298,255.31,3119, 9613, 26.48
DRREDDY, EQ, 07-Jul-2025,1307.4,1307.9,1313.4,1298.1,1309.0,1310.5,1307.2,569025,7438.3,32011, 298591, 52.47
DSSL, EQ, 07-Jul-2025,1056.2,1055.0,1064.8,1045.3,1047.0,1048.1,1053.32,16027,168.82,2304, 8206, 51.20
DTIL, EQ, 07-Jul-2025,199.62,201.7,201.7,196.01,197.0,196.92,198.35,1461,2.9,165, 980, 67.08
DUCON, EQ, 07-Jul-2025,6.36,6.45,6.53,6.23,6.23,6.31,6.35,399576,25.39,1286, 219199, 54.86
DVL, EQ, 07-Jul-2025,343.9,339.15,347.45,339.0,339.1,339.45,341.97,9840,33.65,666, 5204, 52.89
DWARKESH, EQ, 07-Jul-2025,49.29,49.48,50.99,49.01,49.47,49.29,49.85,1017773,507.34,5557, 403410, 39.64
DYCL, EQ, 07-Jul-2025,983.25,999.0,1016.2,965.0,999.0,998.3,991.29,208089,2062.76,13563, 89991, 43.25
DYNAMATECH, EQ, 07-Jul-2025,7261.0,7261.0,7299.5,7155.0,7155.0,7169.0,7221.04,5242,378.53,1451, 2764, 52.73
DYNPRO, EQ, 07-Jul-2025,306.9,304.2,306.85,292.0,295.0,295.8,297.8,51221,152.54,2003, 31820, 62.12
E2E, EQ, 07-Jul-2025,2509.4,2511.9,2550.0,2474.0,2475.0,2485.5,2498.67,30809,769.81,4928, 18969, 61.57
EASEMYTRIP, EQ, 07-Jul-2025,10.39,10.38,10.42,10.34,10.35,10.35,10.37,5668581,587.89,13276, 3457259, 60.99
EBANKNIFTY, EQ, 07-Jul-2025,57.41,57.41,57.41,56.96,57.31,57.13,57.15,1202,0.69,39, 806, 67.05
EBBETF0430, EQ, 07-Jul-2025,1526.54,1522.72,1534.17,1480.74,1526.74,1526.31,1526.61,8807,134.45,800, 7624, 86.57
EBBETF0431, EQ, 07-Jul-2025,1366.96,1366.99,1367.89,1362.14,1367.43,1364.89,1367.03,12899,176.33,143, 11507, 89.21
EBBETF0433, EQ, 07-Jul-2025,1249.47,1248.0,1249.9,1244.5,1249.24,1249.17,1248.74,5596,69.88,80, 4700, 83.99
ECAPINSURE, EQ, 07-Jul-2025,23.57,24.15,24.15,23.5,23.72,23.68,23.77,29085,6.91,224, 24582, 84.52
ECLERX, EQ, 07-Jul-2025,3406.5,3390.0,3444.4,3352.0,3414.0,3413.7,3376.97,34496,1164.92,8084, 20682, 59.95
ECOSMOBLTY, EQ, 07-Jul-2025,301.2,301.0,306.55,296.0,298.8,298.0,300.7,70187,211.05,3794, 27689, 39.45
EDELWEISS, EQ, 07-Jul-2025,115.0,115.0,115.55,113.36,113.5,113.72,114.31,2371045,2710.37,15571, 953632, 40.22
EGOLD, EQ, 07-Jul-2025,97.9,98.35,98.35,97.15,97.75,97.65,97.65,303289,296.16,173, 302401, 99.71
EICHERMOT, EQ, 07-Jul-2025,5629.0,5630.0,5700.0,5625.0,5688.0,5682.5,5679.78,227078,12897.52,35672, 121909, 53.69
EIDPARRY, EQ, 07-Jul-2025,1095.6,1092.0,1101.9,1074.1,1089.9,1092.8,1089.31,183952,2003.8,16195, 86038, 46.77
EIEL, EQ, 07-Jul-2025,232.36,232.3,236.3,230.71,232.82,232.6,233.46,980990,2290.25,17429, 315547, 32.17
EIFFL, EQ, 07-Jul-2025,251.75,253.75,288.9,252.3,270.8,270.7,277.59,149602,415.28,5284, 48679, 32.54
EIHAHOTELS, EQ, 07-Jul-2025,379.1,383.0,389.9,376.3,382.85,382.95,384.2,57506,220.94,4480, 23992, 41.72
EIHOTEL, EQ, 07-Jul-2025,366.45,366.4,370.35,365.0,368.9,368.65,367.89,119980,441.4,12984, 65260, 54.39
EIMCOELECO, EQ, 07-Jul-2025,2941.1,2941.1,3019.9,2816.0,2835.0,2830.8,2875.29,40975,1178.15,7636, 15040, 36.71
EKC, EQ, 07-Jul-2025,136.79,136.1,142.88,134.11,141.1,141.45,139.1,861129,1197.84,11207, 376897, 43.77
ELDEHSG, EQ, 07-Jul-2025,790.25,799.95,799.95,776.0,776.0,778.2,780.91,1004,7.84,95, 469, 46.71
ELECON, EQ, 07-Jul-2025,646.1,648.2,656.5,638.85,644.0,646.6,646.57,280128,1811.24,14885, 100704, 35.95
ELECTCAST, EQ, 07-Jul-2025,125.87,125.87,126.98,123.05,123.7,123.59,124.69,1430827,1784.16,16473, 496453, 34.70
ELECTHERM, EQ, 07-Jul-2025,1075.2,1075.2,1099.0,1060.0,1085.0,1084.5,1078.09,7707,83.09,1217, 4689, 60.84
ELGIEQUIP, EQ, 07-Jul-2025,531.05,528.0,540.95,528.0,531.15,532.1,534.2,186638,997.03,10385, 74074, 39.69
ELLEN, EQ, 07-Jul-2025,562.3,556.3,588.0,539.1,570.1,566.85,561.59,2301711,12926.23,34424, 578744, 25.14
EMAMILTD, EQ, 07-Jul-2025,562.55,562.6,586.0,560.7,576.95,576.5,576.84,990934,5716.13,43560, 372897, 37.63
EMAMIPAP, EQ, 07-Jul-2025,108.78,109.75,113.0,107.2,108.25,110.16,110.27,273482,301.56,5260, 91609, 33.50
EMBDL, EQ, 07-Jul-2025,116.82,116.84,118.35,115.4,115.68,115.59,116.54,2009919,2342.33,12780, 735189, 36.58
EMCURE, EQ, 07-Jul-2025,1252.3,1249.9,1259.4,1228.9,1242.5,1243.1,1243.1,122203,1519.11,4697, 88495, 72.42
EMIL, EQ, 07-Jul-2025,144.01,143.11,148.22,142.01,147.3,147.4,145.42,1332638,1937.98,13755, 331695, 24.89
EMMBI, EQ, 07-Jul-2025,112.38,112.0,113.0,107.15,109.18,108.72,108.89,60395,65.77,1433, 28546, 47.27
EMSLIMITED, EQ, 07-Jul-2025,609.65,606.1,613.45,605.95,608.6,609.25,609.79,113574,692.56,5551, 51885, 45.68
EMUDHRA, EQ, 07-Jul-2025,757.45,753.4,776.0,746.4,768.15,772.25,763.7,132943,1015.28,10919, 61297, 46.11
EMULTIMQ, EQ, 07-Jul-2025,43.74,43.84,43.84,43.42,43.74,43.67,43.7,19383,8.47,269, 16041, 82.76
ENDURANCE, EQ, 07-Jul-2025,2796.6,2799.0,2803.7,2650.0,2657.0,2662.1,2682.73,199019,5339.14,22885, 68898, 34.62
ENGINERSIN, EQ, 07-Jul-2025,243.0,243.7,243.98,235.6,235.95,236.54,239.4,3979136,9526.08,37903, 1655302, 41.60
ENIL, EQ, 07-Jul-2025,154.84,153.0,154.57,148.0,149.0,148.63,150.89,49153,74.17,3636, 22226, 45.22
ENRIN, EQ, 07-Jul-2025,2894.0,2908.0,3068.7,2892.3,3001.1,3000.1,2991.26,1958335,58578.94,75001, 1170672, 59.78
ENTERO, EQ, 07-Jul-2025,1232.8,1238.9,1250.4,1191.8,1220.0,1203.9,1218.74,62410,760.62,10543, 31136, 49.89
EPACK, EQ, 07-Jul-2025,347.15,346.95,349.6,341.8,342.0,343.5,345.39,185800,641.73,4730, 100082, 53.87
EPIGRAL, EQ, 07-Jul-2025,1816.6,1812.1,1820.6,1777.2,1782.6,1785.0,1791.64,27149,486.41,4274, 17447, 64.26
EPL, EQ, 07-Jul-2025,236.78,236.78,236.79,230.0,230.5,230.53,231.29,618857,1431.34,15621, 361442, 58.40
EQUAL200, EQ, 07-Jul-2025,13.21,13.28,13.28,13.15,13.2,13.2,13.21,49006,6.47,68, 48983, 99.95
EQUAL50, EQ, 07-Jul-2025,319.33,319.33,320.41,319.1,319.51,319.51,319.84,1332,4.26,10, 1071, 80.41
EQUAL50ADD, EQ, 07-Jul-2025,330.35,330.35,330.7,328.55,330.45,330.38,330.24,2950,9.74,121, 1847, 62.61
EQUITASBNK, EQ, 07-Jul-2025,67.93,67.87,67.87,63.0,64.11,63.56,64.71,9924056,6422.26,41051, 6047338, 60.94
ERIS, EQ, 07-Jul-2025,1706.7,1706.7,1754.0,1700.2,1732.9,1734.0,1735.02,156510,2715.49,25617, 65203, 41.66
ESABINDIA, EQ, 07-Jul-2025,5296.0,5348.0,5380.0,5223.5,5271.5,5305.0,5297.58,5281,279.77,1351, 1669, 31.60
ESAFSFB, EQ, 07-Jul-2025,34.96,35.0,35.22,34.08,34.29,34.27,34.57,928596,320.99,4144, 298690, 32.17
ESCORTS, EQ, 07-Jul-2025,3327.6,3327.0,3355.2,3278.1,3343.6,3341.8,3314.98,131864,4371.27,29603, 65159, 49.41
ESG, EQ, 07-Jul-2025,43.41,43.65,44.0,43.29,43.42,43.36,43.36,167541,72.65,160, 166774, 99.54
ESILVER, EQ, 07-Jul-2025,108.49,109.03,109.03,107.9,108.55,108.54,108.55,222422,241.43,78, 221360, 99.52
ESSENTIA, EQ, 07-Jul-2025,2.2,2.22,2.23,2.18,2.19,2.18,2.2,2084302,45.84,2213, 1072277, 51.45
ESTER, EQ, 07-Jul-2025,125.24,126.48,132.6,126.48,130.14,130.44,130.2,707385,921.04,7579, 200533, 28.35
ETERNAL, EQ, 07-Jul-2025,261.4,261.4,261.55,256.2,259.2,258.55,257.95,25446186,65638.99,148010, 13736397, 53.98
ETHOSLTD, EQ, 07-Jul-2025,2700.4,2700.4,2719.4,2663.2,2702.3,2698.6,2702.34,14723,397.86,4025, 8607, 58.46
EUREKAFORB, EQ, 07-Jul-2025,588.3,591.95,617.5,577.65,602.5,604.55,600.09,297618,1785.98,21202, 95108, 31.96
EUROTEXIND, EQ, 07-Jul-2025,14.35,14.35,14.68,13.91,13.94,13.95,14.11,1372,0.19,39, 1080, 78.72
EVEREADY, EQ, 07-Jul-2025,324.15,325.55,325.55,317.0,318.0,318.35,320.19,43727,140.01,3034, 20995, 48.01
EVIETF, EQ, 07-Jul-2025,29.51,29.51,29.71,23.56,29.12,29.49,29.53,88502,26.13,402, 74877, 84.60
EVINDIA, EQ, 07-Jul-2025,29.53,28.79,29.8,28.79,29.54,29.51,29.51,202465,59.74,2286, 120144, 59.34
EXCEL, EQ, 07-Jul-2025,0.9,0.9,0.91,0.89,0.91,0.9,0.9,7306104,66.01,2466, 3678074, 50.34
EXCELINDUS, EQ, 07-Jul-2025,1315.3,1324.0,1332.9,1301.3,1313.0,1317.8,1315.04,19223,252.79,2725, 10915, 56.78
EXICOM, EQ, 07-Jul-2025,200.83,192.5,192.5,185.59,187.49,187.51,187.95,805635,1514.17,17089, 318206, 39.50
EXIDEIND, EQ, 07-Jul-2025,383.45,382.55,386.7,381.2,386.15,386.15,384.92,1259353,4847.52,21127, 713217, 56.63
EXPLEOSOL, EQ, 07-Jul-2025,1308.4,1315.2,1333.8,1301.4,1301.4,1312.2,1316.84,14686,193.39,2315, 5392, 36.72
FACT, EQ, 07-Jul-2025,940.55,938.0,943.6,926.95,928.0,929.15,933.24,110154,1028.0,7053, 40706, 36.95
FAIRCHEMOR, EQ, 07-Jul-2025,987.7,993.9,996.1,972.6,972.6,978.4,983.52,6354,62.49,1431, 3148, 49.54
FAZE3Q, EQ, 07-Jul-2025,598.45,589.45,595.9,582.3,582.3,584.95,587.39,28852,169.47,2491, 13114, 45.45
FCL, EQ, 07-Jul-2025,274.6,274.6,275.85,270.0,270.9,271.45,272.57,171903,468.56,5505, 70350, 40.92
FCSSOFT, EQ, 07-Jul-2025,2.88,2.88,2.91,2.83,2.85,2.84,2.86,2757925,78.79,3057, 1563400, 56.69
FDC, EQ, 07-Jul-2025,489.4,496.75,514.75,496.75,508.0,509.7,509.14,838501,4269.11,31420, 188305, 22.46
FEDERALBNK, EQ, 07-Jul-2025,215.32,215.51,217.2,214.78,214.84,215.05,215.65,4643396,10013.49,81943, 2564244, 55.22
FEDFINA, EQ, 07-Jul-2025,117.46,117.71,118.99,115.04,115.49,115.9,116.59,353295,411.92,7908, 218481, 61.84
FIBERWEB, EQ, 07-Jul-2025,49.64,50.99,50.99,48.85,48.85,49.17,49.36,31726,15.66,537, 19539, 61.59
FIEMIND, EQ, 07-Jul-2025,1969.5,1969.6,1999.0,1946.0,1975.0,1975.2,1973.89,39968,788.92,8197, 19896, 49.78
FILATEX, EQ, 07-Jul-2025,58.66,58.76,63.1,58.19,60.25,59.75,61.29,6202258,3801.44,37889, 1729980, 27.89
FILATFASH, EQ, 07-Jul-2025,0.64,0.63,0.65,0.6,0.62,0.61,0.61,39895326,245.17,6258, 19860081, 49.78
FINCABLES, EQ, 07-Jul-2025,978.95,980.0,980.0,963.0,965.0,967.4,967.4,137072,1326.04,9875, 75296, 54.93
FINEORG, EQ, 07-Jul-2025,5269.3,5268.1,5350.0,5179.7,5200.0,5220.6,5242.13,20722,1086.27,6635, 10163, 49.04
FINIETF, EQ, 07-Jul-2025,30.73,31.07,31.07,30.48,30.76,30.72,30.7,347810,106.77,1476, 190065, 54.65
FINOPB, EQ, 07-Jul-2025,280.3,280.4,283.95,277.05,277.05,278.45,280.35,120601,338.11,3922, 37365, 30.98
FINPIPE, EQ, 07-Jul-2025,211.12,210.89,212.68,204.0,204.71,204.97,207.03,916850,1898.16,22473, 458330, 49.99
FIRSTCRY, EQ, 07-Jul-2025,364.3,366.65,375.95,362.6,371.8,371.75,369.22,3927345,14500.52,63874, 999894, 25.46
FIVESTAR, EQ, 07-Jul-2025,771.45,765.1,785.25,762.5,774.0,776.15,770.86,859106,6622.46,16825, 703337, 81.87
FLAIR, EQ, 07-Jul-2025,270.0,271.8,290.9,269.0,290.35,287.25,280.56,488017,1369.19,11426, 220119, 45.10
FLUOROCHEM, EQ, 07-Jul-2025,3521.7,3521.7,3539.9,3483.3,3503.0,3512.1,3503.72,186522,6535.2,9868, 154409, 82.78
FMCGIETF, EQ, 07-Jul-2025,58.41,58.17,59.33,56.94,59.28,59.22,59.02,2129228,1256.59,6435, 1377945, 64.72
FMGOETZE, EQ, 07-Jul-2025,567.35,566.05,569.75,555.0,555.3,558.55,560.62,83680,469.13,5600, 43953, 52.53
FORCEMOT, EQ, 07-Jul-2025,14342.0,14341.0,14959.0,14177.0,14801.0,14840.0,14659.79,137377,20139.18,31664, 39282, 28.59
FORTIS, EQ, 07-Jul-2025,807.05,807.0,813.0,797.05,806.9,806.0,806.04,970189,7820.11,32175, 503113, 51.86
FOSECOIND, EQ, 07-Jul-2025,5005.2,5005.2,5129.9,4980.0,5032.0,5033.2,5054.7,2877,145.42,1214, 1265, 43.97
FSL, EQ, 07-Jul-2025,371.75,371.75,372.75,367.2,369.8,370.05,370.0,469546,1737.33,17804, 160592, 34.20
FUSION, EQ, 07-Jul-2025,194.68,195.65,196.0,188.0,189.06,189.2,190.66,524850,1000.68,7395, 233588, 44.51
GABRIEL, EQ, 07-Jul-2025,951.65,946.95,952.1,903.5,918.9,921.4,923.32,454896,4200.16,21717, 161810, 35.57
GAEL, EQ, 07-Jul-2025,111.45,111.9,112.44,110.15,111.1,111.32,111.25,395264,439.74,5773, 207073, 52.39
GAIL, EQ, 07-Jul-2025,193.41,193.5,195.3,192.72,193.1,193.15,193.81,10135456,19643.35,71548, 6048649, 59.68
GALAPREC, EQ, 07-Jul-2025,850.8,858.3,868.0,844.0,855.0,854.35,856.88,17902,153.4,2185, 6722, 37.55
GALAXYSURF, EQ, 07-Jul-2025,2588.8,2588.1,2623.9,2578.2,2599.5,2598.7,2598.21,13129,341.12,5516, 7434, 56.62
GALLANTT, EQ, 07-Jul-2025,547.65,552.0,562.0,537.0,540.0,543.55,551.05,241517,1330.89,8949, 118372, 49.01
GANDHAR, EQ, 07-Jul-2025,174.63,177.0,177.0,171.05,171.06,171.57,172.51,97956,168.99,2232, 60035, 61.29
GANDHITUBE, EQ, 07-Jul-2025,733.0,741.95,742.7,719.3,727.0,725.3,727.09,2551,18.55,409, 1438, 56.37
GANECOS, EQ, 07-Jul-2025,1537.8,1550.0,1567.5,1500.0,1502.1,1505.9,1532.25,34866,534.24,5778, 18035, 51.73
GANESHBE, EQ, 07-Jul-2025,98.34,98.59,99.42,97.11,97.12,97.35,97.86,126124,123.42,1526, 74643, 59.18
GANESHHOUC, EQ, 07-Jul-2025,976.1,981.0,1039.8,981.0,1033.85,1031.55,1021.91,494846,5056.87,30927, 195203, 39.45
GANGAFORGE, EQ, 07-Jul-2025,3.77,3.86,3.86,3.75,3.81,3.79,3.79,300461,11.39,420, 260498, 86.70
GANGESSECU, EQ, 07-Jul-2025,167.41,168.0,170.15,167.64,169.7,169.43,169.1,1639,2.77,142, 1190, 72.61
GARFIBRES, EQ, 07-Jul-2025,906.5,906.6,921.2,902.0,907.0,906.15,909.49,21821,198.46,2608, 9101, 41.71
GARUDA, EQ, 07-Jul-2025,121.51,121.98,123.35,120.88,121.4,122.14,122.08,286029,349.18,3682, 110829, 38.75
GATECHDVR, EQ, 07-Jul-2025,0.6,0.58,0.62,0.57,0.57,0.57,0.57,16809066,96.57,1907, 7154441, 42.56
GATEWAY, EQ, 07-Jul-2025,66.17,66.17,66.85,65.25,65.4,65.63,65.92,658175,433.87,7269, 316042, 48.02
GEECEE, EQ, 07-Jul-2025,384.85,388.0,388.0,373.0,375.25,374.2,376.03,13408,50.42,502, 11228, 83.74
GEEKAYWIRE, EQ, 07-Jul-2025,69.94,70.8,71.2,69.0,69.35,69.26,70.07,101079,70.82,1242, 68774, 68.04
GENESYS, EQ, 07-Jul-2025,638.25,636.0,649.95,633.95,635.7,636.55,640.05,118294,757.14,6860, 52677, 44.53
GENUSPAPER, EQ, 07-Jul-2025,20.16,20.29,20.97,20.02,20.16,20.21,20.51,1065053,218.43,2626, 503661, 47.29
GENUSPOWER, EQ, 07-Jul-2025,360.9,360.0,364.65,357.5,357.8,358.6,360.49,432793,1560.17,11042, 244156, 56.41
GEOJITFSL, EQ, 07-Jul-2025,85.95,85.9,87.2,84.97,85.25,85.33,85.98,477689,410.71,6082, 197984, 41.45
GEPIL, EQ, 07-Jul-2025,314.35,315.95,326.0,311.3,317.0,316.6,318.87,433106,1381.04,13953, 151470, 34.97
GESHIP, EQ, 07-Jul-2025,1033.0,1039.0,1044.6,1020.0,1025.5,1023.5,1026.84,739643,7594.95,22809, 357436, 48.33
GFLLIMITED, EQ, 07-Jul-2025,64.84,63.11,64.84,63.11,64.45,64.04,64.12,21541,13.81,515, 12040, 55.89
GHCL, EQ, 07-Jul-2025,617.7,620.8,622.35,610.3,615.0,617.0,616.21,68746,423.62,4888, 38461, 55.95
GHCLTEXTIL, EQ, 07-Jul-2025,93.4,94.35,94.99,91.72,92.1,92.67,93.18,65724,61.24,1244, 33516, 51.00
GICHSGFIN, EQ, 07-Jul-2025,197.1,196.2,198.2,195.94,196.3,196.66,196.88,58817,115.8,1916, 32563, 55.36
GICRE, EQ, 07-Jul-2025,379.95,380.4,380.75,376.35,378.0,378.4,378.47,495890,1876.79,14232, 281126, 56.69
GILLANDERS, EQ, 07-Jul-2025,136.64,135.3,136.98,132.0,133.25,132.81,133.74,34596,46.27,1026, 20430, 59.05
GILLETTE, EQ, 07-Jul-2025,10689.0,10700.0,10879.0,10647.0,10680.0,10773.0,10788.16,22005,2373.93,9071, 8729, 39.67
GILT5YBEES, EQ, 07-Jul-2025,62.77,64.65,64.65,62.61,62.64,62.65,62.7,1035325,649.2,1710, 915510, 88.43
GIPCL, EQ, 07-Jul-2025,214.68,215.45,220.99,213.15,215.5,214.16,216.74,437468,948.17,9843, 173230, 39.60
GKWLIMITED, EQ, 07-Jul-2025,1803.5,1787.2,1820.0,1761.0,1774.0,1776.1,1778.9,1133,20.15,162, 913, 80.58
GLAND, EQ, 07-Jul-2025,1872.7,1872.0,1890.9,1853.0,1874.5,1874.8,1868.54,141908,2651.61,21561, 90833, 64.01
GLAXO, EQ, 07-Jul-2025,3283.7,3287.5,3358.9,3274.0,3274.3,3285.0,3315.81,73720,2444.41,14213, 34116, 46.28
GLENMARK, EQ, 07-Jul-2025,1830.4,1836.1,1879.4,1826.1,1859.0,1860.1,1852.75,1098035,20343.79,44956, 408711, 37.22
GLOBALVECT, EQ, 07-Jul-2025,270.0,270.0,270.0,256.92,260.5,260.65,263.66,15037,39.65,1127, 9261, 61.59
GLOBE, EQ, 07-Jul-2025,2.55,2.46,2.53,2.46,2.48,2.46,2.49,1751054,43.64,541, 1401920, 80.06
GLOBUSSPR, EQ, 07-Jul-2025,953.5,957.9,969.0,951.75,960.0,961.5,958.7,63072,604.67,4985, 29696, 47.08
GLOSTERLTD, EQ, 07-Jul-2025,785.9,781.85,781.95,720.0,721.8,726.3,742.45,15279,113.44,1540, 8401, 54.98
GMBREW, EQ, 07-Jul-2025,756.1,757.0,767.95,754.8,761.2,760.75,762.57,33886,258.4,2643, 15349, 45.30
GMDCLTD, EQ, 07-Jul-2025,407.2,406.95,407.25,395.6,396.0,396.9,400.21,766783,3068.72,16901, 318117, 41.49
GMMPFAUDLR, EQ, 07-Jul-2025,1271.8,1271.4,1283.7,1251.0,1280.0,1278.8,1269.33,57545,730.44,7693, 32365, 56.24
GMRAIRPORT, EQ, 07-Jul-2025,89.91,90.0,90.6,89.34,90.08,90.07,90.14,8695402,7837.63,28821, 4837412, 55.63
GMRP&UI, EQ, 07-Jul-2025,118.65,119.9,121.5,117.62,118.5,119.05,119.43,2260860,2700.16,14951, 877018, 38.79
GNA, EQ, 07-Jul-2025,324.45,326.1,326.1,318.1,320.0,320.65,322.17,19637,63.26,1194, 10689, 54.43
GNFC, EQ, 07-Jul-2025,558.35,560.9,561.85,551.0,551.15,552.15,554.41,258090,1430.88,10094, 137842, 53.41
GOACARBON, EQ, 07-Jul-2025,486.7,486.8,488.6,479.0,482.0,482.6,483.09,5990,28.94,561, 2485, 41.49
GOCLCORP, EQ, 07-Jul-2025,372.4,374.0,385.0,361.2,364.25,364.45,368.06,60971,224.41,4129, 31654, 51.92
GOCOLORS, EQ, 07-Jul-2025,903.4,908.2,910.65,889.95,900.1,904.25,901.4,46131,415.83,6343, 31208, 67.65
GODFRYPHLP, EQ, 07-Jul-2025,8699.0,8740.0,8740.0,8468.5,8515.0,8527.5,8565.03,75068,6429.6,15650, 27985, 37.28
GODHA, EQ, 07-Jul-2025,0.65,0.67,0.68,0.66,0.68,0.68,0.68,22115053,149.92,1146, 7588863, 34.32
GODIGIT, EQ, 07-Jul-2025,337.4,337.95,338.45,330.7,333.15,335.9,335.03,380668,1275.34,7543, 239319, 62.87
GODREJAGRO, EQ, 07-Jul-2025,781.95,780.35,797.2,775.1,786.0,785.7,787.01,168479,1325.95,11992, 74996, 44.51
GODREJCP, EQ, 07-Jul-2025,1192.9,1225.2,1271.9,1225.2,1269.1,1268.4,1256.55,7790654,97893.18,191410, 1943937, 24.95
GODREJIND, EQ, 07-Jul-2025,1165.3,1169.0,1178.0,1145.0,1177.0,1168.7,1160.35,172559,2002.29,11641, 63404, 36.74
GODREJPROP, EQ, 07-Jul-2025,2304.0,2305.0,2319.5,2272.0,2276.7,2299.0,2305.6,572733,13204.96,30485, 315874, 55.15
GOKEX, EQ, 07-Jul-2025,931.1,925.05,929.55,896.0,901.0,900.35,908.68,143786,1306.56,11614, 77054, 53.59
GOKUL, EQ, 07-Jul-2025,44.95,44.95,45.59,44.02,44.02,44.16,44.48,27544,12.25,491, 12769, 46.36
GOKULAGRO, EQ, 07-Jul-2025,299.8,301.25,309.9,297.75,308.2,308.45,306.22,277174,848.76,10430, 100036, 36.09
GOLD1, EQ, 07-Jul-2025,81.46,81.46,81.49,80.81,81.13,81.13,81.14,346370,281.05,4390, 193834, 55.96
GOLD360, EQ, 07-Jul-2025,96.15,95.6,95.8,95.35,95.8,95.8,95.61,861,0.82,41, 854, 99.19
GOLDBEES, EQ, 07-Jul-2025,80.89,80.9,81.21,80.1,80.51,80.53,80.55,10209093,8223.09,73440, 5638225, 55.23
GOLDCASE, EQ, 07-Jul-2025,15.38,15.03,15.5,15.01,15.33,15.31,15.31,2392540,366.28,4876, 1910808, 79.87
GOLDETF, EQ, 07-Jul-2025,95.23,95.37,95.38,94.11,94.7,94.7,94.57,250103,236.52,2784, 178098, 71.21
GOLDETFADD, EQ, 07-Jul-2025,94.87,92.49,95.34,92.49,94.25,94.56,94.49,251705,237.83,288, 148312, 58.92
GOLDIAM, EQ, 07-Jul-2025,347.7,346.95,358.5,341.3,343.6,343.15,348.5,352973,1230.1,7566, 144093, 40.82
GOLDIETF, EQ, 07-Jul-2025,83.35,85.43,85.43,82.61,83.1,83.09,83.08,3460646,2875.07,24373, 2371735, 68.53
GOLDSHARE, EQ, 07-Jul-2025,81.9,83.9,83.9,81.1,81.7,81.65,81.54,261002,212.83,2264, 173885, 66.62
GOLDTECH, EQ, 07-Jul-2025,76.54,76.55,78.76,74.12,74.9,74.7,76.38,79466,60.7,1463, 50905, 64.06
GOODLUCK, EQ, 07-Jul-2025,1128.6,1128.0,1184.4,1113.1,1170.0,1169.9,1156.71,218308,2525.19,15247, 97325, 44.58
GOPAL, EQ, 07-Jul-2025,351.9,351.9,358.1,350.35,358.0,357.15,356.27,72235,257.35,3022, 35766, 49.51
GOYALALUM, EQ, 07-Jul-2025,8.16,8.16,8.39,8.07,8.13,8.1,8.15,113388,9.24,660, 71582, 63.13
GPIL, EQ, 07-Jul-2025,182.65,183.82,185.13,182.0,182.86,183.27,183.38,564213,1034.68,8595, 244808, 43.39
GPPL, EQ, 07-Jul-2025,157.07,156.6,158.25,156.13,157.2,157.36,157.1,684771,1075.78,13424, 341320, 49.84
GPTHEALTH, EQ, 07-Jul-2025,154.82,153.02,165.01,153.02,159.51,159.09,160.18,1025691,1643.0,16232, 400022, 39.00
GPTINFRA, EQ, 07-Jul-2025,129.32,130.4,130.4,126.5,127.0,127.13,128.24,130227,167.0,2923, 52313, 40.17
GRANULES, EQ, 07-Jul-2025,492.6,495.05,496.7,490.05,491.4,493.2,493.59,372161,1836.93,10966, 101261, 27.21
GRAPHITE, EQ, 07-Jul-2025,564.3,565.05,565.3,552.35,553.25,555.5,557.89,353718,1973.34,9158, 160555, 45.39
GRASIM, EQ, 07-Jul-2025,2805.9,2810.0,2819.9,2775.0,2780.0,2779.1,2788.5,278677,7770.9,23903, 183137, 65.72
GRAVITA, EQ, 07-Jul-2025,1855.0,1855.0,1864.4,1818.4,1825.1,1836.7,1837.65,131850,2422.94,12582, 51608, 39.14
GREAVESCOT, EQ, 07-Jul-2025,204.65,204.0,205.8,198.73,200.25,200.16,201.35,1368555,2755.62,16982, 562494, 41.10
GREENLAM, EQ, 07-Jul-2025,247.37,245.01,249.0,243.0,246.0,244.24,245.4,21520,52.81,1319, 8121, 37.74
GREENPANEL, EQ, 07-Jul-2025,290.55,297.8,297.8,282.35,288.05,289.95,288.35,203638,587.2,10741, 108488, 53.27
GREENPLY, EQ, 07-Jul-2025,315.05,318.1,318.1,309.0,309.4,309.6,311.13,77320,240.56,4600, 39439, 51.01
GREENPOWER, EQ, 07-Jul-2025,14.33,14.38,15.13,14.22,15.01,14.99,14.93,15730381,2348.16,22537, 4981434, 31.67
GRINDWELL, EQ, 07-Jul-2025,1744.0,1738.0,1754.5,1718.0,1729.9,1738.0,1739.42,13940,242.48,3109, 5310, 38.09
GRINFRA, EQ, 07-Jul-2025,1299.2,1295.0,1297.1,1285.0,1290.5,1287.2,1289.53,11227,144.78,1405, 4867, 43.35
GRMOVER, EQ, 07-Jul-2025,373.15,375.5,383.0,365.5,382.0,377.65,371.6,1604887,5963.79,21498, 475383, 29.62
GROWWDEFNC, EQ, 07-Jul-2025,89.46,90.35,91.69,88.17,88.81,88.66,88.68,495391,439.29,5973, 351497, 70.95
GROWWEV, EQ, 07-Jul-2025,29.39,28.65,29.98,24.0,29.41,29.55,29.46,538012,158.5,3097, 422246, 78.48
GROWWGOLD, EQ, 07-Jul-2025,95.62,95.2,95.97,94.92,95.52,95.69,95.58,234303,223.95,3997, 148272, 63.28
GROWWLIQID, EQ, 07-Jul-2025,104.74,104.76,104.76,104.75,104.75,104.75,104.75,114670,120.12,273, 97272, 84.83
GROWWLOVOL, EQ, 07-Jul-2025,10.2,10.2,10.35,10.15,10.17,10.2,10.2,56263,5.74,482, 42350, 75.27
GROWWMOM50, EQ, 07-Jul-2025,10.92,11.19,11.19,10.8,10.96,10.92,10.9,355504,38.76,1204, 201573, 56.70
GROWWN200, EQ, 07-Jul-2025,11.47,11.75,11.75,11.36,11.47,11.47,11.48,155980,17.9,960, 88762, 56.91
GROWWNET, EQ, 07-Jul-2025,9.96,10.2,10.2,9.8,9.91,9.91,9.89,661001,65.39,2389, 521141, 78.84
GROWWRAIL, EQ, 07-Jul-2025,38.52,38.89,38.99,38.18,38.5,38.47,38.49,187910,72.32,2865, 139974, 74.49
GROWWSLVR, EQ, 07-Jul-2025,107.03,107.03,108.0,106.0,107.25,107.17,107.17,135284,144.98,3932, 96702, 71.48
GRPLTD, EQ, 07-Jul-2025,2671.2,2671.1,2711.1,2647.3,2648.0,2662.2,2679.55,923,24.73,303, 553, 59.91
GRSE, EQ, 07-Jul-2025,2973.9,2969.1,2969.1,2881.0,2888.4,2891.9,2909.4,860265,25028.59,55654, 300685, 34.95
GRWRHITECH, EQ, 07-Jul-2025,4027.4,4022.9,4022.9,3826.1,3826.1,3826.1,3852.21,71884,2769.12,6190, 32585, 45.33
GSEC10IETF, EQ, 07-Jul-2025,258.65,259.08,259.08,256.5,257.88,257.96,257.5,7022,18.08,37, 4844, 68.98
GSEC10YEAR, EQ, 07-Jul-2025,29.33,29.36,29.37,29.27,29.35,29.35,29.33,2193,0.64,19, 1918, 87.46
GSEC5IETF, EQ, 07-Jul-2025,62.59,62.8,63.07,62.54,62.71,62.85,62.85,21390,13.44,38, 4328, 20.23
GSFC, EQ, 07-Jul-2025,208.39,207.5,208.22,204.73,207.35,206.98,206.46,773716,1597.43,11191, 386629, 49.97
GSLSU, EQ, 07-Jul-2025,114.3,114.87,115.89,112.82,115.0,115.22,114.59,66491,76.19,1707, 28881, 43.44
GSPL, EQ, 07-Jul-2025,335.0,336.5,337.35,329.15,331.4,334.15,333.96,188139,628.3,7121, 65398, 34.76
GSS, EQ, 07-Jul-2025,34.22,34.25,35.49,32.47,33.16,33.44,33.62,245433,82.53,2284, 109653, 44.68
GTL, EQ, 07-Jul-2025,10.37,10.5,10.58,10.37,10.41,10.43,10.46,295055,30.87,1029, 193198, 65.48
GTLINFRA, EQ, 07-Jul-2025,1.8,1.8,1.83,1.76,1.77,1.77,1.79,108659969,1947.15,24443, 44712076, 41.15
GTPL, EQ, 07-Jul-2025,118.29,118.8,120.83,118.06,118.99,118.54,119.54,50791,60.72,1215, 17314, 34.09
GUFICBIO, EQ, 07-Jul-2025,345.55,344.7,346.15,340.8,345.0,344.45,343.36,17494,60.07,1354, 10352, 59.17
GUJALKALI, EQ, 07-Jul-2025,579.7,583.9,588.9,570.55,576.8,575.05,580.37,55381,321.41,3624, 27015, 48.78
GUJAPOLLO, EQ, 07-Jul-2025,386.0,390.95,405.0,381.45,387.45,385.6,394.65,36629,144.56,2396, 20618, 56.29
GUJGASLTD, EQ, 07-Jul-2025,489.25,489.5,495.5,482.75,483.0,484.9,488.2,205905,1005.23,8044, 88610, 43.03
GUJRAFFIA, EQ, 07-Jul-2025,41.2,43.25,43.26,41.0,42.25,42.35,42.21,14147,5.97,158, 6447, 45.57
GUJTHEM, EQ, 07-Jul-2025,350.25,353.4,357.5,343.5,345.1,345.05,345.98,323800,1120.29,4206, 281954, 87.08
GULFOILLUB, EQ, 07-Jul-2025,1266.6,1262.0,1276.7,1231.5,1241.4,1241.0,1246.1,188124,2344.21,20582, 118123, 62.79
GULFPETRO, EQ, 07-Jul-2025,45.23,45.3,45.93,44.46,44.9,44.77,45.02,100048,45.04,1121, 45193, 45.17
GULPOLY, EQ, 07-Jul-2025,173.6,174.0,175.5,170.54,170.9,171.19,172.42,108286,186.71,5147, 64359, 59.43
GVPTECH, EQ, 07-Jul-2025,11.19,11.18,11.18,10.51,10.7,10.72,10.68,127917,13.66,599, 73150, 57.19
GVT&D, EQ, 07-Jul-2025,2356.4,2351.0,2364.8,2308.3,2350.0,2349.4,2339.93,278091,6507.15,23192, 199569, 71.76
HAL, EQ, 07-Jul-2025,4993.2,4994.0,5048.6,4955.0,5010.0,5012.6,5010.95,967116,48461.68,71884, 386267, 39.94
HAPPSTMNDS, EQ, 07-Jul-2025,643.7,643.7,651.9,636.15,643.9,647.25,645.3,326237,2105.21,13767, 91566, 28.07
HAPPYFORGE, EQ, 07-Jul-2025,973.95,973.95,973.95,951.4,951.5,955.5,959.42,8395,80.54,1466, 3905, 46.52
HARIOMPIPE, EQ, 07-Jul-2025,409.3,418.8,438.8,418.8,428.0,427.85,427.41,536909,2294.83,16586, 178705, 33.28
HARRMALAYA, EQ, 07-Jul-2025,215.11,218.5,224.0,212.92,221.0,221.33,218.68,17859,39.05,603, 11524, 64.53
HARSHA, EQ, 07-Jul-2025,407.15,407.9,409.95,404.1,405.0,405.5,405.78,49631,201.39,3529, 27765, 55.94
HATHWAY, EQ, 07-Jul-2025,15.99,15.91,16.17,15.87,16.05,16.0,16.03,4934989,791.11,6678, 1332734, 27.01
HATSUN, EQ, 07-Jul-2025,956.35,963.0,970.0,944.85,965.0,967.3,958.59,38288,367.02,6045, 16061, 41.95
HAVELLS, EQ, 07-Jul-2025,1577.6,1581.7,1593.5,1526.6,1536.7,1537.6,1552.14,1114712,17301.9,54344, 567334, 50.90
HAVISHA, EQ, 07-Jul-2025,2.29,2.23,2.68,2.21,2.68,2.27,2.25,64289,1.45,187, 33390, 51.94
HBLENGINE, EQ, 07-Jul-2025,630.45,630.4,649.75,627.1,635.9,636.8,639.52,1635986,10462.48,38241, 427209, 26.11
HCG, EQ, 07-Jul-2025,566.3,566.3,569.35,555.45,562.1,560.3,560.53,106416,596.49,6272, 50954, 47.88
HCLTECH, EQ, 07-Jul-2025,1725.9,1725.5,1725.5,1703.3,1707.0,1710.4,1711.09,1366412,23380.61,56478, 818448, 59.90
HDBFS, EQ, 07-Jul-2025,845.45,845.45,858.8,833.25,844.3,843.95,846.78,6359412,53850.04,243126, 2371654, 37.29
HDFCAMC, EQ, 07-Jul-2025,5033.5,5033.0,5115.0,4984.0,4999.5,4999.0,5031.21,367191,18474.14,43516, 239897, 65.33
HDFCBANK, EQ, 07-Jul-2025,1989.3,1989.0,1998.4,1983.8,1985.5,1987.4,1989.37,5674713,112890.79,163393, 3580127, 63.09
HDFCBSE500, EQ, 07-Jul-2025,37.63,37.79,37.79,37.51,37.68,37.67,37.69,16839,6.35,269, 13490, 80.11
HDFCGOLD, EQ, 07-Jul-2025,83.46,85.54,85.54,82.64,83.16,83.12,83.08,866937,720.24,7038, 577452, 66.61
HDFCGROWTH, EQ, 07-Jul-2025,120.21,119.89,120.96,119.47,120.42,120.55,120.46,38335,46.18,670, 32415, 84.56
HDFCLIFE, EQ, 07-Jul-2025,785.1,781.05,792.75,781.05,789.35,789.45,787.43,2169992,17087.14,56811, 1469520, 67.72
HDFCLIQUID, EQ, 07-Jul-2025,1018.18,1018.27,1018.31,1018.27,1018.31,1018.3,1018.28,15117,153.93,57, 12660, 83.75
HDFCLOWVOL, EQ, 07-Jul-2025,20.59,21.1,21.1,20.41,20.67,20.67,20.66,44394,9.17,215, 42271, 95.22
HDFCMID150, EQ, 07-Jul-2025,22.19,22.74,22.74,21.99,22.12,22.12,22.13,219735,48.63,2074, 133404, 60.71
HDFCMOMENT, EQ, 07-Jul-2025,31.73,32.68,32.68,31.0,31.7,31.66,31.67,296334,93.86,1773, 224503, 75.76
HDFCNEXT50, EQ, 07-Jul-2025,69.4,69.45,69.84,69.15,69.74,69.52,69.6,33227,23.13,741, 19876, 59.82
HDFCNIF100, EQ, 07-Jul-2025,26.72,27.38,27.38,26.65,26.77,26.72,26.75,52576,14.06,535, 35129, 66.82
HDFCNIFBAN, EQ, 07-Jul-2025,58.27,58.0,58.43,57.8,58.21,58.19,58.22,37105,21.6,501, 27917, 75.24
HDFCNIFIT, EQ, 07-Jul-2025,41.01,40.85,41.47,40.6,40.7,40.67,40.69,67579,27.5,504, 39943, 59.11
HDFCNIFTY, EQ, 07-Jul-2025,283.13,282.82,284.02,282.8,283.69,283.51,283.56,37157,105.36,1029, 27722, 74.61
HDFCPSUBK, EQ, 07-Jul-2025,71.98,72.33,72.81,71.73,71.73,71.88,72.01,25263,18.19,154, 23705, 93.83
HDFCPVTBAN, EQ, 07-Jul-2025,28.38,28.41,28.49,28.29,28.39,28.38,28.37,2959451,839.6,191, 2954305, 99.83
HDFCQUAL, EQ, 07-Jul-2025,58.39,58.39,58.54,57.35,58.44,58.38,58.23,38554,22.45,692, 31690, 82.20
HDFCSENSEX, EQ, 07-Jul-2025,94.07,94.2,94.37,93.2,93.76,93.54,93.68,29378,27.52,665, 23525, 80.08
HDFCSILVER, EQ, 07-Jul-2025,104.14,104.2,104.69,103.27,104.05,104.07,104.0,1022356,1063.2,3371, 750733, 73.43
HDFCSML250, EQ, 07-Jul-2025,178.18,173.72,178.85,173.72,177.92,177.98,178.01,486124,865.37,8811, 260586, 53.60
HDFCVALUE, EQ, 07-Jul-2025,135.76,135.76,136.5,135.0,135.5,135.43,135.31,7370,9.97,155, 5987, 81.23
HEADSUP, EQ, 07-Jul-2025,9.76,9.65,9.92,9.65,9.71,9.79,9.81,21916,2.15,254, 17054, 77.82
HEALTHADD, EQ, 07-Jul-2025,147.36,147.36,148.3,147.36,147.75,147.78,147.91,790,1.17,33, 647, 81.90
HEALTHIETF, EQ, 07-Jul-2025,150.46,154.22,154.22,149.48,149.94,150.18,150.2,114594,172.12,1737, 83381, 72.76
HEALTHY, EQ, 07-Jul-2025,15.03,14.65,15.1,14.65,15.02,15.03,15.02,204633,30.73,1670, 167098, 81.66
HEG, EQ, 07-Jul-2025,505.45,505.5,506.0,487.1,487.1,489.25,493.67,522874,2581.26,16048, 289644, 55.39
HEIDELBERG, EQ, 07-Jul-2025,218.63,218.4,219.5,211.5,213.0,212.58,213.79,140113,299.55,3403, 84374, 60.22
HEMIPROP, EQ, 07-Jul-2025,136.45,136.85,139.15,136.51,137.59,137.43,137.93,258670,356.79,4234, 103842, 40.14
HERANBA, EQ, 07-Jul-2025,370.65,374.9,381.95,366.4,372.95,372.9,374.79,78883,295.65,3568, 42308, 53.63
HERITGFOOD, EQ, 07-Jul-2025,492.1,492.75,500.5,487.8,496.0,498.8,495.53,365606,1811.7,14906, 200447, 54.83
HEROMOTOCO, EQ, 07-Jul-2025,4345.0,4340.0,4359.6,4293.0,4305.1,4307.0,4319.51,353771,15281.16,47151, 186301, 52.66
HESTERBIO, EQ, 07-Jul-2025,1796.3,1822.0,1822.0,1771.0,1771.0,1785.2,1793.56,1365,24.48,343, 854, 62.56
HEUBACHIND, EQ, 07-Jul-2025,586.65,586.05,589.0,586.05,586.6,586.7,587.1,10263,60.25,258, 7311, 71.24
HEXATRADEX, EQ, 07-Jul-2025,185.6,185.29,188.65,182.5,183.14,183.3,184.58,13564,25.04,424, 9508, 70.10
HEXT, EQ, 07-Jul-2025,866.25,865.0,872.0,847.05,861.0,860.8,857.95,594505,5100.55,34128, 454382, 76.43
HFCL, EQ, 07-Jul-2025,84.6,84.5,85.11,83.2,83.28,83.35,83.84,5172632,4336.99,21190, 1669367, 32.27
HGINFRA, EQ, 07-Jul-2025,1062.2,1063.0,1069.5,1053.4,1060.9,1060.3,1060.49,91069,965.78,8229, 51123, 56.14
HGS, EQ, 07-Jul-2025,564.5,559.4,569.05,549.5,555.0,554.5,560.23,17411,97.54,2035, 8802, 50.55
HIKAL, EQ, 07-Jul-2025,345.45,345.9,349.9,340.95,341.8,341.85,344.04,153882,529.42,6394, 87943, 57.15
HIMATSEIDE, EQ, 07-Jul-2025,158.69,158.69,164.4,158.69,159.0,159.62,161.22,1412351,2277.0,16189, 368534, 26.09
HINDALCO, EQ, 07-Jul-2025,699.45,699.45,699.45,688.1,692.3,692.1,691.57,2481724,17162.76,52306, 1442727, 58.13
HINDCOMPOS, EQ, 07-Jul-2025,484.35,489.6,495.9,482.6,490.0,491.3,490.04,5657,27.72,486, 3466, 61.27
HINDCON, EQ, 07-Jul-2025,35.18,36.0,36.05,35.36,35.94,35.82,35.78,25718,9.2,446, 19878, 77.29
HINDCOPPER, EQ, 07-Jul-2025,277.15,276.85,278.4,273.0,274.5,274.55,275.02,1751639,4817.38,21636, 662146, 37.80
HINDOILEXP, EQ, 07-Jul-2025,169.24,169.01,171.05,167.52,169.45,169.06,169.51,361801,613.28,5457, 138902, 38.39
HINDPETRO, EQ, 07-Jul-2025,444.6,448.0,455.2,441.25,450.0,447.9,447.23,8516084,38086.82,72129, 3848192, 45.19
HINDUNILVR, EQ, 07-Jul-2025,2339.3,2341.0,2415.7,2341.0,2408.7,2410.4,2396.68,2701583,64748.25,137873, 1380494, 51.10
HINDWAREAP, EQ, 07-Jul-2025,287.95,287.0,290.3,280.55,282.5,284.25,283.77,49153,139.48,1827, 26289, 53.48
HINDZINC, EQ, 07-Jul-2025,445.1,445.2,445.55,436.2,436.9,437.5,439.56,2682662,11791.92,44087, 1413055, 52.67
HIRECT, EQ, 07-Jul-2025,1300.6,1324.5,1388.0,1306.0,1340.0,1342.6,1355.13,232816,3154.97,25614, 98146, 42.16
HISARMETAL, EQ, 07-Jul-2025,195.57,196.65,204.0,196.65,200.03,199.8,199.87,11019,22.02,428, 7186, 65.21
HITECH, EQ, 07-Jul-2025,99.24,99.21,100.16,96.68,96.92,96.91,97.84,1487635,1455.52,12071, 848284, 57.02
HITECHCORP, EQ, 07-Jul-2025,209.21,208.8,214.45,206.39,210.0,209.72,211.0,26874,56.7,756, 19149, 71.25
HLEGLAS, EQ, 07-Jul-2025,447.9,448.0,449.6,426.15,429.0,428.8,433.84,210786,914.48,7806, 119596, 56.74
HLVLTD, EQ, 07-Jul-2025,13.32,13.31,13.52,13.13,13.22,13.21,13.28,562643,74.74,1657, 312291, 55.50
HMAAGRO, EQ, 07-Jul-2025,29.69,29.76,30.75,29.58,30.61,30.58,30.18,479780,144.8,2944, 212074, 44.20
HMVL, EQ, 07-Jul-2025,89.17,88.45,90.94,88.45,89.15,89.32,89.58,21986,19.69,390, 12932, 58.82
HNDFDS, EQ, 07-Jul-2025,538.45,541.3,584.1,535.0,581.0,580.85,573.32,1131616,6487.79,48449, 508292, 44.92
HNGSNGBEES, EQ, 07-Jul-2025,384.91,389.74,389.74,380.75,383.05,383.81,384.55,64513,248.08,3130, 38266, 59.32
HOMEFIRST, EQ, 07-Jul-2025,1355.6,1355.6,1401.0,1320.2,1398.6,1394.6,1358.44,356124,4837.74,27715, 173836, 48.81
HONASA, EQ, 07-Jul-2025,296.0,295.0,301.0,292.5,296.25,296.35,295.97,659396,1951.6,10949, 503504, 76.36
HONAUT, EQ, 07-Jul-2025,40980.0,41200.0,41200.0,40555.0,41000.0,40710.0,40715.3,7036,2864.73,1968, 4958, 70.47
HONDAPOWER, EQ, 07-Jul-2025,3003.0,3002.0,3090.0,2970.6,3045.0,3044.9,3048.5,20853,635.7,4974, 6580, 31.55
HPAL, EQ, 07-Jul-2025,50.98,51.19,52.16,50.6,50.81,50.89,51.14,68624,35.09,1284, 36701, 53.48
HPIL, EQ, 07-Jul-2025,150.94,152.0,152.0,146.5,150.58,151.13,150.32,5059,7.6,322, 2915, 57.62
HPL, EQ, 07-Jul-2025,578.05,585.0,588.25,560.0,564.0,562.25,571.42,267750,1529.98,15652, 116912, 43.66
HSCL, EQ, 07-Jul-2025,499.35,500.0,504.5,486.1,488.9,491.05,494.89,1113131,5508.81,28513, 407572, 36.61
HUBTOWN, EQ, 07-Jul-2025,278.9,277.0,285.0,276.7,284.5,284.35,283.15,1429858,4048.61,10487, 990934, 69.30
HUDCO, EQ, 07-Jul-2025,231.42,230.5,231.0,226.8,227.72,227.33,228.41,3159878,7217.54,28526, 1429564, 45.24
HUHTAMAKI, EQ, 07-Jul-2025,220.87,221.9,235.3,219.71,231.75,231.73,230.98,1034929,2390.48,18508, 441954, 42.70
HYUNDAI, EQ, 07-Jul-2025,2064.1,2064.1,2109.0,2058.1,2098.0,2101.2,2089.35,398865,8333.68,33135, 179291, 44.95
ICEMAKE, EQ, 07-Jul-2025,794.3,790.0,802.0,786.55,797.0,796.6,795.97,19143,152.37,2136, 9454, 49.39
ICICIB22, EQ, 07-Jul-2025,110.38,108.6,111.47,108.6,110.26,110.16,110.23,170479,187.92,4793, 94961, 55.70
ICICIBANK, EQ, 07-Jul-2025,1442.8,1437.0,1440.9,1429.6,1435.9,1435.7,1433.38,5177477,74213.12,127818, 3743907, 72.31
ICICIGI, EQ, 07-Jul-2025,2035.4,2035.4,2052.0,2015.2,2025.5,2025.5,2031.73,814849,16555.51,50022, 536055, 65.79
ICICIPRULI, EQ, 07-Jul-2025,650.95,650.95,667.9,650.95,664.85,666.05,663.2,1032527,6847.68,38691, 452837, 43.86
ICIL, EQ, 07-Jul-2025,290.3,290.0,292.35,285.25,286.0,286.45,287.99,86234,248.34,4612, 36816, 42.69
ICRA, EQ, 07-Jul-2025,6800.5,6806.0,6902.5,6770.5,6771.0,6783.5,6837.35,4060,277.6,1517, 1644, 40.49
IDBI, EQ, 07-Jul-2025,101.12,101.24,102.79,99.95,101.33,101.38,101.36,12904128,13080.17,43257, 3606965, 27.95
IDEA, EQ, 07-Jul-2025,7.36,7.3,7.4,7.25,7.27,7.29,7.34,331996862,24352.47,134383, 77022659, 23.20
IDEAFORGE, EQ, 07-Jul-2025,591.55,593.9,597.5,579.1,581.3,581.65,587.8,384881,2262.35,10961, 124918, 32.46
IDFCFIRSTB, EQ, 07-Jul-2025,77.88,77.5,78.3,77.22,77.53,77.71,77.74,26165428,20340.59,81356, 15296992, 58.46
IDFNIFTYET, EQ, 07-Jul-2025,277.89,279.27,281.43,277.24,278.8,278.73,279.34,1346,3.76,50, 791, 58.77
IEX, EQ, 07-Jul-2025,197.63,197.5,199.6,196.22,198.92,199.33,198.39,3414788,6774.75,30741, 1540515, 45.11
IFBIND, EQ, 07-Jul-2025,1548.1,1550.4,1556.8,1500.2,1502.0,1509.2,1522.49,15812,240.74,3431, 7087, 44.82
IFCI, EQ, 07-Jul-2025,62.58,62.75,62.88,61.9,61.97,62.03,62.29,4474935,2787.36,17641, 1969395, 44.01
IFGLEXPOR, EQ, 07-Jul-2025,558.2,560.1,568.0,553.05,563.0,561.55,559.79,26779,149.91,3385, 15953, 59.57
IGARASHI, EQ, 07-Jul-2025,538.95,539.0,562.0,535.05,543.5,542.75,549.45,107809,592.35,6988, 41525, 38.52
IGIL, EQ, 07-Jul-2025,381.35,381.9,395.7,377.3,393.5,392.15,389.29,1896664,7383.44,45846, 811837, 42.80
IGL, EQ, 07-Jul-2025,226.1,227.0,228.5,224.4,227.29,226.84,226.61,2948895,6682.48,35035, 709326, 24.05
IGPL, EQ, 07-Jul-2025,482.1,486.05,487.45,477.7,484.6,483.0,483.32,19275,93.16,1644, 9907, 51.40
IIFL, EQ, 07-Jul-2025,474.85,475.15,495.5,475.15,486.15,487.2,489.62,5969585,29228.49,94478, 1032481, 17.30
IIFLCAPS, EQ, 07-Jul-2025,347.9,347.95,349.7,339.0,342.0,341.5,343.81,304705,1047.62,10004, 130096, 42.70
IKIO, EQ, 07-Jul-2025,218.48,218.01,218.95,215.0,215.4,215.61,216.26,40451,87.48,1851, 21269, 52.58
IKS, EQ, 07-Jul-2025,1597.1,1595.0,1603.0,1551.5,1559.0,1567.2,1573.77,394671,6211.21,16739, 286795, 72.67
IMAGICAA, EQ, 07-Jul-2025,66.99,66.99,67.5,66.0,66.5,66.34,66.55,277353,184.57,3149, 145344, 52.40
IMFA, EQ, 07-Jul-2025,781.1,775.0,787.0,770.3,786.0,783.25,780.22,37749,294.53,3633, 16243, 43.03
IMPAL, EQ, 07-Jul-2025,1152.4,1162.0,1180.0,1141.3,1149.0,1150.1,1156.7,5412,62.6,1046, 3703, 68.42
INDBANK, EQ, 07-Jul-2025,34.86,35.1,35.75,34.9,35.3,35.37,35.21,33707,11.87,502, 21722, 64.44
INDGN, EQ, 07-Jul-2025,567.5,568.1,577.7,565.0,565.3,568.15,570.2,287282,1638.08,15180, 166870, 58.09
INDHOTEL, EQ, 07-Jul-2025,747.55,747.55,748.7,735.55,738.0,737.15,739.56,3012196,22276.97,112806, 2308172, 76.63
INDIACEM, EQ, 07-Jul-2025,344.2,344.2,348.9,337.05,345.9,346.6,343.12,398371,1366.89,11640, 142030, 35.65
INDIAGLYCO, EQ, 07-Jul-2025,2111.8,2108.2,2108.2,2040.0,2041.0,2052.0,2064.44,67359,1390.58,8904, 35316, 52.43
INDIAMART, EQ, 07-Jul-2025,2546.7,2546.7,2576.1,2525.1,2536.4,2538.4,2540.65,112040,2846.54,9186, 82794, 73.90
INDIANB, EQ, 07-Jul-2025,650.5,650.0,657.55,642.95,643.3,644.15,648.89,1374873,8921.38,36367, 798497, 58.08
INDIANCARD, EQ, 07-Jul-2025,323.35,321.0,329.2,313.5,319.7,319.9,321.32,11038,35.47,873, 5481, 49.66
INDIANHUME, EQ, 07-Jul-2025,458.85,463.45,478.0,456.9,463.85,463.6,465.86,149963,698.61,7862, 72282, 48.20
INDIASHLTR, EQ, 07-Jul-2025,876.85,878.8,885.0,860.0,879.0,882.05,872.92,93139,813.03,9160, 50079, 53.77
INDIGO, EQ, 07-Jul-2025,5753.0,5756.5,5792.0,5731.0,5731.0,5748.0,5754.99,385469,22183.72,38113, 272238, 70.63
INDIGOPNTS, EQ, 07-Jul-2025,1199.5,1216.6,1216.6,1199.7,1200.0,1200.8,1203.23,36885,443.81,4214, 21151, 57.34
INDNIPPON, EQ, 07-Jul-2025,767.1,774.75,774.75,760.0,768.0,766.2,764.6,26625,203.57,2629, 11112, 41.74
INDOAMIN, EQ, 07-Jul-2025,165.38,165.08,176.25,163.91,167.99,168.79,170.75,717530,1225.2,15664, 145327, 20.25
INDOBORAX, EQ, 07-Jul-2025,220.23,216.95,223.45,216.95,219.25,220.72,221.14,87685,193.91,2346, 41550, 47.39
INDOCO, EQ, 07-Jul-2025,338.65,339.0,339.2,326.6,329.95,329.55,332.25,42700,141.87,4027, 23194, 54.32
INDOSTAR, EQ, 07-Jul-2025,342.05,345.8,347.0,339.5,340.05,343.95,342.84,99944,342.64,4472, 45082, 45.11
INDOTECH, EQ, 07-Jul-2025,1929.6,1940.1,1959.9,1891.0,1900.0,1901.4,1908.63,17983,343.23,3003, 10991, 61.12
INDOUS, EQ, 07-Jul-2025,156.21,157.79,159.34,144.98,147.5,151.62,153.74,6587,10.13,589, 4563, 69.27
INDOWIND, EQ, 07-Jul-2025,20.11,20.0,20.55,19.32,19.9,19.88,19.97,348443,69.59,2061, 148528, 42.63
INDRAMEDCO, EQ, 07-Jul-2025,505.75,506.95,523.9,503.05,508.6,508.5,511.52,305388,1562.12,15158, 115762, 37.91
INDSWFTLAB, EQ, 07-Jul-2025,114.04,115.95,121.12,114.25,120.02,120.15,117.52,576963,678.06,6941, 287123, 49.76
INDSWFTLTD, EQ, 07-Jul-2025,17.22,17.12,17.9,17.01,17.46,17.57,17.36,105065,18.24,623, 61836, 58.85
INDTERRAIN, EQ, 07-Jul-2025,37.35,37.53,38.2,36.6,37.2,37.44,37.51,71650,26.88,749, 51236, 71.51
INDUSINDBK, EQ, 07-Jul-2025,856.25,847.0,866.95,845.2,854.5,854.45,857.41,3295065,28252.2,69210, 806330, 24.47
INDUSTOWER, EQ, 07-Jul-2025,424.95,422.7,422.7,407.55,408.0,408.4,411.0,7571465,31118.54,77370, 3440120, 45.44
INFIBEAM, EQ, 07-Jul-2025,15.64,15.67,16.03,15.14,15.35,15.34,15.42,35296846,5441.55,39298, 19791091, 56.07
INFOBEAN, EQ, 07-Jul-2025,381.6,384.0,386.0,378.95,379.1,380.4,381.68,7787,29.72,652, 4504, 57.84
INFRABEES, EQ, 07-Jul-2025,971.55,976.4,977.3,971.56,972.88,973.27,972.98,9220,89.71,586, 5336, 57.87
INFRAIETF, EQ, 07-Jul-2025,96.44,96.47,97.13,96.13,96.68,96.63,96.59,100258,96.84,1191, 63959, 63.79
INFY, EQ, 07-Jul-2025,1640.7,1640.0,1644.0,1623.0,1626.9,1627.0,1630.54,3294523,53718.41,127270, 2078408, 63.09
INGERRAND, EQ, 07-Jul-2025,4045.2,4075.0,4120.3,4015.0,4074.0,4049.4,4053.85,15818,641.24,4663, 6192, 39.15
INNOVACAP, EQ, 07-Jul-2025,859.6,859.6,872.0,845.0,855.0,850.15,855.9,32111,274.84,4264, 12474, 38.85
INNOVANA, EQ, 07-Jul-2025,575.45,574.4,584.7,530.5,540.35,544.4,555.75,20152,111.99,1799, 11324, 56.19
INOXINDIA, EQ, 07-Jul-2025,1257.7,1259.9,1261.4,1236.0,1240.0,1241.3,1245.38,45556,567.34,5803, 24110, 52.92
INOXWIND, EQ, 07-Jul-2025,179.98,179.98,180.0,175.6,176.49,176.3,177.38,3422942,6071.59,27314, 1315192, 38.42
INSECTICID, EQ, 07-Jul-2025,971.95,979.7,979.7,948.45,955.0,957.65,958.05,30013,287.54,3752, 13451, 44.82
INTELLECT, EQ, 07-Jul-2025,1127.2,1130.0,1157.3,1118.9,1144.4,1149.3,1145.73,263783,3022.25,18947, 126373, 47.91
INTENTECH, EQ, 07-Jul-2025,93.46,93.8,95.0,92.0,92.25,92.72,93.9,46823,43.97,1022, 27673, 59.10
INTLCONV, EQ, 07-Jul-2025,94.21,94.21,95.19,92.5,93.0,92.96,93.35,134425,125.48,2030, 71279, 53.03
INVENTURE, EQ, 07-Jul-2025,1.66,1.68,1.7,1.65,1.69,1.68,1.67,1135370,18.99,717, 805971, 70.99
IOB, EQ, 07-Jul-2025,39.95,39.75,40.29,39.71,39.88,39.93,39.97,5533003,2211.59,17113, 2327213, 42.06
IOC, EQ, 07-Jul-2025,151.62,152.02,154.9,151.81,153.84,153.75,153.48,24354631,37380.06,123617, 11011445, 45.21
IOLCP, EQ, 07-Jul-2025,93.64,94.0,96.25,93.74,94.34,94.66,94.95,1030007,978.04,10607, 465149, 45.16
IONEXCHANG, EQ, 07-Jul-2025,543.65,541.25,549.0,537.65,547.0,547.8,545.96,97178,530.55,8103, 59177, 60.90
IPCALAB, EQ, 07-Jul-2025,1422.8,1422.9,1468.0,1418.4,1456.0,1457.8,1454.22,384948,5597.98,44618, 188167, 48.88
IPL, EQ, 07-Jul-2025,211.6,210.5,212.99,208.9,211.18,211.05,210.94,274021,578.01,7411, 117630, 42.93
IRB, EQ, 07-Jul-2025,49.49,49.35,49.94,48.92,49.12,49.08,49.35,9312028,4595.91,26162, 4000780, 42.96
IRCON, EQ, 07-Jul-2025,199.55,198.45,200.15,195.2,195.49,195.98,197.54,2786661,5504.82,27628, 798014, 28.64
IRCTC, EQ, 07-Jul-2025,781.15,782.65,786.55,775.05,784.7,784.35,783.21,876286,6863.17,29774, 477036, 54.44
IREDA, EQ, 07-Jul-2025,166.67,166.67,167.88,165.71,166.65,167.13,166.96,4183895,6985.29,33402, 1386893, 33.15
IRFC, EQ, 07-Jul-2025,139.24,139.17,140.0,138.25,138.7,138.54,139.14,5321322,7404.17,43804, 1863795, 35.03
IRIS, EQ, 07-Jul-2025,369.8,388.25,388.25,355.15,388.25,388.25,378.9,237185,898.69,4934, 109722, 46.26
IRMENERGY, EQ, 07-Jul-2025,313.7,315.85,318.45,313.3,314.05,314.1,315.24,30261,95.4,1231, 12412, 41.02
ISFT, EQ, 07-Jul-2025,112.59,113.5,113.5,110.15,110.2,110.72,111.75,12563,14.04,421, 8577, 68.27
ISGEC, EQ, 07-Jul-2025,1211.4,1219.0,1225.0,1201.6,1220.1,1217.4,1213.09,33472,406.04,6774, 17926, 53.56
IT, EQ, 07-Jul-2025,42.45,42.01,43.08,42.01,42.2,42.12,42.32,104363,44.16,737, 86015, 82.42
ITBEES, EQ, 07-Jul-2025,42.53,42.21,43.59,42.2,42.3,42.3,42.35,5112502,2165.16,16046, 3209964, 62.79
ITC, EQ, 07-Jul-2025,412.55,413.0,417.2,412.0,416.5,416.15,415.88,6845218,28468.08,120392, 4158017, 60.74
ITCHOTELS, EQ, 07-Jul-2025,220.64,220.64,220.92,217.5,218.34,218.32,218.6,1441929,3152.06,33945, 824548, 57.18
ITDC, EQ, 07-Jul-2025,617.0,619.9,636.6,612.95,622.9,621.2,626.72,148505,930.71,10279, 39763, 26.78
ITDCEM, EQ, 07-Jul-2025,902.3,897.65,902.95,861.6,869.6,871.75,876.96,640058,5613.03,28940, 261782, 40.90
ITETF, EQ, 07-Jul-2025,40.57,40.57,41.0,40.2,40.26,40.26,40.34,118927,47.98,2124, 92416, 77.71
ITETFADD, EQ, 07-Jul-2025,40.55,40.0,40.55,40.0,40.25,40.28,40.21,21438,8.62,102, 19695, 91.87
ITI, EQ, 07-Jul-2025,326.9,326.95,327.7,322.9,323.1,323.15,324.19,187340,607.33,4844, 105519, 56.32
ITIETF, EQ, 07-Jul-2025,42.51,42.57,42.66,42.18,42.26,42.26,42.34,184520,78.12,1363, 104219, 56.48
IVC, EQ, 07-Jul-2025,9.08,9.04,9.17,8.96,9.05,9.01,9.03,193586,17.48,1235, 122655, 63.36
IVP, EQ, 07-Jul-2025,197.73,195.5,199.29,192.4,192.4,194.0,195.96,4199,8.23,323, 2280, 54.30
IVZINGOLD, EQ, 07-Jul-2025,8489.0,8499.85,8499.85,8435.0,8480.0,8480.0,8456.31,117,9.89,51, 56, 47.86
IVZINNIFTY, EQ, 07-Jul-2025,2874.25,2874.25,2883.32,2870.16,2870.16,2870.2,2875.31,19,0.55,6, 13, 68.42
IXIGO, EQ, 07-Jul-2025,171.28,167.99,173.8,167.99,171.5,171.51,171.63,285733,490.4,8874, 111991, 39.19
IZMO, EQ, 07-Jul-2025,400.2,410.0,420.2,400.0,420.2,420.2,418.56,31553,132.07,549, 28091, 89.03
J&KBANK, EQ, 07-Jul-2025,114.24,114.0,114.26,111.1,111.22,111.29,112.3,2668381,2996.5,18653, 1252985, 46.96
JAGRAN, EQ, 07-Jul-2025,72.13,72.2,72.55,71.9,72.06,72.12,72.12,99943,72.08,1753, 52393, 52.42
JAGSNPHARM, EQ, 07-Jul-2025,231.08,231.1,232.45,228.41,229.01,230.67,230.09,56660,130.37,2046, 30267, 53.42
JAIBALAJI, EQ, 07-Jul-2025,126.63,126.0,130.98,123.65,127.2,127.04,127.7,3079189,3932.27,14158, 1666563, 54.12
JAICORPLTD, EQ, 07-Jul-2025,111.49,111.6,112.68,110.0,110.0,110.24,110.98,208657,231.57,2860, 97990, 46.96
JAIPURKURT, EQ, 07-Jul-2025,42.75,43.31,43.31,42.12,42.13,42.17,42.36,14181,6.01,395, 8931, 62.98
JAMNAAUTO, EQ, 07-Jul-2025,94.69,94.66,95.27,93.0,93.01,93.23,93.97,771152,724.64,9079, 410169, 53.19
JASH, EQ, 07-Jul-2025,580.3,582.8,584.0,571.6,574.0,574.4,575.72,52859,304.32,4434, 31391, 59.39
JAYAGROGN, EQ, 07-Jul-2025,253.0,254.6,263.0,252.0,258.5,260.65,259.45,33690,87.41,1396, 20616, 61.19
JAYBARMARU, EQ, 07-Jul-2025,77.85,77.85,78.42,76.62,77.3,76.96,77.38,26790,20.73,774, 15466, 57.73
JAYNECOIND, EQ, 07-Jul-2025,39.43,39.82,40.08,38.94,39.25,39.57,39.55,386055,152.68,3758, 194421, 50.36
JAYSREETEA, EQ, 07-Jul-2025,113.41,113.25,114.49,111.69,113.28,113.24,112.93,68139,76.95,1331, 25774, 37.83
JBCHEPHARM, EQ, 07-Jul-2025,1638.1,1635.0,1640.0,1628.0,1633.9,1632.9,1632.88,289171,4721.82,14727, 225552, 78.00
JBMA, EQ, 07-Jul-2025,646.55,644.0,646.25,631.05,634.0,636.2,639.18,267534,1710.03,15084, 138244, 51.67
JCHAC, EQ, 07-Jul-2025,1810.0,1820.0,1829.6,1795.0,1810.0,1809.3,1809.87,58583,1060.27,6708, 31658, 54.04
JETFREIGHT, EQ, 07-Jul-2025,14.25,14.08,14.37,13.86,13.92,13.92,13.98,53034,7.42,384, 32892, 62.02
JGCHEM, EQ, 07-Jul-2025,459.4,469.95,542.0,460.25,513.3,519.0,516.91,10166007,52549.58,206049, 897763, 8.83
JHS, EQ, 07-Jul-2025,13.04,12.98,13.25,12.8,12.85,12.9,12.98,62852,8.16,262, 46610, 74.16
JINDALPOLY, EQ, 07-Jul-2025,604.75,603.0,608.65,600.0,600.2,600.7,602.39,22182,133.62,1982, 14732, 66.41
JINDALSAW, EQ, 07-Jul-2025,232.89,233.5,234.14,230.75,231.4,232.37,232.21,870086,2020.45,11576, 360345, 41.41
JINDALSTEL, EQ, 07-Jul-2025,953.0,951.0,960.8,942.0,950.5,953.5,953.56,773510,7375.86,33048, 172252, 22.27
JINDRILL, EQ, 07-Jul-2025,635.55,621.3,629.0,605.5,606.95,607.45,610.62,347195,2120.03,15405, 170409, 49.08
JINDWORLD, EQ, 07-Jul-2025,49.3,49.3,49.95,47.79,48.22,48.21,48.78,2692498,1313.31,12829, 834483, 30.99
JIOFIN, EQ, 07-Jul-2025,324.95,324.95,329.7,323.05,328.3,328.05,327.71,13172854,43169.35,134228, 4628263, 35.13
JISLDVREQS, EQ, 07-Jul-2025,31.95,32.0,32.6,31.4,32.0,32.01,32.08,47804,15.34,897, 34416, 71.99
JISLJALEQS, EQ, 07-Jul-2025,57.44,57.15,57.68,56.02,56.25,56.39,56.74,2497035,1416.81,8779, 1276636, 51.13
JITFINFRA, EQ, 07-Jul-2025,360.8,379.0,403.7,370.25,387.0,390.55,391.34,155009,606.61,5992, 62932, 40.60
JKCEMENT, EQ, 07-Jul-2025,6252.0,6230.0,6381.5,6221.0,6252.0,6246.0,6272.35,95875,6013.61,17237, 56808, 59.25
JKIL, EQ, 07-Jul-2025,719.85,719.05,742.35,711.75,714.5,715.35,724.54,113344,821.22,8997, 46068, 40.64
JKLAKSHMI, EQ, 07-Jul-2025,982.1,979.95,987.0,972.15,980.0,978.3,979.02,960867,9407.07,29119, 789431, 82.16
JKPAPER, EQ, 07-Jul-2025,406.3,401.0,414.0,395.15,400.0,399.3,404.85,1934040,7830.05,48901, 484562, 25.05
JKTYRE, EQ, 07-Jul-2025,367.85,367.3,374.0,363.75,368.0,368.7,369.64,635733,2349.89,14695, 237377, 37.34
JLHL, EQ, 07-Jul-2025,1506.5,1522.0,1560.0,1503.0,1536.5,1530.6,1528.27,54170,827.86,3092, 45678, 84.32
JMA, EQ, 07-Jul-2025,96.71,98.99,98.99,96.15,96.68,96.92,97.32,11403,11.1,725, 6450, 56.56
JMFINANCIL, EQ, 07-Jul-2025,165.79,166.3,168.98,164.0,166.88,167.03,166.58,4406507,7340.37,30274, 1131708, 25.68
JNKINDIA, EQ, 07-Jul-2025,334.45,325.0,334.2,324.6,326.05,327.0,327.13,148909,487.13,4904, 119010, 79.92
JOCIL, EQ, 07-Jul-2025,162.23,167.13,167.13,158.1,165.5,163.58,161.76,6633,10.73,360, 1004, 15.14
JPOLYINVST, EQ, 07-Jul-2025,882.6,875.0,883.95,870.0,877.0,877.15,875.22,5195,45.47,707, 1845, 35.51
JPPOWER, EQ, 07-Jul-2025,18.95,19.1,22.74,18.95,22.74,22.65,21.67,931561171,201888.69,513488, 206579222, 22.18
JSFB, EQ, 07-Jul-2025,493.95,490.2,495.75,488.15,488.8,491.95,491.31,64646,317.62,5149, 31074, 48.07
JSL, EQ, 07-Jul-2025,679.9,680.05,681.9,671.1,672.85,675.45,674.74,246217,1661.32,13839, 104690, 42.52
JSWENERGY, EQ, 07-Jul-2025,512.0,513.65,524.2,508.0,509.35,509.65,515.47,3411737,17586.63,48399, 1101174, 32.28
JSWINFRA, EQ, 07-Jul-2025,305.7,305.95,307.05,301.0,304.6,305.15,303.95,1268531,3855.76,22993, 590718, 46.57
JSWSTEEL, EQ, 07-Jul-2025,1041.4,1041.0,1045.0,1035.3,1045.0,1042.6,1041.2,871937,9078.61,49307, 492596, 56.49
JTEKTINDIA, EQ, 07-Jul-2025,143.11,142.99,146.99,140.91,142.4,142.13,143.63,205518,295.18,5155, 88842, 43.23
JTLIND, EQ, 07-Jul-2025,77.78,78.02,82.4,78.01,79.5,79.77,80.48,6809720,5480.16,26588, 2599500, 38.17
JUBLCPL, EQ, 07-Jul-2025,1749.6,1749.7,1789.8,1688.0,1714.0,1708.1,1739.14,3200,55.65,1137, 1247, 38.97
JUBLFOOD, EQ, 07-Jul-2025,710.05,713.15,714.7,681.25,683.1,684.1,688.51,3277330,22564.79,104947, 1232757, 37.61
JUBLINGREA, EQ, 07-Jul-2025,788.3,780.0,804.0,778.75,796.95,798.7,794.33,551748,4382.68,24186, 237056, 42.96
JUBLPHARMA, EQ, 07-Jul-2025,1194.0,1199.0,1235.0,1186.3,1199.5,1200.3,1202.4,516262,6207.51,26167, 302124, 58.52
JUNIORBEES, EQ, 07-Jul-2025,735.66,728.3,738.0,710.9,735.9,735.65,735.87,513888,3781.53,20194, 269585, 52.46
JUNIPER, EQ, 07-Jul-2025,294.6,294.3,299.0,293.1,294.05,295.15,296.22,42393,125.58,2246, 20540, 48.45
JUSTDIAL, EQ, 07-Jul-2025,933.25,942.6,944.4,915.1,919.5,917.5,927.2,154082,1428.65,9166, 68355, 44.36
JWL, EQ, 07-Jul-2025,381.1,380.0,386.8,375.5,376.0,376.7,379.8,602486,2288.21,17362, 245652, 40.77
JYOTHYLAB, EQ, 07-Jul-2025,342.0,342.0,364.8,341.0,352.9,352.4,357.7,5043129,18039.2,122767, 813307, 16.13
JYOTICNC, EQ, 07-Jul-2025,1035.9,1043.0,1053.5,1026.7,1031.2,1032.9,1038.82,178689,1856.25,11702, 90125, 50.44
JYOTISTRUC, EQ, 07-Jul-2025,18.51,18.6,18.61,17.82,18.0,17.97,18.09,10455635,1890.95,12595, 5079554, 48.58
KAJARIACER, EQ, 07-Jul-2025,1150.3,1142.1,1173.0,1142.1,1165.5,1167.4,1162.93,284549,3309.11,15416, 157355, 55.30
KAKATCEM, EQ, 07-Jul-2025,163.3,163.0,164.25,162.2,162.2,162.56,162.82,2076,3.38,59, 1690, 81.41
KALAMANDIR, EQ, 07-Jul-2025,162.78,162.78,164.38,157.0,157.57,157.7,159.59,840839,1341.92,17194, 363249, 43.20
KALPATARU, EQ, 07-Jul-2025,415.2,413.0,438.0,412.95,421.9,422.8,425.69,1231053,5240.41,36778, 461318, 37.47
KALYANIFRG, EQ, 07-Jul-2025,754.45,770.0,784.0,732.05,745.0,741.55,748.59,2920,21.86,492, 1475, 50.51
KALYANKJIL, EQ, 07-Jul-2025,585.65,587.4,592.95,570.75,582.7,584.05,584.48,4533164,26495.54,61590, 850421, 18.76
KAMATHOTEL, EQ, 07-Jul-2025,239.45,237.05,240.33,233.2,233.6,234.51,236.23,38076,89.95,1336, 23670, 62.17
KAMDHENU, EQ, 07-Jul-2025,31.05,31.0,31.19,29.95,30.43,30.46,30.33,2575514,781.26,7443, 1277350, 49.60
KANANIIND, EQ, 07-Jul-2025,2.09,2.05,2.16,2.05,2.13,2.13,2.13,285434,6.08,594, 182300, 63.87
KANORICHEM, EQ, 07-Jul-2025,93.9,94.0,94.38,88.66,89.0,89.44,90.41,52451,47.42,1297, 25351, 48.33
KANSAINER, EQ, 07-Jul-2025,250.05,249.3,251.0,248.4,250.0,249.75,249.42,123207,307.3,8017, 77656, 63.03
KAPSTON, EQ, 07-Jul-2025,251.27,252.4,252.4,246.1,246.1,246.82,247.46,4849,12.0,225, 3245, 66.92
KARURVYSYA, EQ, 07-Jul-2025,271.5,271.0,273.0,268.0,269.75,269.6,270.47,2704388,7314.48,23017, 1806863, 66.81
KAUSHALYA, EQ, 07-Jul-2025,891.35,894.05,907.9,886.4,889.0,896.45,894.96,4175,37.36,465, 844, 20.22
KAYNES, EQ, 07-Jul-2025,6156.5,6145.0,6239.0,6119.5,6162.5,6175.0,6190.38,206661,12793.1,23259, 79286, 38.37
KCP, EQ, 07-Jul-2025,203.91,204.4,205.96,202.0,202.02,202.4,203.47,80722,164.25,2573, 43458, 53.84
KCPSUGIND, EQ, 07-Jul-2025,35.77,35.76,36.98,35.45,36.18,36.2,36.27,152225,55.21,1456, 63701, 41.85
KDDL, EQ, 07-Jul-2025,2820.0,2848.2,2854.7,2794.0,2802.2,2803.0,2825.27,8476,239.47,2743, 3317, 39.13
KEC, EQ, 07-Jul-2025,899.0,895.0,900.85,883.15,888.0,887.9,889.69,226116,2011.72,14244, 111903, 49.49
KECL, EQ, 07-Jul-2025,144.94,144.8,146.0,139.99,141.78,141.12,142.23,150307,213.78,2516, 83010, 55.23
KEI, EQ, 07-Jul-2025,3781.8,3781.0,3864.0,3771.1,3815.0,3806.6,3811.2,178862,6816.78,21329, 80259, 44.87
KELLTONTEC, EQ, 07-Jul-2025,134.89,135.56,142.02,134.14,137.48,138.12,138.84,2024249,2810.55,25505, 534209, 26.39
KFINTECH, EQ, 07-Jul-2025,1294.9,1294.0,1294.0,1256.2,1262.4,1262.6,1269.9,896050,11378.98,42142, 396163, 44.21
KHADIM, EQ, 07-Jul-2025,256.35,256.5,257.3,251.7,254.0,252.5,253.47,13582,34.43,844, 8182, 60.24
KHANDSE, EQ, 07-Jul-2025,23.73,23.51,24.3,23.51,24.0,24.0,23.93,1458,0.35,33, 1380, 94.65
KICL, EQ, 07-Jul-2025,5138.0,5164.0,5164.0,5013.0,5020.0,5038.0,5078.24,1661,84.35,711, 975, 58.70
KIMS, EQ, 07-Jul-2025,686.05,686.0,698.0,671.0,695.8,694.95,685.96,941327,6457.11,42240, 559434, 59.43
KINGFA, EQ, 07-Jul-2025,3405.5,3430.0,3663.0,3399.9,3650.0,3637.2,3583.01,53375,1912.43,11243, 17505, 32.80
KIOCL, EQ, 07-Jul-2025,291.25,291.25,293.9,285.8,292.8,291.6,289.26,57191,165.43,2598, 13765, 24.07
KIRIINDUS, EQ, 07-Jul-2025,562.0,563.05,564.95,551.2,551.5,554.2,558.52,187674,1048.2,6822, 75330, 40.14
KIRLOSBROS, EQ, 07-Jul-2025,2333.0,2325.0,2387.8,2280.1,2289.0,2314.1,2335.58,297919,6958.15,15311, 59400, 19.94
KIRLOSENG, EQ, 07-Jul-2025,855.45,845.0,864.25,843.0,846.5,847.9,851.98,108564,924.95,7312, 48843, 44.99
KIRLOSIND, EQ, 07-Jul-2025,4247.9,4248.0,4344.0,4205.0,4216.3,4220.7,4266.4,12513,533.85,3127, 4171, 33.33
KIRLPNU, EQ, 07-Jul-2025,1442.7,1441.9,1456.8,1402.5,1410.0,1411.8,1426.15,74570,1063.48,9368, 27092, 36.33
KITEX, EQ, 07-Jul-2025,280.6,280.8,290.6,278.65,282.8,281.95,284.17,855633,2431.44,11640, 426613, 49.86
KKCL, EQ, 07-Jul-2025,578.65,575.0,586.8,570.0,570.0,571.2,577.63,59272,342.38,4986, 21966, 37.06
KMEW, EQ, 07-Jul-2025,1646.1,1650.0,1657.3,1588.9,1600.0,1593.3,1608.74,12367,198.95,1941, 5421, 43.83
KMSUGAR, EQ, 07-Jul-2025,28.82,28.79,29.57,28.71,28.99,28.93,29.12,212943,62.01,1399, 91913, 43.16
KNRCON, EQ, 07-Jul-2025,223.96,224.18,224.18,220.08,220.58,221.18,221.62,758995,1682.09,18616, 308622, 40.66
KOHINOOR, EQ, 07-Jul-2025,36.56,36.2,36.58,35.91,36.0,36.1,36.22,42220,15.29,859, 21567, 51.08
KOKUYOCMLN, EQ, 07-Jul-2025,128.73,130.0,130.0,126.49,126.85,127.17,127.93,70223,89.84,1745, 32727, 46.60
KOLTEPATIL, EQ, 07-Jul-2025,481.55,480.0,488.9,477.55,480.0,479.25,482.49,158718,765.8,7158, 71027, 44.75
KOPRAN, EQ, 07-Jul-2025,182.0,182.91,184.9,180.3,181.0,180.84,182.14,125365,228.34,2603, 66545, 53.08
KOTAKBANK, EQ, 07-Jul-2025,2129.8,2130.0,2156.8,2121.8,2150.0,2149.8,2141.11,2170585,46474.53,103317, 1590525, 73.28
KOTARISUG, EQ, 07-Jul-2025,37.57,37.23,38.21,37.23,37.43,37.54,37.86,67479,25.55,1969, 38083, 56.44
KOTHARIPET, EQ, 07-Jul-2025,179.66,179.66,185.81,178.25,179.02,180.02,182.39,86244,157.3,3183, 31018, 35.97
KOTHARIPRO, EQ, 07-Jul-2025,85.94,89.89,89.89,86.05,86.5,86.84,87.0,12162,10.58,815, 7895, 64.92
KPEL, EQ, 07-Jul-2025,503.4,500.5,513.85,494.8,497.5,496.5,500.5,167004,835.85,8579, 80479, 48.19
KPIGREEN, EQ, 07-Jul-2025,517.35,520.05,526.05,511.5,512.9,512.95,518.27,594850,3082.91,20205, 242089, 40.70
KPIL, EQ, 07-Jul-2025,1192.9,1185.2,1196.6,1170.1,1178.0,1179.0,1179.57,100197,1181.89,10387, 47958, 47.86
KPITTECH, EQ, 07-Jul-2025,1263.8,1263.8,1271.5,1257.1,1270.5,1268.8,1267.67,720422,9132.57,31962, 407833, 56.61
KPRMILL, EQ, 07-Jul-2025,1189.6,1189.8,1200.0,1143.1,1157.9,1158.3,1163.69,433975,5050.11,31137, 164603, 37.93
KRBL, EQ, 07-Jul-2025,396.8,394.95,402.0,389.0,391.8,391.85,394.34,545672,2151.79,14036, 195224, 35.78
KRISHANA, EQ, 07-Jul-2025,446.9,436.0,444.85,411.95,416.85,417.2,426.49,380127,1621.21,21196, 198426, 52.20
KRITIKA, EQ, 07-Jul-2025,10.01,10.06,10.15,9.95,10.0,9.98,10.01,212526,21.28,832, 152376, 71.70
KRITINUT, EQ, 07-Jul-2025,112.69,114.0,114.4,112.05,113.42,112.41,112.96,8032,9.07,280, 3088, 38.45
KRN, EQ, 07-Jul-2025,816.7,814.75,942.7,806.5,933.0,933.4,913.44,8918528,81465.81,219214, 1285343, 14.41
KRONOX, EQ, 07-Jul-2025,197.97,200.1,207.49,196.56,201.83,202.31,204.47,1091014,2230.82,17398, 294567, 27.00
KROSS, EQ, 07-Jul-2025,194.38,194.38,196.5,191.6,192.05,192.17,193.74,119594,231.71,3795, 53598, 44.82
KRSNAA, EQ, 07-Jul-2025,709.3,712.0,743.5,710.0,740.0,740.55,730.67,259695,1897.51,14053, 137185, 52.83
KSB, EQ, 07-Jul-2025,829.75,820.1,836.15,815.9,819.95,819.65,825.32,37099,306.19,4346, 15748, 42.45
KSCL, EQ, 07-Jul-2025,1171.5,1169.9,1188.3,1161.1,1167.0,1167.3,1170.0,80182,938.13,7717, 32125, 40.07
KSHITIJPOL, EQ, 07-Jul-2025,3.33,3.38,3.4,3.3,3.33,3.33,3.34,150505,5.03,394, 113353, 75.32
KSL, EQ, 07-Jul-2025,959.55,959.55,962.55,938.2,938.2,944.0,949.68,35760,339.6,4061, 16469, 46.05
KSOLVES, EQ, 07-Jul-2025,347.55,345.0,360.0,345.0,356.0,356.95,352.27,102875,362.4,3972, 52944, 51.46
KTKBANK, EQ, 07-Jul-2025,193.7,194.9,195.19,192.0,192.99,192.86,193.29,1207115,2333.28,23211, 621146, 51.46
KUANTUM, EQ, 07-Jul-2025,125.69,127.25,128.45,124.5,126.83,126.56,126.38,152332,192.51,4203, 80298, 52.71
LAGNAM, EQ, 07-Jul-2025,103.25,105.01,105.01,100.51,101.95,101.16,102.33,19093,19.54,524, 15512, 81.24
LALPATHLAB, EQ, 07-Jul-2025,2849.0,2855.0,2873.9,2815.0,2850.0,2854.7,2847.71,126199,3593.78,26005, 76976, 61.00
LAMBODHARA, EQ, 07-Jul-2025,137.8,137.0,138.77,135.5,135.5,136.54,136.88,7776,10.64,558, 3314, 42.62
LANCORHOL, EQ, 07-Jul-2025,22.64,22.2,23.39,22.01,22.5,22.5,22.65,137403,31.12,1954, 92019, 66.97
LANDMARK, EQ, 07-Jul-2025,526.15,521.4,525.95,516.7,521.6,519.05,519.19,16873,87.6,1627, 9035, 53.55
LAOPALA, EQ, 07-Jul-2025,260.3,258.0,261.4,253.1,255.4,257.45,257.18,49308,126.81,5578, 20365, 41.30
LATENTVIEW, EQ, 07-Jul-2025,444.45,445.0,449.75,438.5,444.0,443.45,443.26,380081,1684.74,13980, 147565, 38.82
LATTEYS, EQ, 07-Jul-2025,24.93,25.0,25.0,24.02,24.48,24.17,24.48,60221,14.74,456, 37847, 62.85
LAURUSLABS, EQ, 07-Jul-2025,776.0,777.7,779.45,763.55,776.0,776.25,771.96,1174377,9065.68,30476, 351171, 29.90
LAXMICOT, EQ, 07-Jul-2025,28.28,28.13,30.0,28.0,29.8,29.72,29.3,87275,25.58,729, 63493, 72.75
LAXMIDENTL, EQ, 07-Jul-2025,436.3,435.95,435.95,418.3,421.8,420.95,424.9,45699,194.18,2943, 21780, 47.66
LEMONTREE, EQ, 07-Jul-2025,138.52,139.39,140.39,137.87,138.58,138.43,138.94,1012412,1406.67,16058, 449723, 44.42
LEXUS, EQ, 07-Jul-2025,33.95,33.32,34.18,32.6,32.71,32.77,33.64,17296,5.82,309, 8547, 49.42
LFIC, EQ, 07-Jul-2025,213.99,221.9,221.9,212.82,213.3,213.25,213.65,1151,2.46,48, 481, 41.79
LGBBROSLTD, EQ, 07-Jul-2025,1310.0,1318.0,1318.0,1292.0,1292.0,1297.1,1297.02,8458,109.7,1186, 5132, 60.68
LGHL, EQ, 07-Jul-2025,754.95,754.95,830.4,753.35,819.7,821.6,798.06,74823,597.13,2737, 19951, 26.66
LIBAS, EQ, 07-Jul-2025,13.58,13.58,14.0,13.56,13.81,13.91,13.82,19819,2.74,233, 11417, 57.61
LICHSGFIN, EQ, 07-Jul-2025,610.8,610.0,612.0,606.05,607.0,607.8,608.39,591073,3596.06,17605, 293409, 49.64
LICI, EQ, 07-Jul-2025,940.7,940.7,947.0,938.05,944.45,943.7,943.49,464630,4383.72,20445, 240197, 51.70
LICMFGOLD, EQ, 07-Jul-2025,8819.45,8847.65,9031.45,8756.6,8816.4,8926.75,8818.63,5900,520.3,509, 4877, 82.66
LICNETFGSC, EQ, 07-Jul-2025,28.41,28.3,28.53,28.3,28.43,28.42,28.43,39375,11.19,213, 37676, 95.69
LICNETFN50, EQ, 07-Jul-2025,281.54,280.14,289.99,280.14,281.45,281.46,281.89,3439,9.69,60, 3385, 98.43
LICNETFSEN, EQ, 07-Jul-2025,928.49,928.49,934.15,928.34,934.15,934.15,929.07,9,0.08,3, 9, 100.00
LICNFNHGP, EQ, 07-Jul-2025,282.54,282.54,283.79,281.95,283.5,283.47,282.2,964,2.72,30, 889, 92.22
LICNMID100, EQ, 07-Jul-2025,59.95,60.46,60.46,59.43,59.79,59.69,59.92,26783,16.05,171, 24366, 90.98
LIKHITHA, EQ, 07-Jul-2025,288.1,287.4,294.95,285.5,288.9,287.25,289.48,61626,178.4,2452, 24010, 38.96
LINCOLN, EQ, 07-Jul-2025,562.1,563.5,581.6,560.2,567.0,568.9,569.54,122073,695.25,5282, 42785, 35.05
LINDEINDIA, EQ, 07-Jul-2025,6619.5,6616.0,6748.0,6611.0,6683.0,6679.5,6681.32,23102,1543.52,6028, 12004, 51.96
LIQUID, EQ, 07-Jul-2025,999.99,999.0,1000.0,999.0,1000.0,999.99,999.99,384600,3845.96,962, 349262, 90.81
LIQUID1, EQ, 07-Jul-2025,1057.97,1058.1,1058.12,1058.1,1058.1,1058.11,1058.11,266898,2824.08,351, 151233, 56.66
LIQUIDADD, EQ, 07-Jul-2025,1080.15,1080.29,1080.31,1080.29,1080.31,1080.3,1080.29,1338328,14457.87,617, 1086651, 81.19
LIQUIDBEES, EQ, 07-Jul-2025,1000.0,1000.0,1000.0,999.22,1000.0,999.99,999.99,9610167,96100.81,21520, 9503469, 98.89
LIQUIDBETF, EQ, 07-Jul-2025,1037.81,1037.88,1037.91,1037.88,1037.89,1037.89,1037.89,135943,1410.94,248, 88425, 65.05
LIQUIDCASE, EQ, 07-Jul-2025,109.35,109.04,109.9,108.26,109.37,109.37,109.36,10937533,11961.76,18288, 9893324, 90.45
LIQUIDETF, EQ, 07-Jul-2025,1000.0,1000.0,1000.01,999.99,999.99,999.99,1000.0,500306,5003.04,1409, 493351, 98.61
LIQUIDIETF, EQ, 07-Jul-2025,999.99,999.99,1000.01,999.99,1000.0,1000.0,1000.0,715018,7150.18,1265, 558227, 78.07
LIQUIDPLUS, EQ, 07-Jul-2025,1039.98,1039.98,1040.12,1039.98,1040.1,1040.1,1040.1,37697,392.09,158, 36573, 97.02
LIQUIDSBI, EQ, 07-Jul-2025,1000.0,999.99,1000.01,999.99,1000.01,1000.0,999.99,6250,62.5,42, 5645, 90.32
LIQUIDSHRI, EQ, 07-Jul-2025,1060.29,1060.43,1060.45,1060.43,1060.43,1060.44,1060.44,22102,234.38,93, 13476, 60.97
LLOYDSENGG, EQ, 07-Jul-2025,80.44,80.6,81.84,77.5,78.22,78.26,79.14,14393847,11391.66,45807, 3930279, 27.31
LLOYDSENT, EQ, 07-Jul-2025,90.94,91.41,93.6,89.02,89.48,89.61,90.75,3619680,3285.03,23535, 1679355, 46.40
LLOYDSME, EQ, 07-Jul-2025,1553.7,1553.0,1562.2,1522.3,1525.6,1528.7,1538.69,212031,3262.49,15404, 101318, 47.78
LMW, EQ, 07-Jul-2025,16666.0,16699.0,16758.0,16494.0,16494.0,16579.0,16669.47,2123,353.89,732, 1181, 55.63
LODHA, EQ, 07-Jul-2025,1368.1,1366.0,1384.4,1359.0,1376.0,1377.3,1375.46,442561,6087.26,24436, 213396, 48.22
LOKESHMACH, EQ, 07-Jul-2025,211.47,232.5,232.61,232.5,232.61,232.61,232.58,21585,50.2,149, 21582, 99.99
LORDSCHLO, EQ, 07-Jul-2025,164.09,166.0,169.47,159.98,160.0,161.92,165.53,18512,30.64,1223, 10184, 55.01
LOTUSEYE, EQ, 07-Jul-2025,71.87,72.5,79.5,71.76,75.4,75.35,77.15,341846,263.75,5734, 162694, 47.59
LOVABLE, EQ, 07-Jul-2025,99.77,99.05,103.14,98.51,100.27,100.39,101.31,27930,28.3,844, 13442, 48.13
LOWVOL, EQ, 07-Jul-2025,206.41,207.09,207.3,206.8,207.3,207.24,207.13,545,1.13,22, 545, 100.00
LOWVOL1, EQ, 07-Jul-2025,21.03,20.8,21.49,20.8,21.0,21.07,21.07,39633,8.35,279, 36312, 91.62
LOWVOLIETF, EQ, 07-Jul-2025,22.19,22.52,22.52,21.0,22.27,22.26,22.22,1150338,255.6,2283, 838219, 72.87
LOYALTEX, EQ, 07-Jul-2025,293.2,285.05,294.8,282.0,287.7,285.05,286.44,1062,3.04,143, 540, 50.85
LPDC, EQ, 07-Jul-2025,8.69,8.55,8.85,8.55,8.58,8.63,8.66,43376,3.76,227, 25676, 59.19
LT, EQ, 07-Jul-2025,3594.6,3599.9,3609.8,3575.1,3580.0,3581.4,3587.72,719539,25815.07,70912, 455711, 63.33
LTF, EQ, 07-Jul-2025,205.63,205.99,211.2,205.11,207.85,207.77,208.53,12364754,25784.68,65020, 5071203, 41.01
LTFOODS, EQ, 07-Jul-2025,487.35,489.0,491.55,478.0,484.0,485.3,483.75,876617,4240.6,32495, 320730, 36.59
LTGILTBEES, EQ, 07-Jul-2025,28.96,28.85,28.96,28.85,28.94,28.92,28.91,3156464,912.48,1645, 2413477, 76.46
LTIM, EQ, 07-Jul-2025,5316.0,5317.0,5375.0,5305.5,5354.0,5350.0,5345.1,218259,11666.16,34503, 109972, 50.39
LTTS, EQ, 07-Jul-2025,4383.6,4409.0,4409.0,4355.0,4385.6,4378.0,4376.79,34023,1489.12,9390, 14978, 44.02
LUMAXIND, EQ, 07-Jul-2025,3670.4,3672.0,3915.0,3611.0,3638.0,3645.8,3745.29,33289,1246.77,9814, 10040, 30.16
LUMAXTECH, EQ, 07-Jul-2025,1152.0,1153.5,1153.5,1105.1,1113.0,1113.0,1121.14,68948,773.01,6199, 32996, 47.86
LUPIN, EQ, 07-Jul-2025,1980.9,1985.0,1990.8,1965.0,1975.4,1978.6,1977.45,475907,9410.85,33144, 225399, 47.36
LUXIND, EQ, 07-Jul-2025,1448.6,1459.9,1492.0,1452.1,1452.3,1461.4,1472.93,43869,646.16,6585, 15636, 35.64
LXCHEM, EQ, 07-Jul-2025,197.07,197.0,199.25,195.1,195.88,195.74,196.71,292044,574.48,7941, 117604, 40.27
LYKALABS, EQ, 07-Jul-2025,113.83,113.14,115.09,111.3,112.2,111.89,112.7,30192,34.03,798, 18032, 59.72
M&M, EQ, 07-Jul-2025,3162.5,3162.5,3173.0,3152.1,3158.0,3160.2,3163.69,853459,27000.78,68501, 558959, 65.49
M&MFIN, EQ, 07-Jul-2025,266.45,267.0,269.2,264.85,268.0,268.1,267.93,1732871,4642.85,22025, 1039028, 59.96
MADHAV, EQ, 07-Jul-2025,46.0,46.67,46.84,45.39,46.0,45.94,46.27,6322,2.93,212, 3260, 51.57
MADRASFERT, EQ, 07-Jul-2025,91.25,91.85,92.44,90.47,90.92,91.06,91.28,107542,98.16,1545, 35851, 33.34
MAFANG, EQ, 07-Jul-2025,150.18,152.28,152.28,150.18,152.28,152.28,152.19,246622,375.32,5903, 197880, 80.24
MAGADSUGAR, EQ, 07-Jul-2025,645.85,657.0,676.0,647.0,651.65,650.1,662.39,42231,279.74,2589, 21540, 51.01
MAGNUM, EQ, 07-Jul-2025,25.57,25.57,26.89,25.25,25.82,25.89,25.88,103619,26.82,1352, 66169, 63.86
MAHABANK, EQ, 07-Jul-2025,57.49,57.74,57.85,57.14,57.26,57.39,57.45,9308350,5347.46,28662, 3582567, 38.49
MAHAPEXLTD, EQ, 07-Jul-2025,112.02,113.0,114.89,108.0,108.0,108.82,110.07,13977,15.38,657, 10858, 77.68
MAHEPC, EQ, 07-Jul-2025,145.05,145.0,145.4,142.13,142.5,142.38,143.14,25383,36.33,598, 15659, 61.69
MAHESHWARI, EQ, 07-Jul-2025,60.56,59.08,60.73,57.61,58.3,58.43,59.26,30744,18.22,456, 16656, 54.18
MAHKTECH, EQ, 07-Jul-2025,21.97,21.42,22.15,21.42,21.89,21.87,21.91,783333,171.62,5490, 582701, 74.39
MAHLIFE, EQ, 07-Jul-2025,361.55,364.2,368.3,358.3,362.9,361.0,364.3,275432,1003.41,8654, 83067, 30.16
MAHLOG, EQ, 07-Jul-2025,353.2,354.7,363.4,349.25,355.1,355.4,357.67,199269,712.73,9733, 111877, 56.14
MAHSCOOTER, EQ, 07-Jul-2025,14845.0,14925.0,15020.0,14580.0,14645.0,14623.0,14717.26,8104,1192.69,4477, 3779, 46.63
MAHSEAMLES, EQ, 07-Jul-2025,748.85,750.85,752.75,737.0,738.0,741.2,742.84,128385,953.7,7840, 61242, 47.70
MAITHANALL, EQ, 07-Jul-2025,1214.6,1214.7,1245.0,1180.6,1192.0,1196.2,1214.99,69913,849.43,6967, 30774, 44.02
MAKEINDIA, EQ, 07-Jul-2025,147.96,147.0,148.95,120.0,147.99,147.82,147.73,37348,55.18,424, 35582, 95.27
MALLCOM, EQ, 07-Jul-2025,1250.8,1269.6,1289.5,1249.2,1283.5,1266.5,1268.71,7515,95.34,1190, 3912, 52.06
MALUPAPER, EQ, 07-Jul-2025,43.13,42.67,46.3,42.3,43.45,43.54,44.4,204868,90.96,1824, 82741, 40.39
MAMATA, EQ, 07-Jul-2025,411.0,418.0,428.3,412.6,420.4,419.8,421.65,335930,1416.43,10976, 113696, 33.85
MANAKALUCO, EQ, 07-Jul-2025,27.51,27.75,27.75,26.4,26.89,26.48,26.95,40290,10.86,567, 25595, 63.53
MANAKCOAT, EQ, 07-Jul-2025,139.12,144.0,144.0,138.05,139.38,139.72,140.25,154952,217.32,2536, 85615, 55.25
MANAKSIA, EQ, 07-Jul-2025,73.52,73.52,74.27,72.91,73.0,73.08,73.53,19819,14.57,572, 12551, 63.33
MANAKSTEEL, EQ, 07-Jul-2025,62.82,61.55,63.59,61.0,61.2,61.22,61.81,30870,19.08,1265, 19732, 63.92
MANALIPETC, EQ, 07-Jul-2025,72.77,73.1,73.64,68.6,68.84,69.01,70.46,929520,654.94,8251, 478042, 51.43
MANAPPURAM, EQ, 07-Jul-2025,276.65,275.55,277.25,270.0,271.5,271.05,273.16,5715415,15612.3,31858, 3749497, 65.60
MANBA, EQ, 07-Jul-2025,142.63,144.89,145.74,141.36,142.18,142.97,143.35,37445,53.68,1179, 11598, 30.97
MANCREDIT, EQ, 07-Jul-2025,189.07,188.75,197.8,188.53,193.0,194.93,192.54,27264,52.5,1279, 4740, 17.39
MANGALAM, EQ, 07-Jul-2025,84.84,85.61,89.8,85.6,87.5,87.75,87.75,106486,93.45,2385, 41626, 39.09
MANGCHEFER, EQ, 07-Jul-2025,272.4,272.4,274.6,262.8,263.5,264.3,269.51,468272,1262.03,10450, 311731, 66.57
MANGLMCEM, EQ, 07-Jul-2025,748.35,748.35,751.8,742.05,745.15,746.95,747.18,25829,192.99,1691, 16597, 64.26
MANINDS, EQ, 07-Jul-2025,432.4,435.8,435.8,417.75,424.0,424.25,424.82,354126,1504.41,10348, 165556, 46.75
MANINFRA, EQ, 07-Jul-2025,188.48,187.5,190.53,185.0,188.5,189.45,188.38,736610,1387.64,10450, 229019, 31.09
MANKIND, EQ, 07-Jul-2025,2439.5,2442.5,2465.6,2407.9,2419.1,2410.4,2428.28,426934,10367.15,36610, 263874, 61.81
MANOMAY, EQ, 07-Jul-2025,165.34,168.96,168.96,162.0,162.0,163.6,164.78,9851,16.23,1055, 4193, 42.56
MANORAMA, EQ, 07-Jul-2025,1473.9,1481.0,1487.9,1455.3,1464.9,1474.2,1466.34,61481,901.52,7571, 32915, 53.54
MANYAVAR, EQ, 07-Jul-2025,827.5,828.55,829.15,812.05,814.0,814.3,818.26,329347,2694.91,13777, 233839, 71.00
MAPMYINDIA, EQ, 07-Jul-2025,1735.4,1741.9,1784.8,1729.0,1775.3,1777.6,1764.18,104896,1850.55,9236, 53257, 50.77
MARALOVER, EQ, 07-Jul-2025,75.89,76.7,76.7,72.61,73.61,74.21,74.67,12734,9.51,717, 6245, 49.04
MARATHON, EQ, 07-Jul-2025,668.05,666.35,697.9,660.55,692.0,693.8,676.08,1446491,9779.41,21121, 968691, 66.97
MARICO, EQ, 07-Jul-2025,728.6,728.95,739.0,727.3,730.5,729.35,732.06,2641977,19340.96,61899, 1381012, 52.27
MARKSANS, EQ, 07-Jul-2025,263.05,263.3,266.6,256.4,256.9,257.4,260.81,896682,2338.67,18104, 371922, 41.48
MARUTI, EQ, 07-Jul-2025,12646.0,12647.0,12670.0,12471.0,12507.0,12520.0,12520.87,220116,27560.43,48336, 116494, 52.92
MASFIN, EQ, 07-Jul-2025,310.25,311.9,312.0,306.15,310.0,309.15,308.08,83796,258.16,3202, 54340, 64.85
MASPTOP50, EQ, 07-Jul-2025,56.15,57.55,58.0,56.15,57.81,57.85,57.24,493217,282.32,4810, 386632, 78.39
MASTEK, EQ, 07-Jul-2025,2548.6,2548.5,2595.0,2514.2,2567.0,2571.2,2564.51,168509,4321.42,26411, 51751, 30.71
MASTERTR, EQ, 07-Jul-2025,141.43,142.85,142.99,138.0,138.69,138.52,139.43,121178,168.96,3807, 67835, 55.98
MATRIMONY, EQ, 07-Jul-2025,525.55,525.0,529.8,520.4,522.1,525.35,526.01,4903,25.79,516, 2543, 51.87
MAWANASUG, EQ, 07-Jul-2025,100.45,100.5,104.68,100.12,100.91,101.04,102.26,142702,145.92,2514, 53909, 37.78
MAXESTATES, EQ, 07-Jul-2025,491.5,494.9,500.0,488.0,491.4,495.6,495.74,60722,301.02,3064, 28655, 47.19
MAXHEALTH, EQ, 07-Jul-2025,1298.2,1303.1,1305.0,1289.4,1296.1,1299.6,1299.67,639489,8311.22,37816, 420029, 65.68
MAXIND, EQ, 07-Jul-2025,191.34,193.54,194.39,188.05,188.11,189.46,190.12,22122,42.06,1090, 11190, 50.58
MAYURUNIQ, EQ, 07-Jul-2025,571.95,571.95,579.0,566.0,567.4,574.05,572.42,41164,235.63,3766, 25457, 61.84
MAZDA, EQ, 07-Jul-2025,290.54,300.2,337.77,296.1,315.5,317.27,323.7,2368824,7667.94,54739, 374012, 15.79
MAZDOCK, EQ, 07-Jul-2025,3329.0,3320.0,3325.9,3261.1,3269.0,3276.8,3289.36,1055525,34720.01,55218, 233781, 22.15
MBAPL, EQ, 07-Jul-2025,422.65,422.65,439.95,415.6,419.8,417.1,424.54,105167,446.47,7116, 43527, 41.39
MBLINFRA, EQ, 07-Jul-2025,41.81,42.5,42.5,41.32,42.49,42.17,41.73,315633,131.71,1453, 42754, 13.55
MCL, EQ, 07-Jul-2025,54.76,54.76,55.46,53.0,54.3,53.86,54.0,24909,13.45,655, 12795, 51.37
MCLEODRUSS, EQ, 07-Jul-2025,35.0,35.99,36.9,34.6,35.8,35.86,35.68,1022741,364.89,3865, 526585, 51.49
MCLOUD, EQ, 07-Jul-2025,74.12,73.76,77.7,73.3,76.3,76.58,75.29,1663058,1252.14,18567, 435848, 26.21
MCX, EQ, 07-Jul-2025,8884.5,8888.0,8920.0,8725.0,8758.0,8746.5,8796.79,531817,46782.8,70477, 259955, 48.88
MEDANTA, EQ, 07-Jul-2025,1183.8,1175.0,1210.0,1172.4,1200.0,1202.8,1194.87,254646,3042.68,27076, 153854, 60.42
MEDIASSIST, EQ, 07-Jul-2025,526.65,531.9,531.9,517.7,523.9,522.75,522.51,48948,255.76,6316, 22868, 46.72
MEDICAMEQ, EQ, 07-Jul-2025,402.1,406.0,406.1,397.35,400.95,400.9,400.93,34695,139.1,1353, 24024, 69.24
MEDICO, EQ, 07-Jul-2025,42.26,42.25,42.25,41.5,41.7,41.74,41.85,135687,56.78,1288, 86551, 63.79
MEDPLUS, EQ, 07-Jul-2025,869.3,869.3,879.3,852.1,857.4,860.55,861.36,156287,1346.2,15183, 84933, 54.34
MEGASTAR, EQ, 07-Jul-2025,269.3,264.3,278.95,263.0,277.9,276.95,273.53,11328,30.99,876, 7625, 67.31
MENONBE, EQ, 07-Jul-2025,122.9,122.91,125.8,121.9,123.9,124.13,124.37,15783,19.63,760, 7669, 48.59
METAL, EQ, 07-Jul-2025,9.6,9.64,9.84,9.52,9.56,9.55,9.56,719558,68.79,1514, 593040, 82.42
METALIETF, EQ, 07-Jul-2025,9.6,9.5,9.68,9.36,9.55,9.53,9.55,2144350,204.77,3092, 1097104, 51.16
METROBRAND, EQ, 07-Jul-2025,1141.8,1140.1,1184.8,1132.1,1174.0,1174.2,1171.46,90602,1061.36,14733, 38774, 42.80
METROPOLIS, EQ, 07-Jul-2025,1773.3,1794.0,1875.0,1785.6,1867.0,1859.4,1842.74,500698,9226.57,41290, 82006, 16.38
MFSL, EQ, 07-Jul-2025,1589.9,1585.0,1597.9,1564.8,1570.0,1568.5,1577.17,349489,5512.03,25464, 225772, 64.60
MGEL, EQ, 07-Jul-2025,15.13,15.3,15.69,14.92,15.52,15.49,15.35,1343605,206.25,1880, 474626, 35.32
MGL, EQ, 07-Jul-2025,1542.4,1550.0,1554.5,1515.2,1530.3,1542.7,1539.6,630177,9702.2,36401, 247856, 39.33
MHLXMIRU, EQ, 07-Jul-2025,227.48,230.0,230.0,223.49,224.82,224.89,225.67,10736,24.23,725, 3643, 33.93
MHRIL, EQ, 07-Jul-2025,343.35,345.0,347.4,342.05,346.0,346.4,344.97,40429,139.47,3059, 22303, 55.17
MICEL, EQ, 07-Jul-2025,53.62,53.2,53.31,51.66,52.2,52.24,52.14,1363169,710.7,9138, 574657, 42.16
MID150, EQ, 07-Jul-2025,22.2,22.31,22.31,21.85,22.1,22.15,22.06,32484,7.17,176, 21052, 64.81
MID150BEES, EQ, 07-Jul-2025,225.5,222.3,226.99,222.3,225.55,225.72,225.87,836523,1889.47,8757, 535366, 64.00
MID150CASE, EQ, 07-Jul-2025,10.92,10.99,11.25,10.87,10.92,10.91,10.94,918594,100.48,6746, 617340, 67.20
MIDCAP, EQ, 07-Jul-2025,171.26,172.99,172.99,170.41,171.31,171.25,171.27,37784,64.71,565, 20260, 53.62
MIDCAPETF, EQ, 07-Jul-2025,22.32,22.99,22.99,22.2,22.24,22.26,22.3,1767671,394.19,5865, 1484309, 83.97
MIDCAPIETF, EQ, 07-Jul-2025,22.61,22.72,22.73,22.5,22.56,22.54,22.59,638288,144.19,3206, 502717, 78.76
MIDHANI, EQ, 07-Jul-2025,434.1,434.1,435.3,421.6,422.0,424.7,428.66,451053,1933.47,13396, 208965, 46.33
MIDQ50ADD, EQ, 07-Jul-2025,256.57,257.99,257.99,255.2,255.36,255.85,256.55,3503,8.99,160, 1651, 47.13
MIDSELIETF, EQ, 07-Jul-2025,17.96,17.51,18.12,17.51,17.88,17.94,17.95,363133,65.18,1097, 269959, 74.34
MIDSMALL, EQ, 07-Jul-2025,51.07,51.32,51.46,50.73,50.9,50.97,50.95,330870,168.58,1048, 201385, 60.87
MINDACORP, EQ, 07-Jul-2025,520.65,517.0,528.6,511.1,522.7,524.4,519.8,805756,4188.32,22786, 557700, 69.21
MIRCELECTR, EQ, 07-Jul-2025,13.85,13.83,15.2,13.69,14.25,14.25,14.44,900648,130.09,4935, 365242, 40.55
MIRZAINT, EQ, 07-Jul-2025,32.66,32.8,33.79,32.5,32.97,32.9,33.02,277659,91.68,1889, 116537, 41.97
MITCON, EQ, 07-Jul-2025,82.99,81.21,92.8,81.21,86.69,86.75,89.03,179337,159.66,2675, 46044, 25.67
MITTAL, EQ, 07-Jul-2025,1.73,1.73,1.83,1.71,1.74,1.74,1.77,2034149,35.97,1334, 1008300, 49.57
MMFL, EQ, 07-Jul-2025,376.75,378.5,378.5,359.1,364.6,365.55,365.42,80044,292.5,4065, 43881, 54.82
MMP, EQ, 07-Jul-2025,300.4,302.95,303.7,288.0,288.0,289.25,293.43,37059,108.74,1437, 17163, 46.31
MMTC, EQ, 07-Jul-2025,70.03,70.0,70.94,68.9,69.5,69.66,69.83,631092,440.67,6543, 279161, 44.23
MNC, EQ, 07-Jul-2025,29.54,29.8,29.8,29.54,29.55,29.58,29.59,108771,32.18,666, 102482, 94.22
MOBIKWIK, EQ, 07-Jul-2025,248.46,249.0,249.0,241.3,241.97,242.45,244.22,1534248,3747.01,19398, 434343, 28.31
MOCAPITAL, EQ, 07-Jul-2025,46.6,47.76,47.76,46.09,46.48,46.4,46.53,443287,206.25,2260, 262798, 59.28
MODEFENCE, EQ, 07-Jul-2025,97.91,99.9,99.9,96.71,97.2,97.15,97.22,1539077,1496.25,8849, 789016, 51.27
MODISONLTD, EQ, 07-Jul-2025,170.58,168.85,171.54,165.26,166.25,166.21,167.27,30229,50.56,1051, 13838, 45.78
MODTHREAD, EQ, 07-Jul-2025,44.53,45.99,45.99,44.0,45.7,45.71,44.75,161,0.07,26, 144, 89.44
MOGSEC, EQ, 07-Jul-2025,62.93,62.9,62.9,61.64,62.36,62.33,62.33,13625,8.49,185, 12267, 90.03
MOHEALTH, EQ, 07-Jul-2025,45.24,46.37,46.37,44.1,45.36,45.37,45.36,85543,38.8,935, 49324, 57.66
MOHITIND, EQ, 07-Jul-2025,28.81,28.81,31.69,28.81,31.69,31.69,31.27,149136,46.63,661, 85400, 57.26
MOIL, EQ, 07-Jul-2025,387.85,387.45,387.7,378.0,379.7,379.05,382.03,409266,1563.51,12123, 178248, 43.55
MOINFRA, EQ, 07-Jul-2025,60.62,60.62,60.83,60.29,60.83,60.54,60.66,1985,1.2,38, 1956, 98.54
MOKSH, EQ, 07-Jul-2025,14.84,14.84,15.12,14.79,14.99,14.91,14.94,329213,49.18,915, 202421, 61.49
MOL, EQ, 07-Jul-2025,101.28,101.34,102.4,100.53,100.85,100.84,101.12,688742,696.47,7812, 290200, 42.13
MOLDTECH, EQ, 07-Jul-2025,163.23,163.5,169.5,162.02,164.54,164.69,166.02,109269,181.41,2870, 49400, 45.21
MOLDTKPAC, EQ, 07-Jul-2025,704.45,705.05,722.9,698.35,704.35,704.75,706.31,54329,383.73,7348, 27993, 51.52
MOLOWVOL, EQ, 07-Jul-2025,38.35,38.67,38.67,38.39,38.65,38.57,38.58,13432,5.18,88, 13380, 99.61
MOM100, EQ, 07-Jul-2025,64.12,62.51,64.32,62.51,63.95,63.92,64.0,250575,160.38,3768, 145224, 57.96
MOM30IETF, EQ, 07-Jul-2025,32.02,32.16,32.16,31.9,32.0,31.97,31.98,688155,220.07,3069, 520786, 75.68
MOM50, EQ, 07-Jul-2025,262.98,270.87,270.87,261.29,263.78,262.83,263.5,3079,8.11,195, 2048, 66.52
MOMENTUM, EQ, 07-Jul-2025,31.87,31.3,32.24,31.2,31.71,31.79,31.8,88284,28.07,554, 76975, 87.19
MOMENTUM50, EQ, 07-Jul-2025,54.05,54.49,54.5,53.68,53.89,53.8,53.9,589703,317.83,3054, 493380, 83.67
MOMGF, EQ, 07-Jul-2025,145.51,148.42,148.42,145.61,145.61,145.61,146.0,220,0.32,12, 220, 100.00
MOMIDMTM, EQ, 07-Jul-2025,64.51,65.77,65.77,64.21,64.25,64.27,64.41,26959,17.36,201, 26647, 98.84
MOMOMENTUM, EQ, 07-Jul-2025,63.83,65.74,65.74,63.5,63.75,63.69,63.7,91606,58.35,970, 77896, 85.03
MON100, EQ, 07-Jul-2025,191.59,193.44,193.44,191.41,192.09,191.93,191.97,555999,1067.36,13166, 405190, 72.88
MON50EQUAL, EQ, 07-Jul-2025,32.11,32.11,32.11,32.04,32.04,32.04,32.08,176,0.06,13, 176, 100.00
MONARCH, EQ, 07-Jul-2025,380.5,381.5,387.0,372.0,374.0,376.0,377.16,677692,2555.97,13607, 263359, 38.86
MONEXT50, EQ, 07-Jul-2025,67.95,69.31,69.31,67.8,68.05,68.05,68.19,824,0.56,27, 723, 87.74
MONIFTY500, EQ, 07-Jul-2025,23.75,24.34,24.34,23.4,23.76,23.79,23.77,310167,73.72,1118, 259901, 83.79
MONQ50, EQ, 07-Jul-2025,76.65,77.61,79.0,75.45,76.5,76.44,76.41,133945,102.34,1950, 94358, 70.45
MONTECARLO, EQ, 07-Jul-2025,607.0,610.3,611.25,602.55,602.6,605.1,605.82,12589,76.27,1378, 6241, 49.58
MOPSE, EQ, 07-Jul-2025,100.87,100.4,100.8,100.4,100.8,100.8,100.47,6,0.01,2, 5, 83.33
MOQUALITY, EQ, 07-Jul-2025,198.32,198.32,198.88,197.26,197.52,198.26,198.12,1735,3.44,45, 1341, 77.29
MOREALTY, EQ, 07-Jul-2025,97.25,99.78,100.17,96.84,96.95,97.21,97.27,322307,313.5,1741, 243778, 75.64
MOREPENLAB, EQ, 07-Jul-2025,65.36,65.56,66.4,63.63,63.7,63.81,64.78,3655171,2368.0,19848, 1521535, 41.63
MOSCHIP, EQ, 07-Jul-2025,177.19,177.6,177.6,173.73,174.2,174.51,175.03,368306,644.66,9861, 175148, 47.56
MOSMALL250, EQ, 07-Jul-2025,17.81,18.25,18.25,17.6,17.79,17.75,17.76,1260060,223.8,3627, 715825, 56.81
MOTHERSON, EQ, 07-Jul-2025,153.9,153.5,155.98,153.07,155.0,155.24,154.93,8806537,13643.54,42605, 5120923, 58.15
MOTILALOFS, EQ, 07-Jul-2025,918.05,915.0,949.0,904.8,931.0,930.1,934.45,2571984,24033.99,67403, 680645, 26.46
MOTISONS, EQ, 07-Jul-2025,21.26,21.4,22.64,21.3,22.23,22.18,22.18,14270725,3164.8,32597, 4752771, 33.30
MOTOGENFIN, EQ, 07-Jul-2025,26.82,27.4,27.8,26.51,27.39,27.35,27.31,6471,1.77,100, 5062, 78.23
MOTOUR, EQ, 07-Jul-2025,92.75,93.0,93.0,91.89,92.21,92.2,92.23,996,0.92,36, 978, 98.19
MOVALUE, EQ, 07-Jul-2025,106.27,106.8,106.8,105.74,106.33,106.28,106.31,102996,109.5,990, 89218, 86.62
MPHASIS, EQ, 07-Jul-2025,2924.2,2950.0,2950.4,2865.1,2875.7,2874.6,2890.29,341950,9883.36,26742, 183235, 53.59
MPSLTD, EQ, 07-Jul-2025,2727.6,2727.6,2754.9,2670.1,2678.0,2682.2,2698.01,6922,186.76,2062, 3285, 47.46
MRF, EQ, 07-Jul-2025,143965.0,144660.0,144660.0,142200.0,143000.0,143135.0,142982.77,3844,5496.26,2627, 1447, 37.64
MRPL, EQ, 07-Jul-2025,150.87,151.62,153.51,145.06,145.72,145.61,148.74,4197162,6242.97,31233, 1449702, 34.54
MSCIINDIA, EQ, 07-Jul-2025,30.32,30.32,30.37,30.06,30.32,30.28,30.31,20581,6.24,107, 20051, 97.42
MSPL, EQ, 07-Jul-2025,27.15,26.64,28.2,26.64,27.6,27.48,27.55,325471,89.68,1829, 175194, 53.83
MSTCLTD, EQ, 07-Jul-2025,550.4,548.9,550.6,538.7,540.0,541.85,543.21,119387,648.52,5693, 52812, 44.24
MSUMI, EQ, 07-Jul-2025,60.32,60.32,62.5,59.83,62.29,62.06,60.82,11909071,7243.09,46105, 9244289, 77.62
MTARTECH, EQ, 07-Jul-2025,1577.3,1582.0,1589.4,1560.0,1561.2,1564.0,1569.23,61150,959.59,8790, 30339, 49.61
MTNL, EQ, 07-Jul-2025,50.23,50.23,50.68,49.6,49.62,49.76,50.02,2193816,1097.43,9978, 837613, 38.18
MUFIN, EQ, 07-Jul-2025,86.33,87.15,88.93,84.9,85.55,85.46,87.05,592349,515.66,6380, 303080, 51.17
MUFTI, EQ, 07-Jul-2025,166.71,166.71,168.5,163.21,165.5,166.52,166.52,181257,301.82,5955, 110982, 61.23
MUKANDLTD, EQ, 07-Jul-2025,152.18,153.13,153.13,143.2,143.82,144.53,146.88,475511,698.44,9843, 159323, 33.51
MUKKA, EQ, 07-Jul-2025,29.97,29.98,30.03,29.75,29.9,29.96,29.92,236975,70.91,1546, 154124, 65.04
MUKTAARTS, EQ, 07-Jul-2025,84.39,83.15,86.04,83.15,86.04,85.66,85.07,9572,8.14,161, 8414, 87.90
MULTICAP, EQ, 07-Jul-2025,16.55,16.64,16.64,16.47,16.53,16.53,16.54,134671,22.27,706, 98128, 72.86
MUNJALAU, EQ, 07-Jul-2025,78.66,79.25,79.29,76.0,76.26,76.66,77.27,122618,94.74,1960, 55695, 45.42
MUNJALSHOW, EQ, 07-Jul-2025,140.9,140.9,142.9,139.5,139.5,139.7,140.75,22308,31.4,845, 13529, 60.65
MURUDCERA, EQ, 07-Jul-2025,43.18,43.6,47.99,42.1,46.21,46.47,45.87,319666,146.62,3805, 156383, 48.92
MUTHOOTCAP, EQ, 07-Jul-2025,317.1,316.7,319.2,311.5,314.45,314.15,315.33,8644,27.26,621, 4095, 47.37
MUTHOOTFIN, EQ, 07-Jul-2025,2662.8,2662.8,2691.6,2645.8,2660.3,2660.6,2662.54,489509,13033.37,31234, 263547, 53.84
MUTHOOTMF, EQ, 07-Jul-2025,153.97,155.0,156.6,150.26,151.47,152.29,153.06,334822,512.48,10400, 145330, 43.41
MVGJL, EQ, 07-Jul-2025,223.68,221.6,227.1,221.4,222.8,222.56,223.56,149006,333.13,4033, 51406, 34.50
NAGREEKCAP, EQ, 07-Jul-2025,27.08,27.21,27.74,26.0,26.0,26.37,26.52,3249,0.86,83, 1787, 55.00
NAGREEKEXP, EQ, 07-Jul-2025,28.52,28.0,31.0,28.0,28.77,28.82,29.18,23578,6.88,278, 7825, 33.19
NAHARSPING, EQ, 07-Jul-2025,281.8,279.0,287.0,276.35,277.1,277.9,280.96,14815,41.62,1056, 8701, 58.73
NAM-INDIA, EQ, 07-Jul-2025,789.7,786.0,798.0,775.55,781.9,779.2,783.56,503837,3947.86,37465, 285822, 56.73
NARMADA, EQ, 07-Jul-2025,17.89,17.89,18.24,17.8,17.91,17.96,17.92,24021,4.3,246, 16911, 70.40
NATCAPSUQ, EQ, 07-Jul-2025,218.79,220.08,221.78,216.0,216.0,218.72,219.13,2892,6.34,251, 2406, 83.20
NATCOPHARM, EQ, 07-Jul-2025,998.6,1002.0,1006.0,970.3,971.8,973.6,983.41,1519115,14939.18,56868, 689909, 45.42
NATHBIOGEN, EQ, 07-Jul-2025,215.79,217.05,229.95,216.52,223.0,222.58,225.14,168119,378.5,5262, 96501, 57.40
NATIONALUM, EQ, 07-Jul-2025,192.09,192.0,192.0,187.71,188.6,188.56,188.87,5490348,10369.41,36267, 2370279, 43.17
NAUKRI, EQ, 07-Jul-2025,1486.4,1485.0,1489.0,1404.1,1431.0,1431.1,1429.19,2352128,33616.28,170726, 1083445, 46.06
NAVA, EQ, 07-Jul-2025,611.3,614.0,614.65,594.05,595.0,596.0,601.37,327338,1968.5,12585, 134990, 41.24
NAVINFLUOR, EQ, 07-Jul-2025,4933.2,4950.0,4990.0,4770.0,4874.0,4886.2,4931.49,68058,3356.27,10208, 29307, 43.06
NAVKARCORP, EQ, 07-Jul-2025,107.77,108.85,109.0,105.55,106.2,106.6,107.21,165288,177.2,2448, 85391, 51.66
NAVNETEDUL, EQ, 07-Jul-2025,143.29,143.0,144.2,141.99,142.62,142.85,142.9,51289,73.29,1682, 32213, 62.81
NAZARA, EQ, 07-Jul-2025,1385.1,1397.9,1399.0,1330.8,1338.5,1342.9,1346.17,819517,11032.11,27408, 483608, 59.01
NBCC, EQ, 07-Jul-2025,117.87,117.3,117.59,115.74,115.94,115.93,116.4,4613507,5370.02,37123, 1996560, 43.28
NBIFIN, EQ, 07-Jul-2025,2973.0,2981.1,3024.9,2950.1,2955.0,2957.3,2992.18,473,14.15,197, 254, 53.70
NCC, EQ, 07-Jul-2025,224.77,223.5,225.0,221.5,223.13,222.65,223.09,1503759,3354.79,19140, 594557, 39.54
NCLIND, EQ, 07-Jul-2025,232.93,231.15,233.99,223.0,231.83,232.08,229.74,134343,308.63,3634, 66354, 49.39
NDGL, EQ, 07-Jul-2025,4365.4,4390.0,4390.0,4200.0,4250.0,4250.1,4283.13,67,2.87,29, 50, 74.63
NDL, EQ, 07-Jul-2025,3.8,3.82,3.82,3.73,3.77,3.77,3.77,2613595,98.63,3144, 1351428, 51.71
NDLVENTURE, EQ, 07-Jul-2025,64.44,65.11,70.88,65.1,70.88,70.88,70.1,43652,30.6,505, 23332, 53.45
NDRAUTO, EQ, 07-Jul-2025,1096.4,1096.4,1137.5,1070.1,1080.9,1080.2,1094.01,62053,678.86,7979, 22863, 36.84
NECCLTD, EQ, 07-Jul-2025,24.13,24.13,24.94,23.36,23.65,23.72,23.8,79389,18.9,607, 49857, 62.80
NECLIFE, EQ, 07-Jul-2025,22.69,23.0,23.38,22.7,23.1,23.13,23.08,1188175,274.22,2612, 730711, 61.50
NELCAST, EQ, 07-Jul-2025,147.32,147.01,148.19,140.6,140.85,141.16,142.86,150472,214.96,3586, 87056, 57.86
NELCO, EQ, 07-Jul-2025,1001.7,1005.9,1006.4,965.0,972.7,970.2,979.62,127945,1253.38,9354, 65153, 50.92
NEOGEN, EQ, 07-Jul-2025,1616.4,1606.0,1626.8,1599.0,1608.0,1610.5,1610.95,11462,184.65,3364, 5120, 44.67
NESCO, EQ, 07-Jul-2025,1198.3,1204.3,1204.3,1177.9,1187.9,1183.1,1189.44,53197,632.75,6304, 26443, 49.71
NESTLEIND, EQ, 07-Jul-2025,2392.8,2399.4,2426.0,2388.0,2420.4,2422.1,2413.0,434207,10477.4,38298, 228721, 52.68
NETF, EQ, 07-Jul-2025,273.24,274.6,274.99,272.96,273.25,273.03,273.91,813,2.23,175, 639, 78.60
NETWEB, EQ, 07-Jul-2025,1823.8,1810.0,1837.0,1786.0,1789.2,1792.3,1807.47,125002,2259.38,13704, 51837, 41.47
NETWORK18, EQ, 07-Jul-2025,56.42,56.3,57.0,56.0,56.33,56.33,56.43,3010717,1698.9,14811, 1223776, 40.65
NEULANDLAB, EQ, 07-Jul-2025,11999.0,11999.0,12006.0,11742.0,11784.0,11786.0,11804.27,19607,2314.46,5836, 8536, 43.54
NEWGEN, EQ, 07-Jul-2025,1134.3,1132.0,1134.3,1115.1,1116.6,1118.7,1120.23,160569,1798.74,11956, 84128, 52.39
NEXT30ADD, EQ, 07-Jul-2025,39.26,39.52,39.54,39.27,39.38,39.37,39.36,4775,1.88,57, 3037, 63.60
NEXT50, EQ, 07-Jul-2025,701.27,718.8,718.8,696.61,702.52,702.37,702.11,18357,128.89,643, 16697, 90.96
NEXT50IETF, EQ, 07-Jul-2025,71.76,69.96,73.91,69.96,71.91,71.89,71.87,406345,292.02,5471, 264717, 65.15
NEXTMEDIA, EQ, 07-Jul-2025,6.72,6.95,6.95,6.56,6.63,6.69,6.73,12324,0.83,112, 11902, 96.58
NFL, EQ, 07-Jul-2025,99.78,99.0,99.78,98.56,98.74,98.79,98.98,899990,890.84,9033, 366645, 40.74
NGIL, EQ, 07-Jul-2025,29.11,29.07,29.13,28.55,28.6,28.64,28.86,10202,2.94,280, 5770, 56.56
NH, EQ, 07-Jul-2025,2011.4,2012.6,2017.9,1983.1,1985.0,1990.3,1992.41,212180,4227.49,18539, 93863, 44.24
NHPC, EQ, 07-Jul-2025,85.04,85.0,85.3,84.3,84.52,84.44,84.69,7399787,6266.54,47702, 3509344, 47.42
NIACL, EQ, 07-Jul-2025,186.12,185.8,189.25,184.0,188.0,187.2,186.38,449735,838.2,8400, 106069, 23.58
NIBE, EQ, 07-Jul-2025,1674.9,1698.0,1698.0,1647.9,1650.0,1652.8,1656.11,25249,418.15,2686, 13328, 52.79
NIF100BEES, EQ, 07-Jul-2025,274.68,275.79,275.79,273.74,274.48,274.27,274.46,13838,37.98,718, 6427, 46.44
NIF100IETF, EQ, 07-Jul-2025,28.83,29.55,29.55,28.2,28.85,28.85,28.87,77448,22.36,2270, 58049, 74.95
NIF10GETF, EQ, 07-Jul-2025,26.03,26.55,26.55,26.04,26.04,26.11,26.09,3278,0.86,51, 3114, 95.00
NIF5GETF, EQ, 07-Jul-2025,62.99,63.3,63.3,62.65,62.76,63.03,63.11,2718,1.72,94, 2467, 90.77
NIFITETF, EQ, 07-Jul-2025,401.47,403.47,403.47,399.24,401.33,401.33,401.01,161,0.65,16, 139, 86.34
NIFMID150, EQ, 07-Jul-2025,221.05,222.15,222.15,219.71,219.71,220.62,220.71,1476,3.26,78, 1244, 84.28
NIFTY1, EQ, 07-Jul-2025,278.82,277.51,279.99,277.47,278.68,278.52,278.43,40893,113.86,1563, 25588, 62.57
NIFTY100EW, EQ, 07-Jul-2025,33.17,33.99,33.99,32.88,33.22,33.24,33.25,6084,2.02,113, 5577, 91.67
NIFTY50ADD, EQ, 07-Jul-2025,264.42,265.75,265.75,263.97,264.31,264.44,264.43,19714,52.13,384, 15414, 78.19
NIFTYBEES, EQ, 07-Jul-2025,286.11,287.79,287.79,284.01,286.22,286.07,286.05,5191711,14850.88,61133, 3419805, 65.87
NIFTYBETF, EQ, 07-Jul-2025,258.78,260.07,260.07,257.88,258.8,258.83,258.86,528,1.37,73, 513, 97.16
NIFTYETF, EQ, 07-Jul-2025,273.75,275.0,276.88,272.75,273.35,273.27,273.28,64449,176.13,1002, 50866, 78.92
NIFTYIETF, EQ, 07-Jul-2025,284.66,287.2,287.2,283.88,284.73,284.63,284.58,210626,599.41,14884, 145837, 69.24
NIFTYQLITY, EQ, 07-Jul-2025,21.73,21.73,21.87,21.65,21.76,21.76,21.76,89201,19.41,689, 81938, 91.86
NIITLTD, EQ, 07-Jul-2025,129.05,128.93,129.45,125.64,126.6,126.36,127.36,363752,463.26,5395, 181717, 49.96
NIITMTS, EQ, 07-Jul-2025,337.15,337.15,339.9,334.0,335.5,335.35,336.39,57788,194.39,4135, 34354, 59.45
NILAINFRA, EQ, 07-Jul-2025,12.28,12.44,12.44,11.57,12.15,12.18,12.14,506006,61.45,1432, 248918, 49.19
NILASPACES, EQ, 07-Jul-2025,11.75,11.87,12.18,11.75,11.8,11.86,11.95,521139,62.29,1455, 326135, 62.58
NILKAMAL, EQ, 07-Jul-2025,1726.8,1739.0,1762.4,1739.0,1745.1,1752.3,1750.71,3610,63.2,1325, 1997, 55.32
NINSYS, EQ, 07-Jul-2025,450.45,453.8,461.35,450.0,452.05,455.05,455.43,2017,9.19,397, 1176, 58.30
NIPPOBATRY, EQ, 07-Jul-2025,476.45,479.95,479.95,468.95,470.1,472.65,475.45,3100,14.74,324, 2199, 70.94
NIRAJ, EQ, 07-Jul-2025,52.95,53.2,53.38,51.81,52.8,52.79,52.83,14433,7.62,775, 6325, 43.82
NITCO, EQ, 07-Jul-2025,154.28,155.0,155.0,148.65,153.8,153.51,152.15,387692,589.89,5183, 225909, 58.27
NITINSPIN, EQ, 07-Jul-2025,393.25,393.7,399.0,390.0,394.0,393.65,394.25,55823,220.08,3248, 27456, 49.18
NITIRAJ, EQ, 07-Jul-2025,202.06,204.9,205.99,202.0,203.95,202.96,204.1,2309,4.71,185, 1400, 60.63
NIVABUPA, EQ, 07-Jul-2025,85.05,85.0,85.9,83.3,83.9,83.88,84.35,3647994,3077.21,22060, 1791874, 49.12
NKIND, EQ, 07-Jul-2025,68.05,69.8,69.8,66.4,66.7,66.91,66.93,231,0.15,18, 174, 75.32
NLCINDIA, EQ, 07-Jul-2025,227.67,226.0,227.9,223.9,225.0,224.61,225.27,569954,1283.96,18132, 273544, 47.99
NMDC, EQ, 07-Jul-2025,68.78,68.95,68.95,67.93,68.3,68.29,68.24,12318954,8406.33,44900, 5031543, 40.84
NOCIL, EQ, 07-Jul-2025,200.42,198.98,200.3,195.91,196.01,196.68,197.59,291862,576.7,5624, 144867, 49.64
NORTHARC, EQ, 07-Jul-2025,257.03,258.49,258.49,245.2,247.89,248.05,250.49,2788610,6985.17,33222, 925032, 33.17
NOVAAGRI, EQ, 07-Jul-2025,49.03,49.54,53.35,49.06,52.74,52.17,51.48,1188285,611.72,7440, 529297, 44.54
NPBET, EQ, 07-Jul-2025,289.43,290.5,290.5,287.71,288.0,288.0,289.72,292,0.85,19, 265, 90.75
NPST, EQ, 07-Jul-2025,2049.2,2069.7,2112.2,2019.2,2100.0,2105.2,2085.56,9735,203.03,1933, 5874, 60.34
NRBBEARING, EQ, 07-Jul-2025,288.65,289.6,289.7,284.0,284.5,285.2,285.88,79869,228.33,5643, 43068, 53.92
NSIL, EQ, 07-Jul-2025,7259.5,7314.0,7340.5,7135.0,7151.5,7164.5,7214.29,6190,446.56,1992, 2394, 38.68
NSLNISP, EQ, 07-Jul-2025,40.49,40.35,40.79,39.66,39.9,39.92,40.06,2094406,839.08,10482, 1099770, 52.51
NTPC, EQ, 07-Jul-2025,335.5,335.5,339.0,333.75,338.15,337.45,337.15,9454556,31876.05,109532, 5603932, 59.27
NTPCGREEN, EQ, 07-Jul-2025,106.55,106.0,107.49,105.84,106.96,106.93,106.99,5306249,5676.9,31193, 3013236, 56.79
NUCLEUS, EQ, 07-Jul-2025,1199.2,1202.5,1206.8,1173.0,1176.5,1179.8,1185.72,21657,256.79,3541, 12439, 57.44
NUVAMA, EQ, 07-Jul-2025,7261.0,7251.0,7580.0,7135.5,7497.0,7498.0,7461.12,618417,46140.81,72724, 205040, 33.16
NUVOCO, EQ, 07-Jul-2025,360.4,360.0,360.6,352.4,356.95,358.4,357.41,123554,441.6,7930, 72138, 58.39
NV20, EQ, 07-Jul-2025,150.12,150.13,150.98,149.6,150.1,150.01,150.06,9072,13.61,308, 5324, 58.69
NV20BEES, EQ, 07-Jul-2025,151.05,151.99,151.99,150.4,150.73,150.72,150.82,17873,26.96,523, 11607, 64.94
NV20IETF, EQ, 07-Jul-2025,14.71,14.34,14.82,14.34,14.69,14.67,14.69,355599,52.23,3537, 206068, 57.95
NYKAA, EQ, 07-Jul-2025,198.23,200.0,203.13,199.31,201.1,201.52,201.34,17509900,35254.56,91294, 8366209, 47.78
OAL, EQ, 07-Jul-2025,369.3,373.0,374.75,364.9,365.0,365.4,367.82,8791,32.34,611, 3959, 45.03
OBCL, EQ, 07-Jul-2025,55.0,54.75,54.85,54.1,54.1,54.18,54.32,2800,1.52,126, 1150, 41.07
OBEROIRLTY, EQ, 07-Jul-2025,1869.5,1870.0,1876.9,1837.6,1841.0,1844.3,1849.34,214956,3975.28,14810, 119800, 55.73
OFSS, EQ, 07-Jul-2025,9109.0,9099.5,9099.5,8992.0,9014.0,9005.0,9034.62,61737,5577.7,12064, 25482, 41.28
OIL, EQ, 07-Jul-2025,445.75,445.75,447.05,440.0,440.15,440.6,442.7,1818384,8050.05,35429, 944148, 51.92
OILCOUNTUB, EQ, 07-Jul-2025,91.61,92.99,95.0,88.8,92.76,93.72,92.2,56130,51.75,1220, 27623, 49.21
OILIETF, EQ, 07-Jul-2025,12.07,11.76,12.17,11.76,12.15,12.13,12.13,2441336,296.21,3080, 1362007, 55.79
OLAELEC, EQ, 07-Jul-2025,41.73,41.86,41.96,41.01,41.46,41.53,41.39,20948411,8671.44,43710, 6759288, 32.27
OLECTRA, EQ, 07-Jul-2025,1199.4,1199.4,1216.0,1182.7,1200.0,1199.4,1197.89,282311,3381.78,16569, 126101, 44.67
OMAXAUTO, EQ, 07-Jul-2025,90.26,90.26,92.3,90.26,91.87,91.5,91.3,33145,30.26,853, 20992, 63.33
OMAXE, EQ, 07-Jul-2025,103.35,103.3,103.3,101.5,101.56,102.26,101.99,189226,192.98,1992, 74174, 39.20
OMINFRAL, EQ, 07-Jul-2025,133.84,133.84,134.3,131.5,131.8,132.44,132.69,78433,104.07,1328, 31543, 40.22
ONESOURCE, EQ, 07-Jul-2025,2021.5,2004.1,2065.6,1982.0,1984.0,1998.2,2017.05,165729,3342.83,12097, 101449, 61.21
ONGC, EQ, 07-Jul-2025,245.24,245.5,245.5,240.83,241.4,241.52,242.39,9222263,22354.01,126804, 5824084, 63.15
ONMOBILE, EQ, 07-Jul-2025,53.26,53.0,53.67,52.53,52.6,52.85,53.02,210255,111.47,1383, 61105, 29.06
OPTIEMUS, EQ, 07-Jul-2025,621.5,620.0,625.9,603.0,612.0,613.25,611.17,278633,1702.92,16580, 131449, 47.18
ORCHPHARMA, EQ, 07-Jul-2025,756.05,762.0,762.0,735.05,737.0,739.05,745.19,52619,392.11,2780, 30533, 58.03
ORICONENT, EQ, 07-Jul-2025,45.98,46.11,46.11,44.65,45.03,44.95,45.21,144308,65.24,949, 97276, 67.41
ORIENTBELL, EQ, 07-Jul-2025,303.6,303.6,309.2,303.6,306.0,305.3,306.88,1878,5.76,217, 1098, 58.47
ORIENTCEM, EQ, 07-Jul-2025,241.43,240.0,241.94,234.0,235.8,235.73,236.88,422065,999.8,7344, 231372, 54.82
ORIENTCER, EQ, 07-Jul-2025,41.48,41.41,44.45,41.41,43.4,43.21,43.06,231842,99.83,1945, 123792, 53.39
ORIENTELEC, EQ, 07-Jul-2025,222.57,222.57,223.87,221.0,221.0,221.53,221.9,31805,70.58,2297, 19007, 59.76
ORIENTHOT, EQ, 07-Jul-2025,144.93,144.95,148.18,143.5,144.1,144.46,145.43,132039,192.03,2895, 58386, 44.22
ORIENTLTD, EQ, 07-Jul-2025,91.7,96.0,96.0,91.62,92.79,92.76,92.71,1567,1.45,57, 926, 59.09
ORIENTPPR, EQ, 07-Jul-2025,30.27,30.51,31.05,29.6,29.9,30.0,30.54,2411827,736.51,6262, 831092, 34.46
ORIENTTECH, EQ, 07-Jul-2025,354.25,355.95,356.8,346.0,349.0,349.25,350.75,176492,619.04,6894, 79815, 45.22
ORISSAMINE, EQ, 07-Jul-2025,4807.2,4807.2,4848.0,4759.0,4787.8,4768.6,4792.28,4903,234.97,1832, 2206, 44.99
OSWALAGRO, EQ, 07-Jul-2025,88.68,88.7,89.49,86.23,87.7,86.93,87.32,178445,155.83,3505, 85884, 48.13
OSWALGREEN, EQ, 07-Jul-2025,46.55,46.6,48.31,45.58,45.99,45.76,46.66,390467,182.18,4424, 124684, 31.93
OSWALPUMPS, EQ, 07-Jul-2025,693.75,698.0,713.75,690.0,702.0,701.65,703.52,1200968,8449.09,22557, 495582, 41.27
OSWALSEEDS, EQ, 07-Jul-2025,14.16,14.23,14.3,14.01,14.08,14.05,14.09,38766,5.46,302, 32562, 84.00
PAGEIND, EQ, 07-Jul-2025,48710.0,48800.0,49080.0,48440.0,48975.0,48910.0,48780.3,18958,9247.77,7864, 11754, 62.00
PAISALO, EQ, 07-Jul-2025,30.51,30.35,31.09,30.3,30.5,30.42,30.5,7494119,2285.38,13839, 4899348, 65.38
PAKKA, EQ, 07-Jul-2025,212.99,212.99,216.0,208.65,210.11,211.87,212.53,133436,283.59,2944, 60153, 45.08
PALASHSECU, EQ, 07-Jul-2025,126.71,129.0,129.0,125.55,128.49,128.51,127.46,1199,1.53,101, 662, 55.21
PANACEABIO, EQ, 07-Jul-2025,410.35,413.85,420.7,404.1,406.8,405.75,409.73,116869,478.85,3967, 63607, 54.43
PANAMAPET, EQ, 07-Jul-2025,354.6,356.4,356.4,351.1,352.65,352.2,353.0,18464,65.18,1213, 10948, 59.29
PARACABLES, EQ, 07-Jul-2025,59.05,59.25,60.35,58.0,58.0,58.23,58.82,582888,342.85,4987, 260524, 44.70
PARADEEP, EQ, 07-Jul-2025,160.41,161.0,162.75,158.2,158.99,158.93,159.82,2190429,3500.68,22478, 1222850, 55.83
PARAGMILK, EQ, 07-Jul-2025,231.5,232.97,240.6,229.1,229.3,231.34,235.92,4006204,9451.41,53031, 1520137, 37.94
PARAS, EQ, 07-Jul-2025,933.6,934.0,942.0,860.4,883.6,885.1,886.75,3459684,30678.63,93121, 974272, 28.16
PARASPETRO, EQ, 07-Jul-2025,2.62,2.65,2.65,2.6,2.64,2.62,2.63,127861,3.36,588, 79938, 62.52
PARKHOTELS, EQ, 07-Jul-2025,158.89,159.99,160.84,155.66,156.59,156.8,157.55,533917,841.2,9122, 289648, 54.25
PARSVNATH, EQ, 07-Jul-2025,23.04,23.09,24.95,23.07,24.41,24.49,24.15,12237792,2955.65,23747, 4293950, 35.09
PASUPTAC, EQ, 07-Jul-2025,54.88,54.88,55.79,53.07,53.63,53.29,54.62,62262,34.01,1834, 24385, 39.17
PATANJALI, EQ, 07-Jul-2025,1660.8,1660.0,1670.0,1621.8,1650.2,1661.1,1638.26,1754453,28742.44,34870, 451419, 25.73
PATELENG, EQ, 07-Jul-2025,40.72,40.46,41.18,40.46,40.58,40.61,40.73,1857910,756.65,9614, 861288, 46.36
PATINTLOG, EQ, 07-Jul-2025,18.12,18.41,18.41,17.97,18.19,18.12,18.14,180263,32.7,628, 119589, 66.34
PAVNAIND, EQ, 07-Jul-2025,428.3,430.4,437.3,418.55,421.0,420.0,423.22,5440,23.02,740, 3244, 59.63
PAYTM, EQ, 07-Jul-2025,930.85,930.85,931.9,917.1,918.95,920.8,923.92,1356595,12533.91,49851, 525299, 38.72
PCBL, EQ, 07-Jul-2025,409.3,409.3,412.6,400.5,401.8,402.3,405.43,604589,2451.19,15413, 287361, 47.53
PCJEWELLER, EQ, 07-Jul-2025,16.69,17.4,19.65,17.4,18.49,18.7,18.89,569324732,107543.11,373469, 104519288, 18.36
PDMJEPAPER, EQ, 07-Jul-2025,121.42,122.33,127.49,122.02,127.49,127.49,126.76,394617,500.21,2406, 205152, 51.99
PDSL, EQ, 07-Jul-2025,402.6,400.0,403.5,394.1,397.9,400.25,398.56,63204,251.91,3193, 32900, 52.05
PEARLPOLY, EQ, 07-Jul-2025,30.92,30.35,31.5,30.35,30.61,31.29,31.2,20546,6.41,323, 12045, 58.62
PEL, EQ, 07-Jul-2025,1157.9,1155.0,1166.7,1148.6,1155.0,1157.1,1156.21,230541,2665.53,17406, 113692, 49.32
PENIND, EQ, 07-Jul-2025,225.16,225.16,229.21,222.59,223.5,223.5,225.03,350170,788.0,11686, 150837, 43.08
PENINLAND, EQ, 07-Jul-2025,31.44,31.95,36.33,31.94,34.96,34.71,34.73,1856742,644.81,9074, 769563, 41.45
PERSISTENT, EQ, 07-Jul-2025,5896.0,5885.0,5895.0,5805.0,5843.0,5840.5,5848.09,289291,16918.01,40212, 180061, 62.24
PETRONET, EQ, 07-Jul-2025,299.75,304.05,308.4,299.5,307.75,307.5,304.49,9168133,27915.78,72384, 4741820, 51.72
PFC, EQ, 07-Jul-2025,413.25,413.65,414.7,409.75,411.95,411.5,411.75,3269596,13462.65,41849, 1583745, 48.44
PFIZER, EQ, 07-Jul-2025,5784.0,5820.0,5851.5,5753.5,5835.0,5836.0,5811.28,76615,4452.31,10773, 38045, 49.66
PFOCUS, EQ, 07-Jul-2025,165.94,167.5,169.0,160.74,162.34,161.98,165.01,1038283,1713.27,10904, 397056, 38.24
PFS, EQ, 07-Jul-2025,40.93,40.85,41.4,40.58,40.79,40.77,40.99,406347,166.56,3599, 173249, 42.64
PGEL, EQ, 07-Jul-2025,754.5,750.0,765.5,746.55,758.0,759.15,757.85,1146380,8687.89,28649, 497640, 43.41
PGHH, EQ, 07-Jul-2025,13350.0,13400.0,13425.0,13271.0,13350.0,13387.0,13389.29,8525,1141.44,2460, 5834, 68.43
PGHL, EQ, 07-Jul-2025,5756.5,5795.0,5848.5,5750.0,5779.0,5790.0,5786.82,21736,1257.82,4804, 16530, 76.05
PGIL, EQ, 07-Jul-2025,1585.1,1582.1,1586.5,1528.3,1544.9,1544.0,1549.02,51866,803.42,7147, 24818, 47.85
PHARMABEES, EQ, 07-Jul-2025,22.83,23.4,23.4,22.11,22.83,22.83,22.82,4073333,929.58,11104, 2330437, 57.21
PHOENIXLTD, EQ, 07-Jul-2025,1542.2,1540.0,1561.0,1530.4,1543.4,1549.5,1549.19,465588,7212.83,27408, 341263, 73.30
PICCADIL, EQ, 07-Jul-2025,600.45,598.05,610.05,598.05,606.7,605.6,604.62,87792,530.81,3452, 72946, 83.09
PIDILITIND, EQ, 07-Jul-2025,3080.2,3081.1,3095.5,3026.3,3061.2,3072.4,3059.21,259632,7942.69,32568, 151852, 58.49
PIIND, EQ, 07-Jul-2025,4220.0,4220.0,4220.0,4136.9,4171.6,4162.1,4163.91,93141,3878.31,13947, 56979, 61.17
PILANIINVS, EQ, 07-Jul-2025,5476.0,5485.0,5519.5,5324.0,5426.0,5415.0,5438.34,10263,558.14,2873, 5800, 56.51
PIONEEREMB, EQ, 07-Jul-2025,42.98,42.99,44.69,42.7,43.5,44.08,43.73,12663,5.54,166, 10569, 83.46
PITTIENG, EQ, 07-Jul-2025,968.7,965.5,985.6,960.0,962.2,963.1,970.68,22846,221.76,3047, 9089, 39.78
PIXTRANS, EQ, 07-Jul-2025,1604.2,1620.0,1620.2,1533.0,1550.0,1553.4,1558.55,41861,652.42,6412, 22559, 53.89
PLASTIBLEN, EQ, 07-Jul-2025,212.24,213.3,217.62,207.2,216.95,215.2,213.63,40104,85.68,1563, 19802, 49.38
PLATIND, EQ, 07-Jul-2025,274.9,273.55,277.65,267.85,269.8,269.1,271.63,78654,213.65,3163, 40324, 51.27
PLAZACABLE, EQ, 07-Jul-2025,61.19,61.88,61.88,60.22,60.99,60.71,61.04,22289,13.6,1134, 10142, 45.50
PNB, EQ, 07-Jul-2025,110.85,110.85,112.75,110.63,112.33,112.51,112.19,19932784,22363.37,68479, 9063623, 45.47
PNBGILTS, EQ, 07-Jul-2025,97.48,97.48,100.45,97.09,97.7,97.83,98.43,532314,523.95,5207, 204228, 38.37
PNBHOUSING, EQ, 07-Jul-2025,1081.0,1081.0,1091.5,1073.8,1082.1,1088.2,1084.04,506546,5491.14,27499, 339164, 66.96
PNCINFRA, EQ, 07-Jul-2025,306.0,305.6,307.9,300.1,300.25,301.95,303.89,239033,726.4,7093, 103035, 43.10
PNGJL, EQ, 07-Jul-2025,594.75,601.2,618.0,596.05,611.0,609.95,607.03,417987,2537.31,17096, 186031, 44.51
POCL, EQ, 07-Jul-2025,933.15,939.3,943.4,902.1,913.95,916.6,921.44,363088,3345.64,20630, 123333, 33.97
PODDARMENT, EQ, 07-Jul-2025,316.55,315.6,317.7,310.0,310.7,311.85,313.91,2814,8.83,244, 2020, 71.78
POKARNA, EQ, 07-Jul-2025,1065.4,1055.7,1056.9,1037.9,1041.0,1043.6,1045.15,41460,433.32,4521, 20215, 48.76
POLICYBZR, EQ, 07-Jul-2025,1794.0,1803.3,1830.0,1777.7,1827.9,1824.8,1806.07,1009248,18227.72,47703, 495129, 49.06
POLYCAB, EQ, 07-Jul-2025,6717.5,6700.0,6739.5,6605.0,6698.0,6700.0,6690.49,183853,12300.66,32324, 85947, 46.75
POLYMED, EQ, 07-Jul-2025,2242.0,2256.6,2273.1,2207.4,2208.0,2219.0,2233.47,77186,1723.92,11776, 38884, 50.38
POLYPLEX, EQ, 07-Jul-2025,1205.7,1195.0,1209.9,1177.5,1184.5,1180.9,1193.2,223545,2667.35,16314, 103177, 46.15
PONNIERODE, EQ, 07-Jul-2025,332.55,334.8,340.0,330.5,334.05,335.5,336.73,11958,40.27,926, 4976, 41.61
POONAWALLA, EQ, 07-Jul-2025,472.55,472.4,472.4,462.7,467.0,468.3,467.22,1016015,4747.0,16331, 354821, 34.92
POWERGRID, EQ, 07-Jul-2025,294.0,294.7,296.65,293.5,295.55,295.9,295.4,6220756,18375.89,141680, 3923592, 63.07
POWERINDIA, EQ, 07-Jul-2025,19965.0,19965.0,20090.0,19420.0,19560.0,19555.0,19686.14,70691,13916.33,20018, 28367, 40.13
POWERMECH, EQ, 07-Jul-2025,3220.2,3235.0,3289.9,3181.0,3255.0,3241.4,3237.66,67605,2188.82,10859, 31057, 45.94
PPL, EQ, 07-Jul-2025,390.5,393.95,400.0,386.85,392.1,391.0,389.17,50327,195.86,1874, 31650, 62.89
PPLPHARMA, EQ, 07-Jul-2025,203.66,204.7,204.89,200.58,202.47,202.49,202.62,2618323,5305.25,27901, 1099777, 42.00
PRABHA, EQ, 07-Jul-2025,294.3,294.35,312.0,291.65,302.2,303.1,304.46,216908,660.39,6842, 87098, 40.15
PRAENG, EQ, 07-Jul-2025,22.53,22.98,23.0,21.69,22.3,22.33,22.15,85457,18.93,918, 52160, 61.04
PRAJIND, EQ, 07-Jul-2025,498.2,498.2,501.5,495.2,496.5,497.3,497.91,444600,2213.69,13888, 217882, 49.01
PRAKASH, EQ, 07-Jul-2025,159.27,158.89,160.16,157.91,159.1,158.78,159.03,289458,460.34,3947, 183181, 63.28
PRAKASHSTL, EQ, 07-Jul-2025,6.19,6.06,6.17,6.01,6.01,6.09,6.11,190537,11.64,1059, 157832, 82.84
PRECAM, EQ, 07-Jul-2025,213.56,213.4,214.59,206.85,209.0,207.76,210.34,172476,362.79,7079, 66130, 38.34
PRECOT, EQ, 07-Jul-2025,550.45,545.0,551.4,536.8,540.0,542.05,542.47,3130,16.98,190, 2115, 67.57
PRECWIRE, EQ, 07-Jul-2025,186.67,188.72,188.9,183.59,185.95,185.31,185.23,114006,211.17,3863, 62121, 54.49
PREMEXPLN, EQ, 07-Jul-2025,575.05,575.0,575.0,564.0,568.4,568.85,567.48,246792,1400.49,9054, 107398, 43.52
PREMIERENE, EQ, 07-Jul-2025,1058.3,1057.7,1057.7,1031.0,1040.0,1042.0,1041.48,652701,6797.74,20987, 252253, 38.65
PREMIERPOL, EQ, 07-Jul-2025,51.68,52.99,54.2,51.21,52.0,52.42,52.68,85638,45.11,2155, 41133, 48.03
PRESTIGE, EQ, 07-Jul-2025,1613.0,1619.0,1635.0,1601.4,1629.8,1630.5,1622.78,247076,4009.49,16881, 115062, 46.57
PRICOLLTD, EQ, 07-Jul-2025,458.75,458.75,461.4,445.0,452.0,452.55,452.87,140638,636.9,11356, 64115, 45.59
PRIMESECU, EQ, 07-Jul-2025,291.05,288.4,295.9,281.6,295.9,292.05,287.72,42169,121.33,1402, 29143, 69.11
PRIMO, EQ, 07-Jul-2025,27.69,28.44,28.44,26.51,26.9,26.79,26.98,107712,29.06,1266, 62525, 58.05
PRINCEPIPE, EQ, 07-Jul-2025,364.75,364.8,375.45,362.55,364.65,364.25,368.51,380485,1402.14,11500, 131395, 34.53
PRITI, EQ, 07-Jul-2025,93.35,94.96,94.96,90.94,91.3,91.43,91.79,25106,23.04,644, 13997, 55.75
PRITIKAUTO, EQ, 07-Jul-2025,19.4,19.21,19.68,18.81,18.81,18.86,19.04,114389,21.78,990, 77618, 67.85
PRIVISCL, EQ, 07-Jul-2025,2469.7,2465.0,2482.8,2335.0,2370.0,2360.1,2382.52,100186,2386.95,12130, 44778, 44.69
PROSTARM, EQ, 07-Jul-2025,152.13,153.0,157.99,149.31,155.0,155.95,153.79,1839624,2829.24,18250, 576244, 31.32
PROTEAN, EQ, 07-Jul-2025,844.75,846.65,848.0,828.0,828.5,829.1,834.4,370383,3090.46,11216, 202478, 54.67
PROZONER, EQ, 07-Jul-2025,37.68,37.0,38.57,37.0,37.0,37.04,37.58,147082,55.27,1112, 81821, 55.63
PRSMJOHNSN, EQ, 07-Jul-2025,159.36,158.9,161.21,156.65,159.1,158.06,158.69,191891,304.52,6394, 66438, 34.62
PRUDENT, EQ, 07-Jul-2025,2658.2,2662.2,2699.0,2606.4,2670.0,2672.5,2650.55,40236,1066.48,4120, 28774, 71.51
PRUDMOULI, EQ, 07-Jul-2025,36.79,36.0,37.99,36.0,37.87,37.48,37.63,2200,0.83,53, 1960, 89.09
PSB, EQ, 07-Jul-2025,32.92,32.85,33.18,32.23,32.35,32.33,32.55,2060204,670.52,8891, 909239, 44.13
PSPPROJECT, EQ, 07-Jul-2025,778.05,771.1,781.5,751.4,756.0,756.75,761.6,141606,1078.47,16440, 69656, 49.19
PSUBANK, EQ, 07-Jul-2025,714.46,720.97,720.97,711.2,712.0,712.87,716.24,10904,78.1,529, 5371, 49.26
PSUBANKADD, EQ, 07-Jul-2025,71.85,71.8,72.5,71.5,71.8,71.62,71.99,15714,11.31,128, 7957, 50.64
PSUBNKBEES, EQ, 07-Jul-2025,79.71,81.7,81.7,79.46,79.46,79.5,79.82,1339889,1069.56,4458, 812344, 60.63
PSUBNKIETF, EQ, 07-Jul-2025,72.48,72.12,72.87,72.07,72.2,72.16,72.45,95413,69.13,781, 43029, 45.10
PTC, EQ, 07-Jul-2025,179.2,179.4,182.8,179.35,180.8,180.68,180.8,948221,1714.35,13640, 455515, 48.04
PTCIL, EQ, 07-Jul-2025,14898.0,14899.0,14899.0,14560.0,14755.0,14795.0,14754.43,12284,1812.43,4345, 6158, 50.13
PTL, EQ, 07-Jul-2025,45.46,45.94,47.0,45.55,46.5,46.38,46.38,344475,159.75,2363, 227718, 66.11
PUNJABCHEM, EQ, 07-Jul-2025,1210.0,1216.4,1216.4,1182.0,1182.5,1186.9,1195.79,4833,57.79,879, 2527, 52.29
PURVA, EQ, 07-Jul-2025,283.05,288.0,302.5,287.5,294.0,293.25,294.85,995895,2936.39,35180, 146288, 14.69
PVP, EQ, 07-Jul-2025,22.34,22.57,22.57,21.96,22.11,22.31,22.22,135464,30.11,544, 100637, 74.29
PVRINOX, EQ, 07-Jul-2025,977.0,976.05,983.4,961.95,975.0,974.3,969.27,285041,2762.83,25553, 150729, 52.88
PVSL, EQ, 07-Jul-2025,130.85,132.8,133.2,128.43,129.96,129.3,130.66,40903,53.45,1748, 16144, 39.47
PVTBANIETF, EQ, 07-Jul-2025,28.18,28.44,28.44,28.05,28.18,28.16,28.14,217062,61.08,1010, 112171, 51.68
PVTBANKADD, EQ, 07-Jul-2025,28.28,28.49,28.5,27.97,28.27,28.34,28.33,26550,7.52,149, 13373, 50.37
PYRAMID, EQ, 07-Jul-2025,180.12,179.8,180.92,174.6,174.6,175.2,176.79,26176,46.28,1048, 16086, 61.45
QGOLDHALF, EQ, 07-Jul-2025,80.67,80.65,80.79,80.01,80.44,80.45,80.48,190238,153.11,444, 106253, 55.85
QNIFTY, EQ, 07-Jul-2025,2770.16,2784.01,2784.01,2766.0,2776.48,2776.42,2775.5,767,21.29,55, 700, 91.26
QPOWER, EQ, 07-Jul-2025,718.5,714.85,746.9,708.0,742.2,742.4,732.59,958666,7023.11,31758, 307367, 32.06
QUADFUTURE, EQ, 07-Jul-2025,471.45,468.0,476.85,463.55,465.4,465.0,468.68,133558,625.96,5890, 48894, 36.61
QUAL30IETF, EQ, 07-Jul-2025,21.54,21.56,21.82,21.52,21.65,21.64,21.62,372361,80.51,466, 316418, 84.98
QUESS, EQ, 07-Jul-2025,310.0,308.9,311.65,302.7,304.1,305.45,306.09,148073,453.23,7290, 78375, 52.93
QUICKHEAL, EQ, 07-Jul-2025,403.8,402.0,406.8,387.0,388.85,389.75,396.07,321059,1271.62,12779, 114069, 35.53
RACE, EQ, 07-Jul-2025,241.67,243.0,243.06,234.0,235.01,236.21,237.3,10938,25.96,599, 6181, 56.51
RACLGEAR, EQ, 07-Jul-2025,920.6,925.2,934.9,909.3,921.05,923.65,919.45,9884,90.88,770, 8019, 81.13
RADAAN, EQ, 07-Jul-2025,4.21,4.42,4.42,4.3,4.42,4.38,4.39,151852,6.67,346, 101432, 66.80
RADHIKAJWE, EQ, 07-Jul-2025,87.81,88.0,90.39,84.11,86.35,86.4,88.39,899317,794.95,9775, 283948, 31.57
RADIANTCMS, EQ, 07-Jul-2025,63.71,64.0,64.05,62.56,62.58,62.96,63.42,182119,115.5,2296, 123357, 67.73
RADICO, EQ, 07-Jul-2025,2630.9,2620.0,2650.0,2593.1,2630.0,2634.3,2622.58,87049,2282.93,13076, 38304, 44.00
RADIOCITY, EQ, 07-Jul-2025,9.14,9.36,9.36,9.04,9.1,9.12,9.18,75987,6.97,508, 47915, 63.06
RAILTEL, EQ, 07-Jul-2025,418.75,418.75,421.2,411.0,412.0,413.0,415.17,1349859,5604.19,21715, 350260, 25.95
RAIN, EQ, 07-Jul-2025,149.23,148.8,149.7,146.0,146.2,146.35,147.11,588553,865.8,7135, 369775, 62.83
RAINBOW, EQ, 07-Jul-2025,1599.4,1602.9,1604.5,1552.1,1568.7,1573.1,1568.57,103890,1629.59,8052, 65116, 62.68
RAJESHEXPO, EQ, 07-Jul-2025,202.59,202.58,205.9,200.6,202.06,202.54,202.97,421422,855.34,10404, 198599, 47.13
RAJOOENG, EQ, 07-Jul-2025,108.22,108.06,108.93,106.2,107.0,106.88,107.37,183076,196.56,3040, 104061, 56.84
RAJRATAN, EQ, 07-Jul-2025,422.6,422.6,425.7,413.6,415.0,416.8,417.97,18024,75.34,2961, 9243, 51.28
RAJSREESUG, EQ, 07-Jul-2025,48.81,49.05,50.09,48.51,48.8,48.91,49.39,39093,19.31,890, 12228, 31.28
RALLIS, EQ, 07-Jul-2025,320.05,317.15,321.0,313.4,314.8,315.8,316.59,142954,452.58,6914, 53443, 37.38
RAMASTEEL, EQ, 07-Jul-2025,11.98,11.96,12.08,11.83,11.95,11.94,11.96,5337245,638.5,10544, 2117411, 39.67
RAMCOCEM, EQ, 07-Jul-2025,1092.4,1094.0,1095.0,1065.5,1082.4,1085.6,1080.07,235124,2539.5,16543, 129569, 55.11
RAMCOIND, EQ, 07-Jul-2025,290.25,290.25,291.35,281.9,288.9,287.55,286.67,100911,289.29,4902, 57550, 57.03
RAMKY, EQ, 07-Jul-2025,559.7,553.2,564.9,548.0,557.3,557.15,556.61,122822,683.64,5895, 68025, 55.39
RAMRAT, EQ, 07-Jul-2025,679.05,685.85,685.85,647.0,653.95,652.85,656.59,59377,389.86,4964, 26846, 45.21
RANASUG, EQ, 07-Jul-2025,16.02,16.28,16.54,16.0,16.08,16.06,16.25,367586,59.74,1580, 164745, 44.82
RANEHOLDIN, EQ, 07-Jul-2025,1576.2,1590.0,1590.0,1541.0,1550.0,1552.5,1561.82,7358,114.92,1457, 4948, 67.25
RATEGAIN, EQ, 07-Jul-2025,462.15,459.8,464.4,457.0,459.0,459.4,460.34,202284,931.19,12756, 106132, 52.47
RATNAMANI, EQ, 07-Jul-2025,2864.1,2874.9,3033.7,2830.0,3000.0,3006.7,2892.05,392568,11353.26,19377, 301909, 76.91
RATNAVEER, EQ, 07-Jul-2025,154.96,155.1,156.0,153.0,153.06,153.43,154.1,104375,160.84,1866, 45077, 43.19
RAYMOND, EQ, 07-Jul-2025,712.9,716.4,717.9,699.5,701.4,703.0,706.31,606255,4282.04,14045, 153230, 25.27
RAYMONDLSL, EQ, 07-Jul-2025,1283.6,1284.0,1287.3,1248.8,1251.0,1252.5,1261.51,137582,1735.62,10050, 50973, 37.05
RBA, EQ, 07-Jul-2025,81.84,81.84,82.21,80.8,81.05,81.22,81.54,408918,333.41,4431, 235806, 57.67
RBLBANK, EQ, 07-Jul-2025,253.84,253.2,256.4,250.1,253.4,254.62,253.9,6222292,15798.71,42622, 2902946, 46.65
RBZJEWEL, EQ, 07-Jul-2025,141.57,140.15,146.0,140.15,141.32,141.96,142.86,133376,190.54,3052, 48868, 36.64
RCF, EQ, 07-Jul-2025,156.22,156.4,156.7,153.7,154.11,154.32,154.74,881742,1364.4,10848, 368462, 41.79
RECLTD, EQ, 07-Jul-2025,393.65,393.95,395.5,390.3,391.55,391.6,392.22,4590018,18002.93,72424, 2597603, 56.59
REDINGTON, EQ, 07-Jul-2025,312.0,311.5,315.2,308.85,309.45,310.2,312.03,1501973,4686.55,25326, 640094, 42.62
REDTAPE, EQ, 07-Jul-2025,131.39,131.7,142.3,130.14,139.5,140.46,137.55,2114763,2908.88,28325, 726823, 34.37
REFEX, EQ, 07-Jul-2025,439.15,440.0,468.0,440.0,444.5,444.55,452.65,824164,3730.62,32096, 308330, 37.41
RELAXO, EQ, 07-Jul-2025,464.75,480.0,515.0,475.0,506.0,506.35,503.95,8483496,42752.74,173529, 789366, 9.30
RELCHEMQ, EQ, 07-Jul-2025,180.81,180.81,183.19,176.0,182.24,177.73,179.25,5369,9.62,522, 2672, 49.77
RELIABLE, EQ, 07-Jul-2025,73.66,76.0,76.0,73.6,74.18,74.18,74.14,3314,2.46,216, 2220, 66.99
RELIANCE, EQ, 07-Jul-2025,1527.3,1526.6,1544.8,1525.0,1540.5,1541.5,1539.06,7251074,111598.59,205134, 4790308, 66.06
RELIGARE, EQ, 07-Jul-2025,222.25,221.1,223.2,218.2,219.01,219.13,219.82,370415,814.24,6084, 217023, 58.59
REMSONSIND, EQ, 07-Jul-2025,132.06,133.4,134.01,128.46,129.9,130.18,130.48,146557,191.22,2739, 73297, 50.01
RENUKA, EQ, 07-Jul-2025,32.89,32.64,34.07,32.6,33.29,33.3,33.46,7693900,2574.06,21668, 2162258, 28.10
REPCOHOME, EQ, 07-Jul-2025,430.2,432.45,432.45,419.95,422.0,421.05,423.78,122121,517.52,5048, 73174, 59.92
REPL, EQ, 07-Jul-2025,175.03,175.01,179.65,171.25,172.4,172.86,173.62,12417,21.56,502, 7331, 59.04
REPRO, EQ, 07-Jul-2025,565.8,568.0,568.0,550.1,551.4,552.25,556.59,6907,38.44,696, 4469, 64.70
RESPONIND, EQ, 07-Jul-2025,243.13,243.0,243.0,238.1,238.5,239.71,240.69,76407,183.91,2640, 40571, 53.10
RETAIL, EQ, 07-Jul-2025,36.03,35.44,36.99,35.1,36.0,36.26,36.27,10626,3.85,799, 4905, 46.16
RGL, EQ, 07-Jul-2025,120.16,120.0,121.57,118.5,118.8,120.02,119.79,226555,271.38,2919, 97331, 42.96
RHIM, EQ, 07-Jul-2025,477.9,478.9,483.7,462.1,468.45,469.65,472.06,247564,1168.66,10733, 87671, 35.41
RHL, EQ, 07-Jul-2025,259.05,259.95,271.9,253.0,269.4,268.95,265.51,9850,26.15,422, 8259, 83.85
RICOAUTO, EQ, 07-Jul-2025,76.47,75.33,77.14,74.89,75.33,75.39,75.76,256046,193.98,3547, 110235, 43.05
RIIL, EQ, 07-Jul-2025,953.2,952.85,966.9,933.3,940.0,941.2,951.9,155865,1483.68,8072, 32004, 20.53
RISHABH, EQ, 07-Jul-2025,284.75,284.1,290.15,281.0,281.7,282.45,284.19,23934,68.02,1823, 11560, 48.30
RITCO, EQ, 07-Jul-2025,299.2,298.65,303.15,290.4,296.0,296.25,295.76,230820,682.68,4401, 93176, 40.37
RITES, EQ, 07-Jul-2025,284.95,284.0,287.0,280.8,282.35,281.9,283.24,649853,1840.67,12130, 251690, 38.73
RKDL, EQ, 07-Jul-2025,29.82,30.0,30.0,29.21,29.66,29.7,29.53,17467,5.16,606, 11893, 68.09
RKEC, EQ, 07-Jul-2025,76.99,78.0,78.0,75.52,77.0,76.35,76.94,27714,21.32,414, 19301, 69.64
RKFORGE, EQ, 07-Jul-2025,664.2,663.0,668.7,652.6,655.8,657.2,659.96,279815,1846.68,9682, 116289, 41.56
RKSWAMY, EQ, 07-Jul-2025,177.48,178.98,178.98,175.57,177.9,177.17,177.43,23884,42.38,958, 11609, 48.61
RML, EQ, 07-Jul-2025,909.55,900.45,906.45,889.0,891.5,891.45,894.62,18978,169.78,2313, 8561, 45.11
ROHLTD, EQ, 07-Jul-2025,389.75,389.3,389.9,383.0,385.0,385.35,385.81,20263,78.18,1163, 11325, 55.89
ROLEXRINGS, EQ, 07-Jul-2025,1544.0,1545.0,1598.9,1538.6,1562.1,1566.2,1576.08,35385,557.7,4614, 12549, 35.46
ROSSARI, EQ, 07-Jul-2025,685.35,685.35,692.45,672.2,676.15,677.9,678.66,56372,382.57,5270, 27236, 48.31
ROSSELLIND, EQ, 07-Jul-2025,72.11,74.95,75.7,71.1,73.39,73.31,73.59,106500,78.38,2167, 48894, 45.91
ROTO, EQ, 07-Jul-2025,294.9,299.0,303.5,295.8,301.55,301.95,299.44,451566,1352.19,11531, 221011, 48.94
ROUTE, EQ, 07-Jul-2025,1019.2,1023.9,1024.4,1006.0,1008.0,1011.0,1012.29,62976,637.5,5455, 23630, 37.52
RPEL, EQ, 07-Jul-2025,712.35,708.85,714.45,696.0,702.0,700.6,704.84,22578,159.14,2002, 15361, 68.04
RPGLIFE, EQ, 07-Jul-2025,2519.9,2532.9,2725.0,2510.1,2650.0,2652.2,2653.11,113397,3008.54,18208, 29589, 26.09
RPPINFRA, EQ, 07-Jul-2025,134.08,135.44,136.0,130.5,133.49,133.29,133.96,48765,65.33,813, 37249, 76.38
RPPL, EQ, 07-Jul-2025,27.84,27.89,28.45,27.05,27.06,27.15,27.8,128509,35.73,1694, 77027, 59.94
RPSGVENT, EQ, 07-Jul-2025,926.85,926.75,928.2,904.25,911.0,913.3,914.82,19537,178.73,1756, 11188, 57.27
RPTECH, EQ, 07-Jul-2025,296.5,293.0,299.0,293.0,295.7,297.85,297.18,42632,126.7,1441, 25316, 59.38
RRKABEL, EQ, 07-Jul-2025,1372.0,1380.6,1380.6,1340.0,1344.0,1345.2,1350.6,82672,1116.57,9081, 42008, 50.81
RSWM, EQ, 07-Jul-2025,178.93,178.93,181.82,177.06,178.15,178.7,179.17,11714,20.99,631, 5472, 46.71
RSYSTEMS, EQ, 07-Jul-2025,447.25,457.85,459.0,449.85,450.0,453.35,454.87,110312,501.77,6581, 46327, 42.00
RTNINDIA, EQ, 07-Jul-2025,61.68,61.5,65.6,60.93,63.78,64.08,63.88,20958811,13387.5,64789, 3351224, 15.99
RTNPOWER, EQ, 07-Jul-2025,14.75,14.79,16.14,14.57,16.0,15.92,15.58,356543170,55549.44,186480, 75555381, 21.19
RUBFILA, EQ, 07-Jul-2025,87.08,87.01,87.01,84.1,84.4,84.55,85.42,63808,54.51,2167, 42814, 67.10
RUBYMILLS, EQ, 07-Jul-2025,247.56,249.9,252.0,247.0,249.0,250.35,249.98,24982,62.45,896, 15801, 63.25
RUCHIRA, EQ, 07-Jul-2025,146.37,147.43,149.0,143.3,144.99,144.58,146.36,306497,448.59,4538, 146126, 47.68
RUPA, EQ, 07-Jul-2025,217.91,218.0,227.5,216.16,217.0,217.83,221.73,358563,795.06,10231, 163997, 45.74
RUSHIL, EQ, 07-Jul-2025,28.94,29.0,29.0,28.33,28.68,28.5,28.62,327858,93.84,1340, 227981, 69.54
RUSTOMJEE, EQ, 07-Jul-2025,636.7,654.0,675.4,635.2,639.4,642.4,653.5,250690,1638.27,13818, 49228, 19.64
RVHL, EQ, 07-Jul-2025,50.37,49.87,51.29,49.71,50.55,50.12,50.47,35435,17.88,929, 22830, 64.43
RVNL, EQ, 07-Jul-2025,391.4,393.4,395.5,388.8,389.3,389.45,391.53,4375527,17131.65,49896, 1163079, 26.58
SABTNL, EQ, 07-Jul-2025,1171.25,1229.8,1229.8,1229.8,1229.8,1229.8,1229.8,2204,27.1,161, 2204, 100.00
SADBHAV, EQ, 07-Jul-2025,12.53,12.67,12.85,12.05,12.08,12.11,12.23,970707,118.7,1756, 553124, 56.98
SADBHIN, EQ, 07-Jul-2025,5.13,5.17,5.17,4.82,4.95,4.93,4.97,229843,11.42,1361, 151090, 65.74
SAFARI, EQ, 07-Jul-2025,2200.8,2211.8,2255.0,2190.8,2254.0,2237.2,2231.34,19519,435.53,6174, 10370, 53.13
SAGARDEEP, EQ, 07-Jul-2025,31.65,31.6,31.79,30.96,31.35,31.35,31.36,11351,3.56,317, 7388, 65.09
SAGCEM, EQ, 07-Jul-2025,244.96,246.72,254.5,240.41,251.0,252.25,249.91,152126,380.18,5482, 82820, 54.44
SAGILITY, EQ, 07-Jul-2025,42.74,42.8,42.9,41.11,41.35,41.39,41.62,25440998,10589.1,51338, 13538892, 53.22
SAHYADRI, EQ, 07-Jul-2025,306.2,317.95,317.95,302.65,306.35,305.5,307.72,2409,7.41,278, 1270, 52.72
SAIL, EQ, 07-Jul-2025,134.72,133.76,134.35,132.34,133.75,133.47,133.33,5328237,7104.12,29477, 1264631, 23.73
SAILIFE, EQ, 07-Jul-2025,792.75,792.75,808.65,788.0,793.7,793.65,797.99,1077061,8594.86,28591, 710272, 65.95
SAKHTISUG, EQ, 07-Jul-2025,25.1,25.1,26.3,24.88,25.72,25.73,25.74,342092,88.05,1884, 143368, 41.91
SAKSOFT, EQ, 07-Jul-2025,235.37,233.6,234.03,226.1,226.5,226.81,229.67,1142032,2622.94,22332, 339974, 29.77
SALASAR, EQ, 07-Jul-2025,7.57,7.59,7.75,7.35,7.38,7.41,7.53,19927751,1500.2,15401, 8190727, 41.10
SALONA, EQ, 07-Jul-2025,258.15,256.0,259.45,250.25,259.4,254.85,255.39,460,1.17,81, 282, 61.30
SALSTEEL, EQ, 07-Jul-2025,17.16,17.0,18.5,16.6,18.11,18.17,18.0,439808,79.16,2639, 195341, 44.42
SALZERELEC, EQ, 07-Jul-2025,896.95,898.9,906.9,882.0,885.0,883.85,890.81,66224,589.93,4817, 37332, 56.37
SAMBHAAV, EQ, 07-Jul-2025,7.03,7.17,7.17,6.96,6.98,7.0,7.01,15530,1.09,231, 9616, 61.92
SAMBHV, EQ, 07-Jul-2025,102.43,102.89,103.79,98.5,99.49,99.39,100.52,3947379,3968.0,29673, 1780022, 45.09
SAMHI, EQ, 07-Jul-2025,218.8,219.44,221.8,216.11,219.0,220.39,219.32,801813,1758.56,20732, 393024, 49.02
SAMMAANCAP, EQ, 07-Jul-2025,123.19,124.0,125.25,122.63,124.0,123.89,123.75,6330837,7834.38,30538, 2831925, 44.73
SAMPANN, EQ, 07-Jul-2025,28.5,28.5,28.96,27.9,28.65,28.44,28.39,11036,3.13,353, 6321, 57.28
SANATHAN, EQ, 07-Jul-2025,497.0,499.9,504.0,484.2,499.3,500.35,494.37,128062,633.1,5974, 67660, 52.83
SANDESH, EQ, 07-Jul-2025,1182.9,1195.0,1221.9,1184.7,1199.0,1197.9,1204.69,2432,29.3,508, 1176, 48.36
SANDHAR, EQ, 07-Jul-2025,530.2,537.6,537.6,517.5,520.55,521.7,522.63,71098,371.58,5113, 32576, 45.82
SANDUMA, EQ, 07-Jul-2025,494.5,495.4,496.5,480.0,480.4,481.3,485.13,138655,672.66,7764, 65720, 47.40
SANGAMIND, EQ, 07-Jul-2025,453.8,455.0,458.55,441.0,444.0,443.1,448.56,23816,106.83,1641, 8735, 36.68
SANGHIIND, EQ, 07-Jul-2025,67.03,67.03,67.23,65.7,65.9,66.2,66.22,204233,135.24,1536, 115094, 56.35
SANGHVIMOV, EQ, 07-Jul-2025,279.65,282.8,283.75,276.35,276.65,277.85,278.98,171710,479.04,5400, 75630, 44.05
SANGINITA, EQ, 07-Jul-2025,10.21,10.32,10.53,10.22,10.44,10.42,10.42,26669,2.78,131, 23234, 87.12
SANOFI, EQ, 07-Jul-2025,6081.0,6081.0,6085.5,5979.0,6001.0,6001.5,6004.36,46242,2776.54,5650, 39947, 86.39
SANOFICONR, EQ, 07-Jul-2025,5371.5,5340.0,5448.5,5241.0,5305.0,5373.5,5332.7,7511,400.54,1997, 4409, 58.70
SANSERA, EQ, 07-Jul-2025,1383.6,1380.1,1414.5,1380.1,1411.0,1410.4,1402.79,209790,2942.91,10397, 166188, 79.22
SANSTAR, EQ, 07-Jul-2025,98.99,98.5,100.13,97.75,98.4,98.09,98.76,647721,639.7,7351, 163753, 25.28
SAPPHIRE, EQ, 07-Jul-2025,336.75,333.0,338.7,328.35,333.35,335.25,332.85,969415,3226.7,30755, 293716, 30.30
SARDAEN, EQ, 07-Jul-2025,432.5,433.1,435.6,423.3,425.35,426.5,427.69,228350,976.63,13240, 109868, 48.11
SAREGAMA, EQ, 07-Jul-2025,494.35,494.35,496.35,486.75,490.5,489.55,489.8,161236,789.73,10053, 94393, 58.54
SARVESHWAR, EQ, 07-Jul-2025,8.11,8.25,8.99,8.1,8.57,8.56,8.62,24524501,2114.72,17675, 8205039, 33.46
SASKEN, EQ, 07-Jul-2025,1477.7,1471.0,1495.0,1468.1,1471.0,1485.6,1482.42,7822,115.95,1443, 4367, 55.83
SASTASUNDR, EQ, 07-Jul-2025,287.9,292.2,294.05,282.4,284.0,284.5,287.3,5403,15.52,475, 3179, 58.84
SATIA, EQ, 07-Jul-2025,93.75,93.76,95.29,91.58,92.25,92.78,93.25,160086,149.27,2798, 72176, 45.09
SATIN, EQ, 07-Jul-2025,172.67,172.54,173.33,166.05,166.9,166.75,168.98,204043,344.8,4323, 117909, 57.79
SAURASHCEM, EQ, 07-Jul-2025,91.01,90.2,91.55,89.1,89.51,89.87,90.04,55650,50.11,1312, 32822, 58.98
SBC, EQ, 07-Jul-2025,14.94,14.94,15.6,14.86,15.32,15.29,15.31,8271171,1265.93,6829, 4454877, 53.86
SBCL, EQ, 07-Jul-2025,535.05,535.0,560.5,528.55,555.6,555.9,547.76,120483,659.96,9303, 65089, 54.02
SBFC, EQ, 07-Jul-2025,110.89,110.65,113.73,109.62,112.31,112.74,112.2,2318287,2601.18,23968, 950916, 41.02
SBIBPB, EQ, 07-Jul-2025,41.78,41.98,42.1,41.35,41.8,41.64,41.81,8388,3.51,108, 4409, 52.56
SBICARD, EQ, 07-Jul-2025,909.6,909.6,919.85,906.7,908.05,908.95,912.39,925809,8446.99,38836, 529469, 57.19
SBIETFCON, EQ, 07-Jul-2025,120.85,120.25,121.99,120.25,121.35,121.26,121.21,2602,3.15,153, 1778, 68.33
SBIETFIT, EQ, 07-Jul-2025,424.77,422.65,428.97,421.0,421.3,421.58,422.74,2866,12.12,200, 2105, 73.45
SBIETFPB, EQ, 07-Jul-2025,284.61,283.34,285.64,283.33,284.35,284.44,284.32,3456,9.83,91, 2695, 77.98
SBIETFQLTY, EQ, 07-Jul-2025,227.24,227.24,227.6,226.73,227.27,227.27,226.96,1587,3.6,72, 1581, 99.62
SBILIFE, EQ, 07-Jul-2025,1799.7,1799.7,1811.8,1792.2,1809.0,1808.3,1803.92,376143,6785.32,34525, 241805, 64.29
SBIN, EQ, 07-Jul-2025,811.85,811.2,812.65,805.15,807.0,806.85,807.71,4461783,36038.4,110862, 2513816, 56.34
SBINEQWETF, EQ, 07-Jul-2025,32.11,31.3,32.47,31.3,32.07,32.12,32.11,11119,3.57,190, 10119, 91.01
SBISILVER, EQ, 07-Jul-2025,106.43,109.09,109.09,105.7,106.6,106.5,106.46,366865,390.55,859, 282628, 77.04
SCHAEFFLER, EQ, 07-Jul-2025,3932.0,3920.0,4039.0,3914.0,3985.5,3987.6,3970.32,142324,5650.72,20095, 101084, 71.02
SCHAND, EQ, 07-Jul-2025,231.76,231.75,234.0,225.61,228.5,228.29,228.93,46999,107.6,2029, 24048, 51.17
SCI, EQ, 07-Jul-2025,221.43,222.5,231.75,222.3,227.7,228.36,229.03,12063442,27628.52,89645, 2249781, 18.65
SCILAL, EQ, 07-Jul-2025,52.8,52.5,54.5,52.41,53.8,53.7,53.76,802212,431.27,4994, 269525, 33.60
SCODATUBES, EQ, 07-Jul-2025,205.22,205.0,205.0,196.0,196.79,196.83,199.31,791753,1578.05,14288, 286126, 36.14
SCPL, EQ, 07-Jul-2025,308.85,305.0,315.0,305.0,310.0,309.8,311.28,9687,30.15,609, 6628, 68.42
SDBL, EQ, 07-Jul-2025,156.69,156.69,158.88,154.35,155.1,155.29,156.25,753055,1176.67,10608, 322003, 42.76
SDL26BEES, EQ, 07-Jul-2025,131.83,132.31,132.32,131.02,131.18,131.29,131.59,1246,1.64,132, 783, 62.84
SEAMECLTD, EQ, 07-Jul-2025,875.05,883.8,887.85,848.85,860.0,859.2,864.0,18038,155.85,2206, 11655, 64.61
SELAN, EQ, 07-Jul-2025,710.1,720.0,720.0,687.3,693.1,691.0,699.07,78681,550.03,4181, 42047, 53.44
SELECTIPO, EQ, 07-Jul-2025,48.92,48.8,48.94,48.68,48.82,48.87,48.86,45858,22.41,99, 44564, 97.18
SEMAC, EQ, 07-Jul-2025,479.2,479.95,489.95,471.2,488.0,482.9,481.79,4045,19.49,464, 1084, 26.80
SENCO, EQ, 07-Jul-2025,349.9,365.0,367.35,354.35,364.0,363.7,364.61,3262646,11896.02,38112, 2060961, 63.17
SENORES, EQ, 07-Jul-2025,566.8,567.0,579.95,558.55,571.5,573.85,569.88,314754,1793.72,15367, 127422, 40.48
SENSEXADD, EQ, 07-Jul-2025,85.28,85.28,86.8,84.79,84.89,85.22,85.12,1709,1.45,48, 764, 44.70
SENSEXETF, EQ, 07-Jul-2025,85.18,85.0,85.29,84.87,85.25,85.11,85.08,8281,7.05,245, 5817, 70.25
SENSEXIETF, EQ, 07-Jul-2025,948.9,952.12,954.3,946.0,950.34,949.43,948.56,6986,66.27,838, 5303, 75.91
SEPC, EQ, 07-Jul-2025,13.39,13.39,13.66,13.31,13.4,13.39,13.47,4423555,595.95,5498, 1887532, 42.67
SEQUENT, EQ, 07-Jul-2025,188.38,187.8,189.8,183.39,184.0,184.08,185.57,330349,613.04,9307, 166260, 50.33
SERVOTECH, EQ, 07-Jul-2025,146.68,147.0,147.33,141.52,143.0,143.32,143.74,675874,971.47,7970, 272273, 40.28
SESHAPAPER, EQ, 07-Jul-2025,305.6,307.0,316.95,304.5,305.5,306.6,310.09,88119,273.24,3186, 29477, 33.45
SETF10GILT, EQ, 07-Jul-2025,258.65,258.64,258.87,257.58,258.25,258.26,258.36,11861,30.64,111, 10375, 87.47
SETFGOLD, EQ, 07-Jul-2025,83.35,81.26,85.43,81.26,83.08,83.09,83.07,2738151,2274.56,7549, 2290159, 83.64
SETFNIF50, EQ, 07-Jul-2025,270.96,274.0,274.0,269.98,270.56,270.65,270.48,542759,1468.04,5045, 443360, 81.69
SETFNIFBK, EQ, 07-Jul-2025,581.41,582.99,584.0,579.82,580.53,580.83,580.35,42446,246.34,442, 39577, 93.24
SETFNN50, EQ, 07-Jul-2025,728.63,728.9,731.87,725.03,728.7,727.82,728.83,25657,186.99,1323, 15657, 61.02
SFL, EQ, 07-Jul-2025,698.5,705.4,708.2,683.0,687.9,686.2,690.8,145489,1005.04,11579, 81006, 55.68
SGIL, EQ, 07-Jul-2025,527.35,530.0,532.0,511.0,522.0,521.45,517.74,9282,48.06,1021, 4850, 52.25
SHAHALLOYS, EQ, 07-Jul-2025,65.21,66.0,68.47,65.75,68.45,68.24,67.94,90224,61.3,720, 73712, 81.70
SHAILY, EQ, 07-Jul-2025,1628.4,1632.0,1647.9,1610.6,1611.0,1613.0,1622.8,22383,363.23,4865, 12176, 54.40
SHAKTIPUMP, EQ, 07-Jul-2025,936.95,940.0,944.85,925.0,927.8,927.2,934.14,331390,3095.66,17174, 150887, 45.53
SHALBY, EQ, 07-Jul-2025,186.15,186.98,189.0,183.15,186.5,186.63,187.13,111002,207.71,3313, 62127, 55.97
SHALPAINTS, EQ, 07-Jul-2025,95.93,96.1,96.67,95.25,95.5,95.77,95.9,75242,72.16,948, 46292, 61.52
SHANKARA, EQ, 07-Jul-2025,1002.7,998.0,1016.4,998.0,1008.2,1008.6,1008.62,35661,359.69,4065, 19393, 54.38
SHANTIGEAR, EQ, 07-Jul-2025,506.95,510.0,510.0,498.0,504.8,499.85,501.18,31022,155.48,2565, 19383, 62.48
SHARDACROP, EQ, 07-Jul-2025,918.4,919.8,919.95,849.2,854.0,853.5,866.76,597221,5176.5,33496, 212475, 35.58
SHARDAMOTR, EQ, 07-Jul-2025,1052.7,1045.0,1248.0,1026.4,1186.0,1216.7,1182.15,733521,8671.31,57823, 95688, 13.05
SHAREINDIA, EQ, 07-Jul-2025,181.03,181.4,181.93,176.01,176.3,176.41,177.79,317569,564.6,5739, 191823, 60.40
SHARIABEES, EQ, 07-Jul-2025,514.51,514.51,519.15,512.79,515.1,515.12,515.05,7803,40.19,709, 5546, 71.08
SHEMAROO, EQ, 07-Jul-2025,144.84,142.22,150.0,141.36,141.65,143.02,145.79,34944,50.95,973, 17457, 49.96
SHIVALIK, EQ, 07-Jul-2025,536.0,544.05,554.8,521.8,546.0,548.15,538.1,76246,410.28,4187, 35565, 46.65
SHIVAMAUTO, EQ, 07-Jul-2025,30.38,30.38,31.28,30.06,31.0,30.92,30.95,91547,28.34,701, 63516, 69.38
SHIVAMILLS, EQ, 07-Jul-2025,78.77,79.95,79.95,77.5,77.98,77.95,78.06,2124,1.66,68, 1494, 70.34
SHIVATEX, EQ, 07-Jul-2025,210.65,212.4,212.4,202.6,204.0,203.08,207.16,6906,14.31,528, 3818, 55.29
SHK, EQ, 07-Jul-2025,234.78,234.78,237.76,230.0,234.5,234.49,233.31,287772,671.39,8889, 129942, 45.15
SHOPERSTOP, EQ, 07-Jul-2025,502.1,497.5,510.4,494.0,496.0,496.25,500.01,13306,66.53,2517, 5731, 43.07
SHRADHA, EQ, 07-Jul-2025,68.88,68.25,81.2,66.0,78.0,75.12,73.44,47062,34.56,702, 33687, 71.58
SHREDIGCEM, EQ, 07-Jul-2025,79.35,79.9,80.0,77.61,78.4,78.46,78.6,180475,141.85,3229, 105817, 58.63
SHREECEM, EQ, 07-Jul-2025,31315.0,31315.0,31385.0,30825.0,31170.0,31105.0,31080.95,15768,4900.84,8729, 8868, 56.24
SHREEPUSHK, EQ, 07-Jul-2025,341.65,343.95,343.95,330.85,333.0,332.6,335.85,48685,163.51,2018, 23877, 49.04
SHREERAMA, EQ, 07-Jul-2025,41.06,40.55,41.55,40.01,40.23,40.23,40.57,57687,23.4,708, 32252, 55.91
SHRENIK, EQ, 07-Jul-2025,0.61,0.61,0.62,0.59,0.61,0.6,0.6,798028,4.8,551, 534514, 66.98
SHRIPISTON, EQ, 07-Jul-2025,2571.9,2589.0,2594.7,2496.2,2515.0,2508.5,2527.74,46393,1172.7,7405, 23452, 50.55
SHRIRAMFIN, EQ, 07-Jul-2025,676.15,676.15,680.0,669.0,670.9,671.3,673.15,1770086,11915.28,54607, 923605, 52.18
SHRIRAMPPS, EQ, 07-Jul-2025,96.44,96.99,97.8,95.63,96.07,96.19,96.58,1061768,1025.51,7802, 375462, 35.36
SHYAMMETL, EQ, 07-Jul-2025,878.55,871.6,877.5,865.0,873.0,872.75,869.56,132073,1148.45,6059, 60018, 45.44
SIEMENS, EQ, 07-Jul-2025,3292.4,3290.0,3307.5,3250.0,3285.0,3278.2,3279.15,439627,14416.03,38864, 218679, 49.74
SIGACHI, EQ, 07-Jul-2025,44.82,45.11,45.39,43.9,44.3,44.42,44.63,15048863,6716.4,23140, 2652521, 17.63
SIGNATURE, EQ, 07-Jul-2025,1249.8,1242.1,1253.6,1231.0,1236.5,1234.3,1244.42,255957,3185.17,5352, 30839, 12.05
SIGNPOST, EQ, 07-Jul-2025,234.23,233.9,235.8,227.25,227.86,229.65,230.61,140375,323.72,3841, 70370, 50.13
SIKKO, EQ, 07-Jul-2025,78.46,78.46,80.95,78.07,79.09,79.0,79.24,24917,19.74,555, 11565, 46.41
SIL, EQ, 07-Jul-2025,19.42,19.07,19.69,19.07,19.32,19.42,19.39,18685,3.62,371, 12655, 67.73
SILINV, EQ, 07-Jul-2025,606.25,610.0,618.0,601.55,602.6,603.3,611.02,3324,20.31,353, 2509, 75.48
SILLYMONKS, EQ, 07-Jul-2025,16.33,16.99,16.99,15.9,16.02,16.35,16.53,10668,1.76,56, 6957, 65.21
SILVER, EQ, 07-Jul-2025,108.24,109.4,109.5,107.33,108.09,108.1,108.07,252343,272.71,1881, 214399, 84.96
SILVER1, EQ, 07-Jul-2025,105.15,105.15,106.15,104.04,105.17,105.08,105.13,278425,292.71,1130, 169998, 61.06
SILVER360, EQ, 07-Jul-2025,107.0,107.0,107.5,106.4,106.4,106.53,107.05,3554,3.8,71, 2199, 61.87
SILVERADD, EQ, 07-Jul-2025,104.49,107.62,107.62,103.63,104.15,104.39,104.31,475757,496.25,313, 459252, 96.53
SILVERBEES, EQ, 07-Jul-2025,103.9,104.39,104.39,103.07,103.85,103.79,103.69,8720372,9042.14,25078, 5543540, 63.57
SILVERCASE, EQ, 07-Jul-2025,11.03,11.18,11.36,10.96,11.01,11.0,11.02,569368,62.75,1413, 478316, 84.01
SILVERETF, EQ, 07-Jul-2025,105.04,106.5,106.5,104.3,105.14,105.0,105.05,279335,293.44,1128, 193800, 69.38
SILVERIETF, EQ, 07-Jul-2025,108.12,110.82,110.82,107.27,108.02,108.04,107.98,3901914,4213.09,6236, 3589381, 91.99
SILVERTUC, EQ, 07-Jul-2025,742.0,742.0,760.9,733.8,744.95,743.5,745.12,5793,43.16,710, 2594, 44.78
SILVRETF, EQ, 07-Jul-2025,105.75,106.27,106.29,105.1,105.65,105.68,105.57,61339,64.76,352, 46709, 76.15
SIMPLEXINF, EQ, 07-Jul-2025,258.7,258.7,262.0,255.55,257.6,258.45,258.38,12935,33.42,647, 7281, 56.29
SINCLAIR, EQ, 07-Jul-2025,100.38,98.31,100.31,95.34,96.1,96.03,96.74,40627,39.3,1081, 21344, 52.54
SINDHUTRAD, EQ, 07-Jul-2025,35.74,36.89,39.29,32.01,33.45,33.4,36.09,26609055,9603.88,73128, 5073887, 19.07
SINTERCOM, EQ, 07-Jul-2025,126.0,124.51,127.9,124.51,125.0,125.11,125.65,4074,5.12,365, 2386, 58.57
SIRCA, EQ, 07-Jul-2025,382.0,393.0,409.4,391.0,405.35,405.95,403.56,1527697,6165.11,30396, 601574, 39.38
SIS, EQ, 07-Jul-2025,371.0,368.3,374.0,366.3,373.5,371.7,370.33,36255,134.26,3090, 19506, 53.80
SIYSIL, EQ, 07-Jul-2025,713.75,713.5,714.75,695.0,696.25,700.1,703.38,37544,264.08,4468, 16700, 44.48
SJS, EQ, 07-Jul-2025,1277.1,1277.2,1287.9,1247.2,1256.2,1255.1,1261.68,84543,1066.66,7626, 43066, 50.94
SJVN, EQ, 07-Jul-2025,98.45,98.0,99.89,97.79,98.7,98.6,98.98,3434013,3398.98,28052, 1082215, 31.51
SKFINDIA, EQ, 07-Jul-2025,4955.8,4970.0,5020.0,4902.1,4930.8,4942.7,4962.06,31174,1546.87,7031, 12791, 41.03
SKIPPER, EQ, 07-Jul-2025,495.1,492.65,494.5,487.0,487.05,487.75,489.26,155045,758.57,7870, 72570, 46.81
SKYGOLD, EQ, 07-Jul-2025,317.3,319.0,329.4,315.75,326.0,326.65,324.46,983364,3190.58,12010, 521414, 53.02
SMALLCAP, EQ, 07-Jul-2025,48.2,48.48,48.75,47.89,48.02,48.07,48.05,1004611,482.7,3860, 668227, 66.52
SMARTLINK, EQ, 07-Jul-2025,156.85,156.8,161.95,156.48,156.7,157.49,159.19,12388,19.72,495, 5902, 47.64
SMCGLOBAL, EQ, 07-Jul-2025,153.7,154.79,154.79,149.8,153.9,152.46,151.87,191125,290.26,3635, 96620, 50.55
SMLISUZU, EQ, 07-Jul-2025,2722.8,2714.8,2757.0,2554.2,2700.0,2695.5,2664.48,327999,8739.45,25003, 70049, 21.36
SMLT, EQ, 07-Jul-2025,128.8,130.7,130.7,122.5,125.0,123.81,126.95,18842,23.92,1273, 9358, 49.67
SMSLIFE, EQ, 07-Jul-2025,1209.7,1209.8,1214.0,1180.4,1214.0,1207.4,1196.57,127,1.52,52, 81, 63.78
SMSPHARMA, EQ, 07-Jul-2025,243.45,243.0,247.0,241.0,242.0,242.45,244.02,41431,101.1,1981, 18727, 45.20
SNOWMAN, EQ, 07-Jul-2025,60.12,60.1,60.33,58.72,58.85,59.05,59.35,221274,131.33,2223, 109607, 49.53
SNXT30BEES, EQ, 07-Jul-2025,39.34,39.78,39.78,39.09,39.35,39.32,39.37,1264,0.5,78, 1135, 89.79
SOBHA, EQ, 07-Jul-2025,1519.7,1520.1,1533.6,1498.0,1512.0,1515.9,1515.48,203729,3087.48,20132, 69590, 34.16
SOFTTECH, EQ, 07-Jul-2025,390.9,383.0,403.0,382.5,402.9,401.5,395.62,15306,60.55,1892, 5896, 38.52
SOLARA, EQ, 07-Jul-2025,636.8,635.0,646.6,629.5,632.8,632.5,637.5,71025,452.78,5955, 33094, 46.59
SOLARINDS, EQ, 07-Jul-2025,16856.0,16856.0,16944.0,16570.0,16720.0,16717.0,16721.3,164158,27449.36,36594, 93901, 57.20
SOMANYCERA, EQ, 07-Jul-2025,590.65,590.0,590.0,571.35,582.05,577.05,577.9,30113,174.02,3110, 13178, 43.76
SOMATEX, EQ, 07-Jul-2025,45.46,45.4,45.79,44.74,45.35,45.26,45.19,13797,6.23,252, 9048, 65.58
SOMICONVEY, EQ, 07-Jul-2025,153.77,153.0,169.45,152.41,160.0,158.01,161.69,72986,118.01,2805, 12809, 17.55
SONACOMS, EQ, 07-Jul-2025,478.4,478.4,480.5,466.1,468.4,468.3,470.74,1635790,7700.39,67518, 833682, 50.97
SONAMLTD, EQ, 07-Jul-2025,48.78,49.5,50.18,48.21,48.6,48.56,49.16,44502,21.88,516, 20247, 45.50
SONATSOFTW, EQ, 07-Jul-2025,410.5,410.4,417.8,407.0,417.0,417.1,414.17,764177,3164.99,16499, 458328, 59.98
SOTL, EQ, 07-Jul-2025,444.7,444.9,450.0,431.15,431.5,434.3,440.32,21556,94.92,1816, 9620, 44.63
SOUTHBANK, EQ, 07-Jul-2025,30.68,30.64,30.89,30.32,30.38,30.4,30.54,6983103,2132.94,31315, 3826765, 54.80
SPAL, EQ, 07-Jul-2025,854.3,861.9,864.3,839.0,843.9,841.65,845.09,11193,94.59,1359, 4462, 39.86
SPANDANA, EQ, 07-Jul-2025,287.85,285.55,289.9,278.0,282.0,280.95,282.84,194038,548.81,9349, 93091, 47.98
SPARC, EQ, 07-Jul-2025,158.84,158.84,159.7,156.49,157.0,157.17,157.76,238608,376.44,6128, 107431, 45.02
SPECIALITY, EQ, 07-Jul-2025,125.88,125.9,127.1,124.95,125.6,126.1,125.88,31719,39.93,1302, 17379, 54.79
SPECTRUM, EQ, 07-Jul-2025,1489.3,1496.4,1530.3,1460.2,1486.0,1504.0,1502.7,3251,48.85,801, 1282, 39.43
SPENCERS, EQ, 07-Jul-2025,62.26,62.3,62.76,60.86,61.16,61.21,61.59,124925,76.94,1500, 71875, 57.53
SPIC, EQ, 07-Jul-2025,89.4,89.1,90.4,87.05,87.27,87.47,88.43,414648,366.66,3818, 212470, 51.24
SPLPETRO, EQ, 07-Jul-2025,817.4,817.4,826.9,811.0,814.0,817.9,816.42,22063,180.13,2226, 8034, 36.41
SPMLINFRA, EQ, 07-Jul-2025,237.44,236.1,243.99,230.86,235.26,236.76,238.26,533623,1271.39,5808, 403018, 75.52
SPORTKING, EQ, 07-Jul-2025,112.98,114.09,116.99,111.31,111.31,111.62,113.17,161372,182.62,3084, 73078, 45.29
SRD, EQ, 07-Jul-2025,80.02,81.18,81.18,78.24,79.95,79.07,80.01,472684,378.19,1754, 98643, 20.87
SREEL, EQ, 07-Jul-2025,251.9,251.9,252.6,245.95,249.9,248.3,249.1,3473,8.65,591, 1408, 40.54
SRF, EQ, 07-Jul-2025,3230.5,3227.0,3246.9,3201.0,3243.1,3239.4,3236.64,218313,7066.01,27101, 136760, 62.64
SRGHFL, EQ, 07-Jul-2025,315.0,306.35,320.0,306.35,315.0,313.2,315.82,2119,6.69,205, 1283, 60.55
SRHHYPOLTD, EQ, 07-Jul-2025,641.15,641.45,649.7,636.55,637.0,638.3,641.15,9202,59.0,964, 4062, 44.14
SRM, EQ, 07-Jul-2025,485.2,488.8,488.8,472.0,482.0,476.75,479.53,66339,318.11,3376, 35016, 52.78
SSDL, EQ, 07-Jul-2025,97.51,97.25,98.98,96.1,96.46,96.7,97.18,28255,27.46,920, 14312, 50.65
SSWL, EQ, 07-Jul-2025,252.9,254.0,256.95,242.2,244.15,244.7,246.82,691587,1706.94,20530, 331872, 47.99
STANLEY, EQ, 07-Jul-2025,330.0,333.3,333.3,321.5,330.0,327.1,327.58,81418,266.71,3828, 38468, 47.25
STAR, EQ, 07-Jul-2025,885.25,887.8,889.0,867.1,868.0,872.15,877.99,316494,2778.78,14120, 152525, 48.19
STARCEMENT, EQ, 07-Jul-2025,212.76,213.0,213.9,211.5,212.6,212.51,212.68,57018,121.27,2127, 34307, 60.17
STARHEALTH, EQ, 07-Jul-2025,423.25,425.8,425.8,417.55,422.1,422.0,420.4,492117,2068.86,10358, 329266, 66.91
STARPAPER, EQ, 07-Jul-2025,184.57,184.57,188.58,183.01,184.2,184.37,186.03,37407,69.59,1031, 20385, 54.50
STARTECK, EQ, 07-Jul-2025,296.0,298.65,299.95,293.1,293.65,294.55,296.88,8624,25.6,459, 430, 4.99
STEELCAS, EQ, 07-Jul-2025,1211.5,1217.8,1242.8,1170.0,1179.8,1183.3,1199.17,29148,349.53,6326, 10865, 37.28
STEELCITY, EQ, 07-Jul-2025,110.41,110.0,111.9,107.1,108.5,107.88,109.26,13224,14.45,375, 9147, 69.17
STEELXIND, EQ, 07-Jul-2025,10.0,10.19,10.2,9.78,9.8,9.81,9.95,4302546,428.25,5441, 2065924, 48.02
STEL, EQ, 07-Jul-2025,412.2,419.6,420.0,405.2,408.0,409.1,410.86,1199,4.93,205, 681, 56.80
STERTOOLS, EQ, 07-Jul-2025,355.5,355.5,360.75,348.0,349.2,349.15,352.75,79215,279.43,3730, 39918, 50.39
STLTECH, EQ, 07-Jul-2025,115.3,115.8,117.25,110.71,111.38,111.52,113.89,4198276,4781.47,20234, 1328454, 31.64
STOVEKRAFT, EQ, 07-Jul-2025,605.65,605.65,611.7,588.15,591.0,590.65,598.29,53647,320.97,3810, 31295, 58.34
STYLAMIND, EQ, 07-Jul-2025,1619.2,1619.2,1630.6,1600.0,1616.8,1612.5,1615.52,28299,457.18,4932, 14921, 52.73
STYLEBAAZA, EQ, 07-Jul-2025,296.15,293.25,298.45,286.45,287.9,287.6,290.72,183592,533.74,8264, 87415, 47.61
STYRENIX, EQ, 07-Jul-2025,3176.9,3176.9,3215.5,3151.0,3200.0,3191.0,3180.34,13651,434.15,3185, 6699, 49.07
SUBROS, EQ, 07-Jul-2025,979.35,976.0,999.0,960.0,960.4,965.3,976.51,112344,1097.05,9905, 37298, 33.20
SUDARSCHEM, EQ, 07-Jul-2025,1254.6,1255.8,1259.8,1225.0,1233.0,1230.4,1239.22,60361,748.0,6441, 28170, 46.67
SUKHJITS, EQ, 07-Jul-2025,182.02,180.05,185.0,179.7,182.8,181.07,182.49,21527,39.28,442, 17180, 79.81
SULA, EQ, 07-Jul-2025,304.95,306.85,308.25,303.1,303.95,305.1,305.52,200477,612.5,6404, 90744, 45.26
SUMICHEM, EQ, 07-Jul-2025,536.05,535.6,562.95,529.3,554.0,553.85,551.86,1270967,7013.9,46193, 416518, 32.77
SUMIT, EQ, 07-Jul-2025,97.95,100.0,100.0,97.3,97.88,97.77,98.42,16816,16.55,728, 8843, 52.59
SUMMITSEC, EQ, 07-Jul-2025,2052.6,2052.0,2060.9,2016.1,2027.2,2031.5,2041.19,4279,87.34,1256, 2548, 59.55
SUNCLAY, EQ, 07-Jul-2025,2072.4,2090.0,2107.9,2050.0,2050.0,2057.8,2074.85,3336,69.22,1037, 1993, 59.74
SUNDARAM, EQ, 07-Jul-2025,2.22,2.24,2.27,2.22,2.25,2.26,2.25,596780,13.4,710, 504717, 84.57
SUNDARMFIN, EQ, 07-Jul-2025,5168.0,5125.5,5197.0,5100.5,5150.0,5166.5,5152.86,26671,1374.32,6624, 10152, 38.06
SUNDARMHLD, EQ, 07-Jul-2025,498.45,507.25,507.25,495.55,499.5,499.3,500.79,82568,413.49,5086, 35505, 43.00
SUNDRMBRAK, EQ, 07-Jul-2025,795.15,795.6,802.35,785.0,785.0,790.2,795.56,836,6.65,167, 634, 75.84
SUNDRMFAST, EQ, 07-Jul-2025,1070.3,1077.5,1080.0,1040.3,1043.0,1046.8,1053.11,75897,799.28,9262, 31080, 40.95
SUNDROP, EQ, 07-Jul-2025,886.3,878.8,920.95,870.15,890.0,893.8,896.31,18603,166.74,1485, 9550, 51.34
SUNFLAG, EQ, 07-Jul-2025,308.05,309.3,312.35,300.7,302.4,302.05,305.76,421018,1287.3,10561, 170516, 40.50
SUNPHARMA, EQ, 07-Jul-2025,1676.3,1674.7,1682.4,1663.0,1680.5,1679.9,1674.99,1550620,25972.8,66273, 1080708, 69.70
SUNTECK, EQ, 07-Jul-2025,441.4,442.6,449.0,440.7,442.2,443.55,444.38,132818,590.22,10440, 69106, 52.03
SUNTV, EQ, 07-Jul-2025,590.0,594.0,594.0,576.0,578.0,580.05,581.68,282832,1645.18,14758, 151129, 53.43
SUPERHOUSE, EQ, 07-Jul-2025,176.3,177.2,177.2,174.0,175.0,176.69,175.92,3429,6.03,185, 2130, 62.12
SUPERSPIN, EQ, 07-Jul-2025,11.03,11.06,11.06,10.61,10.76,10.83,10.81,30874,3.34,189, 18843, 61.03
SUPRAJIT, EQ, 07-Jul-2025,474.85,474.5,474.5,465.0,467.3,466.35,469.38,148384,696.49,6944, 110798, 74.67
SUPREME, EQ, 07-Jul-2025,81.92,81.1,83.21,78.21,78.6,79.31,80.25,35294,28.32,727, 17353, 49.17
SUPREMEIND, EQ, 07-Jul-2025,4265.2,4270.0,4292.9,4239.2,4269.9,4273.6,4268.57,67070,2862.93,14821, 39868, 59.44
SUPRIYA, EQ, 07-Jul-2025,735.3,742.65,746.75,710.0,714.95,713.75,726.12,326031,2367.39,17747, 153731, 47.15
SURAJEST, EQ, 07-Jul-2025,346.45,346.45,351.5,340.0,340.6,340.85,344.1,55837,192.14,2695, 28572, 51.17
SURAJLTD, EQ, 07-Jul-2025,383.9,379.75,384.1,375.5,375.5,379.4,379.86,956,3.63,141, 694, 72.59
SURAKSHA, EQ, 07-Jul-2025,323.7,326.95,326.95,320.05,323.9,323.0,322.6,25231,81.39,1440, 7744, 30.69
SURANASOL, EQ, 07-Jul-2025,34.22,33.71,34.74,33.16,33.4,33.4,33.87,129236,43.77,2165, 55166, 42.69
SURANAT&P, EQ, 07-Jul-2025,19.15,19.14,19.35,19.0,19.13,19.03,19.11,87384,16.7,788, 51617, 59.07
SURYALAXMI, EQ, 07-Jul-2025,77.54,78.0,81.59,78.0,79.0,79.06,79.58,72046,57.34,2338, 31074, 43.13
SURYAROSNI, EQ, 07-Jul-2025,335.7,335.0,341.55,333.4,340.0,340.2,337.91,226039,763.81,8544, 111886, 49.50
SURYODAY, EQ, 07-Jul-2025,141.17,141.2,141.99,136.13,138.47,137.62,138.06,406495,561.19,6354, 194609, 47.87
SUZLON, EQ, 07-Jul-2025,65.53,65.8,66.59,65.13,65.76,65.88,65.79,41996456,27627.67,124587, 15586582, 37.11
SWANENERGY, EQ, 07-Jul-2025,446.3,445.9,448.45,442.45,446.05,446.9,445.44,841413,3747.98,14409, 350487, 41.65
SWARAJENG, EQ, 07-Jul-2025,3961.6,3975.9,4287.5,3962.0,4248.0,4245.7,4201.64,216347,9090.13,35055, 72798, 33.65
SWIGGY, EQ, 07-Jul-2025,383.5,386.0,387.5,375.05,375.8,376.65,380.62,6436786,24499.62,74449, 2500112, 38.84
SWSOLAR, EQ, 07-Jul-2025,309.8,308.15,312.75,307.6,308.35,308.45,309.58,1104541,3419.39,16082, 464361, 42.04
SYMPHONY, EQ, 07-Jul-2025,1130.7,1136.3,1163.7,1133.1,1148.5,1151.5,1147.65,104511,1199.42,8171, 34775, 33.27
SYNGENE, EQ, 07-Jul-2025,644.2,639.0,646.0,632.8,635.95,635.25,636.12,571710,3636.77,18492, 368093, 64.38
SYRMA, EQ, 07-Jul-2025,609.55,606.6,621.95,600.9,620.0,619.4,614.23,899967,5527.91,25832, 445908, 49.55
TAINWALCHM, EQ, 07-Jul-2025,217.74,217.75,225.06,214.0,214.0,215.04,216.53,2359,5.11,234, 1154, 48.92
TAJGVK, EQ, 07-Jul-2025,399.05,400.45,405.2,398.05,399.3,400.0,401.54,154357,619.81,4918, 82456, 53.42
TALBROAUTO, EQ, 07-Jul-2025,302.55,304.4,304.4,292.8,296.5,296.3,296.44,94706,280.74,4447, 48664, 51.38
TANLA, EQ, 07-Jul-2025,639.4,638.2,646.6,633.0,634.0,634.25,638.33,345757,2207.07,12073, 153777, 44.48
TARACHAND, EQ, 07-Jul-2025,69.25,71.01,76.98,70.99,74.25,74.09,74.35,795878,591.73,6960, 381372, 47.92
TARC, EQ, 07-Jul-2025,185.98,186.5,187.57,185.5,186.31,186.25,186.46,99979,186.42,3405, 51138, 51.15
TARIL, EQ, 07-Jul-2025,471.2,472.0,492.85,467.0,489.9,488.2,482.7,1604110,7743.09,49177, 807923, 50.37
TARMAT, EQ, 07-Jul-2025,54.79,55.8,55.8,54.3,54.4,54.65,54.51,12160,6.63,233, 9190, 75.58
TARSONS, EQ, 07-Jul-2025,390.1,388.2,391.6,378.75,379.8,381.75,384.15,42177,162.02,2622, 27651, 65.56
TASTYBITE, EQ, 07-Jul-2025,11165.0,11053.0,11288.0,11052.0,11090.0,11189.0,11163.86,2148,239.8,1207, 782, 36.41
TATACHEM, EQ, 07-Jul-2025,939.0,939.35,941.9,927.2,930.65,929.2,932.52,365580,3409.1,14439, 147945, 40.47
TATACOMM, EQ, 07-Jul-2025,1762.4,1757.1,1777.5,1755.0,1764.4,1768.3,1767.46,256506,4533.64,20869, 138364, 53.94
TATACONSUM, EQ, 07-Jul-2025,1089.7,1085.0,1108.2,1085.0,1106.0,1101.9,1101.15,1152136,12686.79,60654, 599811, 52.06
TATAELXSI, EQ, 07-Jul-2025,6209.0,6209.0,6210.0,6155.5,6171.5,6175.0,6174.57,150035,9264.02,16942, 91472, 60.97
TATAGOLD, EQ, 07-Jul-2025,9.5,9.26,9.6,9.0,9.47,9.46,9.46,10048124,950.66,43579, 6409866, 63.79
TATAINVEST, EQ, 07-Jul-2025,6749.5,6725.0,6817.0,6652.5,6677.0,6674.0,6717.84,23249,1561.83,6618, 10192, 43.84
TATAMOTORS, EQ, 07-Jul-2025,689.05,689.05,691.95,683.35,688.5,688.85,688.32,5428220,37363.39,116439, 2203779, 40.60
TATAPOWER, EQ, 07-Jul-2025,401.0,401.0,403.55,398.4,401.35,401.2,400.86,6385392,25596.53,66495, 3470054, 54.34
TATASTEEL, EQ, 07-Jul-2025,163.01,163.0,163.35,160.05,162.52,162.4,162.47,17469909,28382.88,123250, 8107060, 46.41
TATATECH, EQ, 07-Jul-2025,708.15,708.15,710.5,702.5,704.9,704.3,705.46,560072,3951.06,25592, 253480, 45.26
TATSILV, EQ, 07-Jul-2025,10.52,10.78,10.78,10.42,10.53,10.51,10.49,2871731,301.33,8334, 1999454, 69.63
TATVA, EQ, 07-Jul-2025,1006.65,1006.65,1007.2,946.6,953.7,954.3,971.31,63606,617.81,8887, 29454, 46.31
TBOTEK, EQ, 07-Jul-2025,1425.3,1435.0,1441.2,1382.7,1385.0,1390.3,1409.35,148997,2099.89,10621, 93388, 62.68
TBZ, EQ, 07-Jul-2025,194.59,194.9,202.3,193.18,199.5,198.69,199.07,807264,1607.04,15103, 260829, 32.31
TCI, EQ, 07-Jul-2025,1138.0,1130.0,1147.9,1118.4,1126.1,1131.3,1134.73,16728,189.82,3543, 8634, 51.61
TCIEXP, EQ, 07-Jul-2025,746.05,746.05,749.9,736.2,744.0,742.2,743.95,14315,106.5,1767, 8054, 56.26
TCPLPACK, EQ, 07-Jul-2025,3687.9,3707.0,3758.5,3665.0,3677.0,3703.7,3713.83,9341,346.91,2916, 2664, 28.52
TCS, EQ, 07-Jul-2025,3419.8,3418.3,3426.1,3408.4,3410.6,3411.7,3417.7,1639174,56022.06,73810, 1118374, 68.23
TDPOWERSYS, EQ, 07-Jul-2025,494.55,493.05,495.0,486.15,487.85,487.55,488.19,434707,2122.18,15734, 303275, 69.77
TEAMLEASE, EQ, 07-Jul-2025,2041.4,2052.5,2054.5,1973.0,1991.7,1990.4,2002.26,31654,633.8,5477, 23629, 74.65
TECH, EQ, 07-Jul-2025,41.48,40.44,42.31,40.44,41.24,41.22,41.4,40110,16.61,310, 36696, 91.49
TECHM, EQ, 07-Jul-2025,1655.2,1647.9,1647.9,1615.5,1622.4,1623.9,1626.91,1550115,25219.03,83205, 817469, 52.74
TECHNOE, EQ, 07-Jul-2025,1575.5,1576.6,1588.9,1553.8,1577.6,1578.5,1569.44,183197,2875.17,13050, 86814, 47.39
TEGA, EQ, 07-Jul-2025,1688.0,1690.3,1808.0,1690.1,1735.5,1755.3,1761.09,530664,9345.48,48609, 159932, 30.14
TEJASNET, EQ, 07-Jul-2025,705.45,705.0,707.95,700.0,700.8,700.85,702.73,364932,2564.5,11961, 157124, 43.06
TEXINFRA, EQ, 07-Jul-2025,103.79,103.4,104.47,102.66,103.0,103.09,103.32,79425,82.06,1037, 48284, 60.79
TEXMOPIPES, EQ, 07-Jul-2025,63.75,64.0,64.65,62.73,62.8,62.93,63.51,40805,25.91,763, 25280, 61.95
TEXRAIL, EQ, 07-Jul-2025,171.77,172.0,174.5,170.46,171.0,171.04,171.99,1274770,2192.49,15431, 463519, 36.36
TFCILTD, EQ, 07-Jul-2025,262.67,267.0,283.9,265.5,279.1,279.06,276.66,5633442,15585.29,54110, 1877826, 33.33
TFL, EQ, 07-Jul-2025,20.9,20.85,21.43,19.85,19.85,19.98,20.07,161622,32.43,473, 97969, 60.62
TGBHOTELS, EQ, 07-Jul-2025,12.37,12.74,12.74,11.93,12.05,12.07,12.19,19870,2.42,192, 13188, 66.37
THANGAMAYL, EQ, 07-Jul-2025,1899.3,1906.0,1981.9,1902.8,1952.8,1960.7,1953.37,95774,1870.82,15253, 32213, 33.63
THEINVEST, EQ, 07-Jul-2025,146.43,147.16,150.02,146.05,146.56,148.19,148.16,14580,21.6,936, 7837, 53.75
THEJO, EQ, 07-Jul-2025,1877.6,1889.9,2075.0,1864.2,2009.0,2004.2,1984.12,28743,570.29,4151, 15635, 54.40
THELEELA, EQ, 07-Jul-2025,401.6,398.0,409.0,398.0,406.0,406.55,404.02,224799,908.24,9984, 140880, 62.67
THEMISMED, EQ, 07-Jul-2025,124.89,124.89,129.78,123.85,125.55,125.71,126.37,171577,216.83,3547, 76862, 44.80
THERMAX, EQ, 07-Jul-2025,3458.5,3455.0,3506.3,3421.0,3438.7,3446.2,3452.01,60768,2097.72,13776, 32214, 53.01
THOMASCOOK, EQ, 07-Jul-2025,164.17,165.0,167.08,155.36,158.19,157.25,161.4,1616733,2609.45,20046, 784365, 48.52
THOMASCOTT, EQ, 07-Jul-2025,395.65,395.0,395.1,375.9,375.9,375.9,379.71,45381,172.32,1190, 27696, 61.03
THYROCARE, EQ, 07-Jul-2025,1023.15,1023.15,1085.0,1007.65,1083.5,1072.1,1058.58,137337,1453.83,14713, 66900, 48.71
TI, EQ, 07-Jul-2025,341.05,340.95,347.55,337.0,338.9,339.45,341.14,422357,1440.83,11179, 175726, 41.61
TIIL, EQ, 07-Jul-2025,3241.3,3254.9,3286.1,3219.8,3262.0,3268.7,3254.93,16379,533.13,4728, 8262, 50.44
TIINDIA, EQ, 07-Jul-2025,2988.0,2969.0,3015.0,2930.1,2940.0,2940.2,2962.91,94953,2813.37,13582, 37065, 39.04
TIJARIA, EQ, 07-Jul-2025,8.92,8.68,8.68,8.47,8.47,8.47,8.49,58189,4.94,133, 31203, 53.62
TIMESGTY, EQ, 07-Jul-2025,170.5,167.01,170.78,165.1,169.95,166.72,167.85,2660,4.46,248, 1529, 57.48
TIMETECHNO, EQ, 07-Jul-2025,448.6,448.75,451.45,442.05,445.0,445.2,445.8,483437,2155.16,12847, 108731, 22.49
TIMKEN, EQ, 07-Jul-2025,3309.2,3308.2,3367.0,3278.0,3341.1,3353.3,3311.82,95637,3167.32,10788, 63917, 66.83
TINNARUBR, EQ, 07-Jul-2025,931.85,931.85,965.85,930.0,945.0,935.05,943.59,25219,237.96,2771, 7236, 28.69
TIPSFILMS, EQ, 07-Jul-2025,596.8,613.0,613.0,582.0,586.1,588.35,588.66,5681,33.44,788, 2766, 48.69
TIPSMUSIC, EQ, 07-Jul-2025,667.85,674.0,678.0,665.25,675.0,675.7,671.53,120554,809.56,7682, 73457, 60.93
TIRUMALCHM, EQ, 07-Jul-2025,282.85,281.95,294.0,278.55,289.9,291.55,287.45,555527,1596.84,10530, 197643, 35.58
TITAGARH, EQ, 07-Jul-2025,941.2,941.2,953.85,935.15,946.05,947.3,946.61,1321837,12512.59,34829, 390401, 29.53
TITAN, EQ, 07-Jul-2025,3686.9,3675.5,3696.0,3647.9,3670.0,3666.1,3664.83,829472,30398.74,65557, 612933, 73.89
TMB, EQ, 07-Jul-2025,445.65,444.1,450.8,440.0,441.15,440.45,443.35,106265,471.12,4784, 75198, 70.76
TNIDETF, EQ, 07-Jul-2025,94.57,94.57,94.99,93.85,93.94,93.96,94.11,46621,43.88,871, 33385, 71.61
TNPETRO, EQ, 07-Jul-2025,105.08,105.0,106.8,102.0,102.5,102.89,103.99,459293,477.62,4307, 215260, 46.87
TNPL, EQ, 07-Jul-2025,183.52,185.8,190.77,184.35,185.9,185.79,187.75,815520,1531.17,13362, 271421, 33.28
TOKYOPLAST, EQ, 07-Jul-2025,131.62,132.99,132.99,129.2,131.5,131.19,131.59,4490,5.91,222, 2839, 63.23
TOLINS, EQ, 07-Jul-2025,163.66,165.7,173.76,165.5,167.0,167.96,169.45,343289,581.69,7685, 150433, 43.82
TOP100CASE, EQ, 07-Jul-2025,10.84,11.17,11.2,10.76,10.85,10.84,10.85,636126,69.03,2114, 356013, 55.97
TOP10ADD, EQ, 07-Jul-2025,100.1,99.11,101.34,99.11,100.24,100.2,100.09,43762,43.8,768, 33555, 76.68
TOP15IETF, EQ, 07-Jul-2025,10.43,10.5,10.5,10.36,10.45,10.43,10.42,43099,4.49,328, 36016, 83.57
TORNTPHARM, EQ, 07-Jul-2025,3368.0,3368.0,3372.4,3340.8,3354.1,3352.3,3357.9,181997,6111.28,25993, 112655, 61.90
TORNTPOWER, EQ, 07-Jul-2025,1439.8,1436.1,1448.7,1430.0,1441.1,1440.8,1440.57,160058,2305.74,12643, 87478, 54.65
TOTAL, EQ, 07-Jul-2025,81.23,82.0,82.89,76.15,79.1,79.44,80.51,7790,6.27,229, 4131, 53.03
TOUCHWOOD, EQ, 07-Jul-2025,111.57,111.0,114.57,111.0,111.0,111.47,111.88,9066,10.14,227, 5745, 63.37
TPLPLASTEH, EQ, 07-Jul-2025,82.64,82.5,82.91,81.24,82.0,82.16,81.78,69938,57.2,894, 23186, 33.15
TRACXN, EQ, 07-Jul-2025,58.02,58.02,58.64,57.32,57.34,57.49,57.86,116189,67.22,1106, 65187, 56.10
TRANSRAILL, EQ, 07-Jul-2025,742.65,740.0,745.0,711.1,716.0,716.8,731.04,2466649,18032.21,49493, 840389, 34.07
TRANSWORLD, EQ, 07-Jul-2025,277.1,277.15,280.7,269.85,271.15,271.0,272.93,29454,80.39,1422, 17906, 60.79
TREJHARA, EQ, 07-Jul-2025,233.83,233.49,241.85,233.49,236.0,238.14,237.46,10071,23.91,440, 6382, 63.37
TREL, EQ, 07-Jul-2025,36.17,36.05,36.59,35.57,36.25,35.85,35.95,199560,71.74,1770, 145841, 73.08
TRENT, EQ, 07-Jul-2025,5456.0,5500.0,5522.5,5440.5,5497.0,5499.0,5482.43,1445372,79241.45,134122, 413236, 28.59
TRF, EQ, 07-Jul-2025,381.5,381.95,387.5,380.1,380.2,380.55,381.61,13696,52.27,603, 7461, 54.48
TRIDENT, EQ, 07-Jul-2025,31.24,31.25,31.68,31.03,31.14,31.12,31.3,5265762,1648.08,17708, 2254321, 42.81
TRIGYN, EQ, 07-Jul-2025,84.89,84.0,85.44,83.0,83.38,83.14,83.94,26842,22.53,927, 10766, 40.11
TRITURBINE, EQ, 07-Jul-2025,645.65,648.0,659.5,632.1,637.0,637.15,648.58,1709765,11089.14,45593, 645747, 37.77
TRIVENI, EQ, 07-Jul-2025,375.1,375.7,383.4,370.1,370.7,371.4,376.16,535074,2012.72,14819, 215275, 40.23
TTKHLTCARE, EQ, 07-Jul-2025,1357.8,1357.8,1371.1,1322.5,1325.0,1330.1,1343.36,4073,54.71,802, 2725, 66.90
TTKPRESTIG, EQ, 07-Jul-2025,631.6,631.6,636.35,623.55,628.85,628.7,629.05,48389,304.39,3651, 21028, 43.46
TVSHLTD, EQ, 07-Jul-2025,10967.0,11000.0,11064.0,10870.0,10992.0,10992.0,10984.47,8773,963.67,2995, 5330, 60.75
TVSMOTOR, EQ, 07-Jul-2025,2880.1,2876.1,2892.5,2862.1,2876.8,2876.9,2876.44,256130,7367.42,32819, 168231, 65.68
TVSSCS, EQ, 07-Jul-2025,131.94,132.09,132.63,130.35,131.2,131.23,131.27,355022,466.04,7724, 173478, 48.86
TVSSRICHAK, EQ, 07-Jul-2025,3233.3,3233.3,3249.9,3162.8,3194.9,3178.3,3197.61,3718,118.89,1229, 1262, 33.94
TVTODAY, EQ, 07-Jul-2025,170.42,171.9,172.8,171.01,171.1,171.51,171.42,36440,62.46,1084, 23044, 63.24
UBL, EQ, 07-Jul-2025,1978.3,1990.0,2006.8,1975.2,1990.1,1990.1,1990.93,95414,1899.62,12149, 67061, 70.28
UCAL, EQ, 07-Jul-2025,157.04,158.9,159.95,155.06,155.8,155.61,157.63,25657,40.44,1223, 7966, 31.05
UCOBANK, EQ, 07-Jul-2025,32.48,32.44,32.69,32.05,32.2,32.24,32.38,5811254,1881.83,15528, 2062228, 35.49
UDAICEMENT, EQ, 07-Jul-2025,34.53,34.5,35.08,34.25,34.66,34.63,34.66,766383,265.64,5399, 424423, 55.38
UDS, EQ, 07-Jul-2025,289.7,289.7,291.45,286.8,291.25,291.1,289.7,148698,430.78,5222, 77992, 52.45
UFLEX, EQ, 07-Jul-2025,611.8,615.0,617.25,603.3,607.5,604.4,607.63,18822,114.37,1414, 9492, 50.43
UFO, EQ, 07-Jul-2025,71.74,70.6,73.73,70.6,72.97,72.52,72.71,61425,44.66,1268, 37495, 61.04
UGARSUGAR, EQ, 07-Jul-2025,49.89,49.89,51.83,49.2,49.44,49.43,50.47,409350,206.61,3336, 161358, 39.42
UGROCAP, EQ, 07-Jul-2025,178.63,182.0,186.47,180.59,184.99,184.92,184.12,1249903,2301.32,17736, 672709, 53.82
UJJIVANSFB, EQ, 07-Jul-2025,48.56,48.2,48.7,46.5,47.01,47.0,47.4,8745895,4145.91,32702, 4657409, 53.25
ULTRACEMCO, EQ, 07-Jul-2025,12506.0,12476.0,12500.0,12306.0,12356.0,12345.0,12367.35,149939,18543.48,39798, 96745, 64.52
UMESLTD, EQ, 07-Jul-2025,5.86,5.97,5.97,5.7,5.7,5.71,5.78,25612,1.48,257, 17428, 68.05
UMIYA-MRO, EQ, 07-Jul-2025,82.6,82.65,85.79,82.65,84.24,84.19,84.38,59746,50.41,1153, 39438, 66.01
UNICHEMLAB, EQ, 07-Jul-2025,595.9,597.0,616.6,594.5,598.0,601.4,604.6,119742,723.96,5623, 84558, 70.62
UNIDT, EQ, 07-Jul-2025,224.49,224.1,239.17,223.08,228.6,230.29,233.9,72471,169.51,2880, 24012, 33.13
UNIECOM, EQ, 07-Jul-2025,121.36,121.95,124.05,121.1,122.0,122.39,122.61,291109,356.92,3935, 142666, 49.01
UNIENTER, EQ, 07-Jul-2025,155.57,155.5,156.7,152.1,153.0,154.45,154.99,5847,9.06,312, 3041, 52.01
UNIONBANK, EQ, 07-Jul-2025,153.09,152.53,154.59,151.45,152.05,152.17,152.63,7350311,11218.74,41273, 3504136, 47.67
UNIONGOLD, EQ, 07-Jul-2025,96.05,95.7,95.8,95.2,95.8,95.8,95.53,621,0.59,21, 455, 73.27
UNIPARTS, EQ, 07-Jul-2025,415.8,419.9,419.95,407.8,411.5,410.0,412.44,36515,150.6,2445, 15885, 43.50
UNITDSPR, EQ, 07-Jul-2025,1378.2,1386.0,1394.9,1370.1,1387.0,1382.6,1382.36,1772885,24507.64,56399, 1268841, 71.57
UNITEDPOLY, EQ, 07-Jul-2025,21.62,22.1,22.3,21.7,21.8,22.02,22.0,1193460,262.6,1197, 1073823, 89.98
UNITEDTEA, EQ, 07-Jul-2025,441.4,443.9,449.5,429.95,449.5,441.85,438.36,6685,29.3,1058, 1312, 19.63
UNIVASTU, EQ, 07-Jul-2025,237.25,240.0,243.8,235.5,240.76,241.12,240.3,33762,81.13,934, 19817, 58.70
UNIVCABLES, EQ, 07-Jul-2025,786.75,794.45,813.1,778.65,802.0,805.65,795.0,47363,376.54,5561, 27344, 57.73
UNIVPHOTO, EQ, 07-Jul-2025,320.38,322.99,322.99,300.0,300.0,302.51,306.28,17521,53.66,1922, 6784, 38.72
UNOMINDA, EQ, 07-Jul-2025,1098.6,1105.0,1107.8,1090.0,1093.5,1093.8,1097.21,233931,2566.71,20521, 122633, 52.42
UPL, EQ, 07-Jul-2025,681.3,681.05,689.5,676.35,679.95,680.25,681.44,960264,6543.59,40716, 485311, 50.54
URJA, EQ, 07-Jul-2025,15.16,15.16,15.6,15.0,15.25,15.3,15.3,3052666,466.94,6658, 992491, 32.51
USHAMART, EQ, 07-Jul-2025,370.3,367.0,377.55,362.5,375.0,374.75,371.07,566524,2102.21,11372, 250995, 44.30
USK, EQ, 07-Jul-2025,37.0,36.9,38.09,36.0,36.86,36.8,37.04,51219,18.97,609, 29494, 57.58
UTIAMC, EQ, 07-Jul-2025,1290.0,1292.7,1329.0,1278.3,1307.0,1308.0,1312.89,338262,4441.01,23288, 120440, 35.61
UTIBANKETF, EQ, 07-Jul-2025,58.54,58.97,58.97,58.33,58.39,58.46,58.44,438522,256.27,492, 357300, 81.48
UTINEXT50, EQ, 07-Jul-2025,73.29,73.65,73.66,72.72,73.4,73.28,73.34,60061,44.05,1004, 34592, 57.59
UTINIFTETF, EQ, 07-Jul-2025,278.5,279.89,280.18,277.2,279.0,279.12,278.92,13888,38.74,460, 12210, 87.92
UTISENSETF, EQ, 07-Jul-2025,914.85,906.1,919.8,906.1,916.0,911.92,915.12,2038,18.65,132, 894, 43.87
UTISXN50, EQ, 07-Jul-2025,90.88,91.89,91.89,90.77,91.31,91.11,91.02,7452,6.78,165, 6649, 89.22
UTKARSHBNK, EQ, 07-Jul-2025,24.03,24.03,24.38,23.61,23.74,23.7,23.93,2574791,616.23,8649, 1241352, 48.21
UTTAMSUGAR, EQ, 07-Jul-2025,291.0,289.0,302.6,289.0,293.3,293.85,296.06,101308,299.93,2972, 31348, 30.94
UYFINCORP, EQ, 07-Jul-2025,20.39,20.25,20.36,19.16,19.54,19.31,19.89,204749,40.72,2103, 100503, 49.09
V2RETAIL, EQ, 07-Jul-2025,1923.9,1939.1,2014.0,1898.9,1982.0,1992.6,1989.33,134941,2684.42,8803, 90862, 67.33
VADILALIND, EQ, 07-Jul-2025,5351.5,5321.5,5417.5,5303.5,5364.5,5364.5,5356.61,6666,357.07,2379, 2820, 42.30
VAIBHAVGBL, EQ, 07-Jul-2025,238.13,238.19,242.35,232.2,236.5,235.75,236.9,254348,602.55,11108, 97879, 38.48
VAISHALI, EQ, 07-Jul-2025,11.43,11.48,12.95,11.48,11.85,11.81,11.84,734386,86.95,1403, 429469, 58.48
VAL30IETF, EQ, 07-Jul-2025,13.36,13.42,13.45,13.33,13.33,13.36,13.38,57113,7.64,238, 53238, 93.22
VALIANTLAB, EQ, 07-Jul-2025,116.88,120.5,120.5,114.31,115.75,115.51,116.27,14088,16.38,404, 9140, 64.88
VARDHACRLC, EQ, 07-Jul-2025,47.42,47.42,48.28,47.42,48.0,48.0,48.01,18978,9.11,304, 12470, 65.71
VARDMNPOLY, EQ, 07-Jul-2025,11.96,12.1,12.1,11.54,11.7,11.66,11.74,358608,42.09,1266, 216263, 60.31
VARROC, EQ, 07-Jul-2025,568.6,568.5,573.0,553.65,572.2,570.4,565.84,124913,706.81,7962, 61765, 49.45
VASCONEQ, EQ, 07-Jul-2025,53.51,53.3,53.85,52.02,52.2,52.3,52.74,436170,230.05,4361, 208259, 47.75
VASWANI, EQ, 07-Jul-2025,50.35,49.03,50.33,48.31,48.9,48.78,49.35,213993,105.6,2374, 110122, 51.46
VBL, EQ, 07-Jul-2025,456.15,456.6,464.9,452.0,464.0,464.05,460.49,5985198,27561.52,83951, 3375725, 56.40
VEDL, EQ, 07-Jul-2025,459.05,459.0,459.65,453.0,454.2,454.2,455.15,4498429,20474.45,67906, 2141104, 47.60
VEEDOL, EQ, 07-Jul-2025,1721.3,1710.1,1718.0,1679.9,1696.9,1694.1,1693.1,19260,326.09,3047, 8209, 42.62
VENKEYS, EQ, 07-Jul-2025,1615.6,1619.0,1622.9,1600.0,1603.6,1604.4,1606.34,24684,396.51,3276, 14754, 59.77
VENTIVE, EQ, 07-Jul-2025,750.65,750.65,767.15,730.0,746.5,744.0,748.5,269042,2013.79,13800, 103193, 38.36
VENUSPIPES, EQ, 07-Jul-2025,1457.5,1457.5,1515.0,1453.9,1503.9,1495.4,1491.82,181158,2702.55,20948, 58030, 32.03
VERANDA, EQ, 07-Jul-2025,226.99,225.0,238.4,221.41,232.1,234.12,233.18,675708,1575.6,15573, 204324, 30.24
VESUVIUS, EQ, 07-Jul-2025,539.4,539.4,545.0,530.0,533.15,534.65,536.81,77298,414.95,7760, 32541, 42.10
VETO, EQ, 07-Jul-2025,127.98,126.1,128.9,123.21,126.9,126.48,126.48,86624,109.56,1847, 39643, 45.76
VGUARD, EQ, 07-Jul-2025,394.4,394.0,397.5,392.15,396.75,396.95,395.48,138973,549.61,5966, 62326, 44.85
VHL, EQ, 07-Jul-2025,4091.2,4022.0,4123.1,3990.1,4085.0,4073.4,4057.65,936,37.98,370, 471, 50.32
VIDHIING, EQ, 07-Jul-2025,419.85,424.05,424.05,411.3,415.0,414.8,415.97,6760,28.12,636, 4340, 64.20
VIJAYA, EQ, 07-Jul-2025,1020.5,1025.6,1030.85,1004.55,1012.0,1010.05,1013.0,181947,1843.12,19089, 100392, 55.18
VIJIFIN, EQ, 07-Jul-2025,2.27,2.27,2.35,2.27,2.3,2.29,2.3,89768,2.06,279, 48907, 54.48
VIKASECO, EQ, 07-Jul-2025,2.5,2.5,2.53,2.46,2.48,2.47,2.49,4285478,106.51,2660, 2779319, 64.85
VIKASLIFE, EQ, 07-Jul-2025,2.59,2.58,2.61,2.55,2.57,2.57,2.58,3887454,100.1,7279, 2144725, 55.17
VIMTALABS, EQ, 07-Jul-2025,471.2,473.0,479.85,456.75,468.0,461.3,467.02,88380,412.75,8322, 40439, 45.76
VINATIORGA, EQ, 07-Jul-2025,1944.9,1954.7,2030.0,1941.2,2022.3,2022.1,2008.25,110242,2213.93,12589, 62196, 56.42
VINCOFE, EQ, 07-Jul-2025,141.69,142.2,142.35,134.0,135.65,136.52,136.92,2516013,3444.84,20719, 1170280, 46.51
VINDHYATEL, EQ, 07-Jul-2025,1704.5,1681.5,1710.0,1681.5,1700.0,1699.5,1699.03,13983,237.58,1842, 8102, 57.94
VIPCLOTHNG, EQ, 07-Jul-2025,40.29,40.29,42.3,40.08,42.22,42.21,42.09,2507116,1055.27,4206, 418739, 16.70
VIPIND, EQ, 07-Jul-2025,418.5,419.85,423.25,410.25,415.75,414.8,414.8,255877,1061.38,9118, 119080, 46.54
VIRINCHI, EQ, 07-Jul-2025,21.53,21.53,21.84,21.06,21.58,21.5,21.41,136241,29.16,1404, 92588, 67.96
VISHNU, EQ, 07-Jul-2025,511.8,508.05,518.55,500.85,502.25,507.25,507.47,87493,444.0,5826, 46504, 53.15
VISHWARAJ, EQ, 07-Jul-2025,9.9,9.9,10.19,9.86,9.92,9.89,10.01,487566,48.82,1376, 199023, 40.82
VIVIDHA, EQ, 07-Jul-2025,0.86,0.86,0.88,0.84,0.85,0.85,0.86,288772,2.49,285, 209620, 72.59
VLSFINANCE, EQ, 07-Jul-2025,244.65,243.7,258.09,241.5,255.0,255.85,253.84,70163,178.1,2433, 32689, 46.59
VMART, EQ, 07-Jul-2025,790.5,794.0,798.35,789.0,791.85,792.85,793.73,61918,491.46,9094, 34272, 55.35
VMM, EQ, 07-Jul-2025,129.35,128.61,129.38,126.6,127.39,127.54,127.66,14083897,17979.46,82253, 6667574, 47.34
VOLTAMP, EQ, 07-Jul-2025,9348.5,9387.5,9515.0,9310.0,9415.0,9411.0,9413.99,20996,1976.56,6226, 7349, 35.00
VOLTAS, EQ, 07-Jul-2025,1364.4,1364.0,1368.5,1340.0,1367.0,1365.7,1355.58,874270,11851.44,35297, 445143, 50.92
VPRPL, EQ, 07-Jul-2025,163.42,163.0,165.4,162.0,162.4,162.33,163.1,277538,452.66,8222, 107709, 38.81
VRAJ, EQ, 07-Jul-2025,176.28,175.35,179.34,174.0,175.0,175.34,175.56,15974,28.04,761, 8530, 53.40
VRLLOG, EQ, 07-Jul-2025,599.75,605.0,607.0,597.2,601.7,601.65,601.82,137413,826.97,9023, 77008, 56.04
VSSL, EQ, 07-Jul-2025,257.35,257.5,259.6,250.65,252.05,253.6,253.65,46105,116.95,2480, 25117, 54.48
VSTIND, EQ, 07-Jul-2025,289.4,289.3,289.3,283.9,284.6,285.05,285.71,362902,1036.86,11613, 194233, 53.52
VSTL, EQ, 07-Jul-2025,155.91,156.49,187.09,155.22,187.09,187.09,177.41,710481,1260.49,14087, 201150, 28.31
VSTTILLERS, EQ, 07-Jul-2025,3956.3,3975.0,4121.0,3939.5,4073.1,4039.4,4042.6,28755,1162.45,5972, 12610, 43.85
VTL, EQ, 07-Jul-2025,500.35,500.35,506.6,493.15,498.4,498.7,499.4,100915,503.97,6280, 34530, 34.22
WAAREEENER, EQ, 07-Jul-2025,2978.1,2978.0,3005.0,2905.0,2910.0,2917.0,2939.31,1284088,37743.32,60483, 503354, 39.20
WAAREERTL, EQ, 07-Jul-2025,994.9,991.0,996.2,983.2,985.7,988.2,988.83,91202,901.84,7484, 49594, 54.38
WABAG, EQ, 07-Jul-2025,1463.9,1469.4,1519.3,1467.1,1489.5,1488.3,1495.7,595647,8909.11,38355, 222628, 37.38
WCIL, EQ, 07-Jul-2025,111.73,112.05,114.2,110.25,114.0,113.04,112.03,339158,379.94,3768, 123124, 36.30
WEALTH, EQ, 07-Jul-2025,1152.8,1140.0,1172.0,1120.1,1155.4,1158.9,1141.43,5921,67.58,1044, 2712, 45.80
WEBELSOLAR, EQ, 07-Jul-2025,1323.1,1323.0,1329.8,1274.2,1288.0,1283.7,1291.99,121806,1573.72,9388, 69861, 57.35
WEIZMANIND, EQ, 07-Jul-2025,120.56,120.5,123.03,119.05,119.41,119.97,121.36,3925,4.76,389, 2361, 60.15
WEL, EQ, 07-Jul-2025,160.02,158.87,161.35,157.5,160.59,160.18,159.49,122443,195.29,3594, 62520, 51.06
WELCORP, EQ, 07-Jul-2025,931.25,930.0,932.2,915.0,922.0,922.35,920.61,330440,3042.05,15454, 134237, 40.62
WELENT, EQ, 07-Jul-2025,531.25,531.25,533.85,520.15,521.7,522.5,525.45,92294,484.96,5026, 49507, 53.64
WELSPUNLIV, EQ, 07-Jul-2025,144.46,145.0,147.4,142.75,143.35,143.33,144.65,4599637,6653.32,33145, 1701136, 36.98
WENDT, EQ, 07-Jul-2025,9486.0,9499.0,9747.0,9430.5,9613.5,9629.0,9621.28,33424,3215.82,7786, 14721, 44.04
WESTLIFE, EQ, 07-Jul-2025,756.4,759.9,781.0,757.7,770.5,773.0,769.0,87250,670.95,7903, 26345, 30.19
WEWIN, EQ, 07-Jul-2025,48.32,48.32,48.64,46.51,46.85,46.71,47.58,6191,2.95,404, 5770, 93.20
WHEELS, EQ, 07-Jul-2025,821.75,825.0,828.0,795.05,803.0,800.35,808.17,26889,217.31,2952, 13218, 49.16
WHIRLPOOL, EQ, 07-Jul-2025,1377.7,1377.0,1388.7,1364.0,1372.8,1372.8,1377.37,39785,547.99,6512, 17767, 44.66
WILLAMAGOR, EQ, 07-Jul-2025,35.09,36.99,36.99,34.17,34.6,34.77,35.2,2722,0.96,83, 2221, 81.59
WINDLAS, EQ, 07-Jul-2025,903.25,903.3,910.25,890.4,908.0,906.55,902.31,23498,212.03,2345, 12423, 52.87
WINDMACHIN, EQ, 07-Jul-2025,377.65,380.2,398.0,375.2,380.55,380.7,384.86,352098,1355.1,15967, 117058, 33.25
WIPL, EQ, 07-Jul-2025,162.36,155.4,165.0,155.4,165.0,163.21,161.98,3531,5.72,118, 2608, 73.86
WIPRO, EQ, 07-Jul-2025,270.05,270.05,270.55,267.3,267.8,267.75,268.32,4849218,13011.64,45796, 2545428, 52.49
WOCKPHARMA, EQ, 07-Jul-2025,1724.8,1724.8,1756.9,1695.0,1697.0,1703.5,1726.35,430032,7423.87,25037, 140575, 32.69
WONDERLA, EQ, 07-Jul-2025,641.9,642.9,643.1,635.0,637.0,638.1,637.96,26581,169.58,3560, 10917, 41.07
WORTH, EQ, 07-Jul-2025,145.18,145.18,146.96,142.61,146.49,143.61,144.09,8411,12.12,317, 5393, 64.12
WSTCSTPAPR, EQ, 07-Jul-2025,563.15,560.05,573.7,550.0,562.95,561.45,562.11,284193,1597.48,17369, 117653, 41.40
XCHANGING, EQ, 07-Jul-2025,99.75,99.01,101.3,99.01,99.01,99.36,99.89,140554,140.4,2555, 70703, 50.30
XELPMOC, EQ, 07-Jul-2025,93.61,93.93,95.5,92.0,92.99,92.5,94.3,20598,19.42,502, 11715, 56.87
XPROINDIA, EQ, 07-Jul-2025,1240.3,1240.3,1259.7,1190.1,1213.0,1213.8,1210.29,56098,678.95,5775, 26943, 48.03
XTGLOBAL, EQ, 07-Jul-2025,34.96,34.96,35.61,34.0,35.5,35.24,35.01,23849,8.35,380, 17546, 73.57
YASHO, EQ, 07-Jul-2025,2107.7,2097.6,2145.0,2000.9,2012.0,2016.2,2070.43,11599,240.15,3236, 4975, 42.89
YATHARTH, EQ, 07-Jul-2025,575.35,579.9,632.0,573.2,602.5,605.8,609.19,2047040,12470.3,76467, 744150, 36.35
YATRA, EQ, 07-Jul-2025,83.91,84.45,84.79,82.63,83.07,83.18,83.39,139948,116.71,2837, 59281, 42.36
YESBANK, EQ, 07-Jul-2025,20.05,20.05,20.19,19.98,20.02,20.0,20.06,49824401,9994.81,81169, 23268364, 46.70
YUKEN, EQ, 07-Jul-2025,1098.3,1090.0,1103.3,1055.1,1070.0,1058.7,1068.08,23399,249.92,3922, 15067, 64.39
ZAGGLE, EQ, 07-Jul-2025,420.5,420.0,421.0,410.2,411.6,412.0,415.09,265018,1100.07,6972, 151494, 57.16
ZEEL, EQ, 07-Jul-2025,147.38,147.1,147.43,143.81,144.48,144.93,145.09,13048922,18932.52,52203, 5915770, 45.34
ZEEMEDIA, EQ, 07-Jul-2025,14.68,14.67,15.11,14.6,14.83,14.86,14.93,4668600,697.08,5407, 2475879, 53.03
ZENITHEXPO, EQ, 07-Jul-2025,241.03,241.0,250.9,237.51,246.94,245.82,245.48,4687,11.51,234, 1873, 39.96
ZENSARTECH, EQ, 07-Jul-2025,852.65,852.65,861.75,841.25,852.55,854.65,851.42,377115,3210.85,21871, 117784, 31.23
ZENTEC, EQ, 07-Jul-2025,1932.7,1939.1,1955.0,1892.0,1931.0,1938.3,1917.22,301815,5786.47,22208, 124371, 41.21
ZFCVINDIA, EQ, 07-Jul-2025,13270.0,13345.0,13507.0,12906.0,13130.0,13137.0,13104.49,13301,1743.03,6385, 6834, 51.38
ZIMLAB, EQ, 07-Jul-2025,110.89,110.9,111.66,109.61,110.55,110.9,110.75,27538,30.5,759, 14451, 52.48
ZODIACLOTH, EQ, 07-Jul-2025,110.68,112.16,112.16,109.66,110.45,110.7,110.59,4846,5.36,163, 2987, 61.64
ZOTA, EQ, 07-Jul-2025,1199.8,1198.7,1299.0,1172.55,1285.4,1289.75,1248.55,461978,5768.04,32270, 126936, 27.48
ZUARI, EQ, 07-Jul-2025,209.79,211.0,211.88,206.0,207.65,206.72,207.7,118194,245.49,2262, 77205, 65.32
ZUARIIND, EQ, 07-Jul-2025,273.95,273.95,277.2,270.3,272.8,273.85,273.92,20692,56.68,807, 12543, 60.62
ZYDUSLIFE, EQ, 07-Jul-2025,1001.0,1001.0,1003.95,990.0,996.0,998.8,996.46,567413,5654.02,24892, 326434, 57.53
ZYDUSWELL, EQ, 07-Jul-2025,1995.2,2005.7,2009.0,1979.9,1980.0,1985.9,1991.74,32582,648.95,4022, 15227, 46.73
