SYMBOL,SERIES,DATE1,PREV_CLOSE,OPEN_PRICE,HIGH_PRICE,LOW_PRICE,LAST_PRICE,CLOSE_PRICE,AVG_PRICE,TTL_TRD_QNTY,TURNOVER_LACS,NO_OF_TRADES,DELIV_QTY,DELIV_PER
20MICRONS, EQ, 23-Dec-2025,194.53,196.0,202.7,193.61,198.0,198.67,199.04,75764,150.8,2814, 42439, 56.01
21STCENMGM, EQ, 23-Dec-2025,49.71,50.7,50.7,49.83,50.7,50.7,50.67,10603,5.37,94, 10154, 95.77
360ONE, EQ, 23-Dec-2025,1165.5,1169.9,1186.6,1158.0,1177.0,1181.7,1178.56,473322,5578.4,26095, 210417, 44.46
3IINFOLTD, EQ, 23-Dec-2025,17.09,17.38,17.4,17.15,17.38,17.33,17.28,325500,56.24,1741, 226848, 69.69
3MINDIA, EQ, 23-Dec-2025,35435.0,35300.0,35845.0,34880.0,35090.0,35010.0,35251.44,2339,824.53,1719, 1043, 44.59
3PLAND, EQ, 23-Dec-2025,38.0,38.4,39.4,36.55,37.7,37.49,37.53,8672,3.25,386, 5695, 65.67
5PAISA, EQ, 23-Dec-2025,317.75,317.8,320.3,314.0,315.45,315.8,316.53,30219,95.65,2015, 14137, 46.78
63MOONS, EQ, 23-Dec-2025,760.45,767.9,767.9,754.75,760.2,757.05,761.05,50718,385.99,2652, 22642, 44.64
A2ZINFRA, EQ, 23-Dec-2025,15.0,15.29,16.5,14.76,16.0,16.14,15.83,451116,71.4,1071, 339757, 75.31
AADHARHFC, EQ, 23-Dec-2025,488.55,488.55,489.55,480.5,481.3,480.85,482.47,170867,824.38,6712, 107026, 62.64
AAKASH, EQ, 23-Dec-2025,8.84,8.84,9.28,7.67,8.79,8.65,8.46,281051,23.78,1196, 160002, 56.93
AAREYDRUGS, EQ, 23-Dec-2025,71.84,71.84,74.6,70.01,71.02,72.28,71.63,292339,209.4,1292, 138931, 47.52
AARON, EQ, 23-Dec-2025,181.83,182.01,184.88,179.5,180.8,181.27,181.83,10348,18.82,490, 4979, 48.12
AARTECH, EQ, 23-Dec-2025,47.9,48.89,48.9,47.8,48.16,47.98,48.24,10366,5.0,270, 6532, 63.01
AARTIDRUGS, EQ, 23-Dec-2025,385.15,389.85,419.0,385.2,411.0,412.35,404.65,578886,2342.47,19868, 229457, 39.64
AARTIIND, EQ, 23-Dec-2025,374.95,375.95,392.7,373.4,380.6,383.4,386.81,1862889,7205.82,35615, 600816, 32.25
AARTIPHARM, EQ, 23-Dec-2025,779.35,779.35,784.25,771.4,778.0,781.15,779.75,97389,759.39,11823, 54754, 56.22
AARTISURF, EQ, 23-Dec-2025,398.5,404.7,404.7,397.9,398.0,398.75,399.6,9907,39.59,822, 6873, 69.38
AARVI, EQ, 23-Dec-2025,128.52,128.81,131.75,125.62,129.2,129.5,129.3,11910,15.4,327, 7166, 60.17
AAVAS, EQ, 23-Dec-2025,1457.8,1465.5,1491.9,1456.0,1486.0,1483.0,1475.98,293162,4327.0,25571, 200766, 68.48
ABB, EQ, 23-Dec-2025,5181.0,5185.0,5215.0,5151.0,5212.0,5204.0,5190.91,64953,3371.65,8600, 32688, 50.33
ABBOTINDIA, EQ, 23-Dec-2025,28010.0,28200.0,28600.0,27885.0,28260.0,28295.0,28268.5,6431,1817.95,3633, 3223, 50.12
ABCAPITAL, EQ, 23-Dec-2025,346.1,348.0,348.75,344.3,346.8,346.8,346.51,2418910,8381.71,40703, 1245891, 51.51
ABCOTS, EQ, 23-Dec-2025,409.85,410.05,413.95,409.55,413.0,413.0,412.0,1510,6.22,134, 959, 63.51
ABDL, EQ, 23-Dec-2025,627.35,630.4,633.0,623.0,627.0,626.3,627.48,163369,1025.11,6089, 79725, 48.80
ABFRL, EQ, 23-Dec-2025,77.45,77.78,79.36,77.05,78.45,78.63,78.05,9892607,7720.78,22095, 7534400, 76.16
ABGSEC, EQ, 23-Dec-2025,111.23,110.96,111.12,110.46,110.46,110.46,111.0,8007,8.89,6, 8006, 99.99
ABINFRA, EQ, 23-Dec-2025,18.28,18.8,18.9,18.28,18.5,18.36,18.57,135821,25.23,389, 90773, 66.83
ABLBL, EQ, 23-Dec-2025,119.93,119.93,121.8,117.95,120.07,120.44,120.22,9070159,10904.32,40481, 7473020, 82.39
ABMINTLLTD, EQ, 23-Dec-2025,40.93,42.87,42.87,41.01,42.68,42.68,42.39,204,0.09,8, 102, 50.00
ABREL, EQ, 23-Dec-2025,1744.0,1744.0,1750.5,1717.0,1723.1,1722.2,1734.41,68321,1184.96,8134, 30434, 44.55
ABSLAMC, EQ, 23-Dec-2025,762.3,766.0,782.95,758.6,779.8,775.85,769.92,207495,1597.54,13460, 103020, 49.65
ABSLBANETF, EQ, 23-Dec-2025,60.51,60.45,60.61,60.45,60.55,60.52,60.5,6075,3.68,162, 3082, 50.73
ABSLLIQUID, EQ, 23-Dec-2025,1000.01,1000.0,1000.01,1000.0,1000.01,1000.01,1000.0,5009,50.09,14, 4930, 98.42
ABSLNN50ET, EQ, 23-Dec-2025,71.95,71.06,72.4,71.06,72.0,72.37,72.29,9688,7.0,176, 8592, 88.69
ABSLPSE, EQ, 23-Dec-2025,9.92,10.14,10.14,9.86,10.05,10.02,10.07,3527280,355.15,581, 3325723, 94.29
ACC, EQ, 23-Dec-2025,1782.5,1794.9,1804.8,1746.0,1751.5,1754.2,1762.09,873238,15387.21,39055, 400802, 45.90
ACCELYA, EQ, 23-Dec-2025,1330.1,1330.1,1342.0,1293.4,1300.5,1300.5,1302.42,162551,2117.1,6116, 131039, 80.61
ACCURACY, EQ, 23-Dec-2025,5.64,5.64,5.84,5.64,5.76,5.75,5.73,54758,3.14,359, 40184, 73.38
ACE, EQ, 23-Dec-2025,954.95,961.0,981.75,952.8,971.5,973.75,967.85,323855,3134.42,14326, 162976, 50.32
ACEINTEG, EQ, 23-Dec-2025,21.42,22.4,22.4,21.78,22.1,22.1,21.94,2067,0.45,50, 1964, 95.02
ACI, EQ, 23-Dec-2025,518.4,521.1,521.9,512.15,513.0,514.55,515.3,89409,460.72,6043, 36280, 40.58
ACL, EQ, 23-Dec-2025,67.64,68.3,68.74,67.0,68.2,68.2,67.66,7746,5.24,257, 6268, 80.92
ACMESOLAR, EQ, 23-Dec-2025,234.59,235.9,237.0,233.0,236.1,235.94,235.53,423042,996.39,16081, 231144, 54.64
ACUTAAS, EQ, 23-Dec-2025,1683.0,1683.0,1700.0,1644.0,1675.0,1694.9,1678.21,222995,3742.33,22453, 120118, 53.87
ADANIENSOL, EQ, 23-Dec-2025,1007.9,1009.75,1013.85,988.3,995.0,994.6,1001.58,597753,5987.0,21934, 206365, 34.52
ADANIENT, EQ, 23-Dec-2025,2263.5,2272.5,2273.6,2245.0,2246.7,2248.8,2256.97,450112,10158.91,23215, 138562, 30.78
ADANIGREEN, EQ, 23-Dec-2025,1020.8,1021.8,1027.0,1013.3,1017.0,1016.9,1020.28,829273,8460.88,18011, 352623, 42.52
ADANIPORTS, EQ, 23-Dec-2025,1508.7,1508.7,1513.8,1491.2,1492.8,1493.6,1501.32,928446,13938.91,32099, 497450, 53.58
ADANIPOWER, EQ, 23-Dec-2025,143.25,143.8,144.6,142.32,144.38,144.3,143.6,7437606,10680.17,66523, 3292339, 44.27
ADFFOODS, EQ, 23-Dec-2025,211.31,212.27,212.49,208.52,209.0,210.18,210.34,39985,84.1,1192, 20017, 50.06
ADL, EQ, 23-Dec-2025,82.22,81.95,82.9,79.03,79.58,79.59,80.7,11936,9.63,263, 4779, 40.04
ADOR, EQ, 23-Dec-2025,1041.7,1047.2,1047.2,1022.7,1036.6,1037.2,1035.78,8567,88.74,903, 5520, 64.43
ADROITINFO, EQ, 23-Dec-2025,10.37,10.42,10.75,10.17,10.65,10.6,10.53,85681,9.02,192, 70204, 81.94
ADSL, EQ, 23-Dec-2025,157.6,157.12,162.5,156.68,159.0,158.15,159.35,105037,167.38,2304, 47826, 45.53
ADVANCE, EQ, 23-Dec-2025,114.96,115.01,127.0,115.01,120.7,120.9,123.25,1178697,1452.71,11845, 289120, 24.53
ADVANIHOTR, EQ, 23-Dec-2025,57.53,57.53,58.15,56.81,58.15,57.78,57.47,23880,13.72,494, 18162, 76.06
ADVENTHTL, EQ, 23-Dec-2025,240.79,244.4,252.48,240.0,245.0,245.06,247.33,387376,958.09,9566, 113424, 29.28
ADVENZYMES, EQ, 23-Dec-2025,308.25,309.9,310.3,304.0,308.95,307.2,307.24,83677,257.09,2708, 41617, 49.74
AEGISLOG, EQ, 23-Dec-2025,736.95,739.0,742.0,730.55,733.55,734.45,735.72,109146,803.01,7374, 55927, 51.24
AEGISVOPAK, EQ, 23-Dec-2025,256.0,256.6,257.15,247.0,248.0,248.75,249.76,732455,1829.4,15328, 386409, 52.76
AEQUS, EQ, 23-Dec-2025,144.64,144.98,147.7,141.5,142.3,142.33,143.92,3785347,5448.03,28294, 805585, 21.28
AEROENTER, EQ, 23-Dec-2025,85.97,87.0,92.9,86.39,92.5,92.33,90.0,555087,499.58,6685, 289783, 52.20
AEROFLEX, EQ, 23-Dec-2025,197.28,198.01,211.8,195.82,203.47,203.52,205.84,6378633,13129.92,63729, 1096956, 17.20
AERONEU, EQ, 23-Dec-2025,76.63,77.17,81.58,75.0,77.66,78.88,77.74,27122,21.08,1662, 4567, 16.84
AETHER, EQ, 23-Dec-2025,862.4,859.0,864.5,842.7,845.2,846.45,852.98,57547,490.86,6942, 32194, 55.94
AFCONS, EQ, 23-Dec-2025,380.2,381.95,385.95,379.0,383.6,382.85,382.41,597067,2283.25,13492, 345125, 57.80
AFFLE, EQ, 23-Dec-2025,1712.2,1713.9,1774.7,1702.6,1767.0,1766.0,1756.64,250722,4404.29,28022, 107100, 42.72
AFFORDABLE, EQ, 23-Dec-2025,208.31,208.0,212.5,206.4,208.7,208.56,209.13,31872,66.66,1164, 19387, 60.83
AFIL, EQ, 23-Dec-2025,6.87,6.97,6.98,6.81,6.91,6.85,6.87,841303,57.76,1504, 479810, 57.03
AFSL, EQ, 23-Dec-2025,201.54,202.33,203.21,201.0,201.0,201.09,201.39,5317,10.71,252, 3202, 60.22
AGARIND, EQ, 23-Dec-2025,707.0,708.9,745.0,708.9,730.0,739.9,733.87,35611,261.34,2437, 20353, 57.15
AGARWALEYE, EQ, 23-Dec-2025,499.7,499.7,504.5,496.3,500.0,500.55,499.77,88350,441.55,6202, 36650, 41.48
AGI, EQ, 23-Dec-2025,732.1,738.0,746.65,731.55,736.35,737.25,737.72,27615,203.72,2572, 14540, 52.65
AGIIL, EQ, 23-Dec-2025,263.85,265.5,267.2,260.9,266.0,265.0,264.2,112880,298.23,2867, 38696, 34.28
AGROPHOS, EQ, 23-Dec-2025,39.26,39.99,40.25,39.27,40.14,40.02,39.95,30447,12.16,293, 21051, 69.14
AHLADA, EQ, 23-Dec-2025,49.86,50.0,50.59,48.51,50.59,50.17,49.87,7210,3.6,137, 4786, 66.38
AHLEAST, EQ, 23-Dec-2025,134.55,134.55,138.5,132.51,134.0,134.0,134.8,1294,1.74,31, 1241, 95.90
AHLUCONT, EQ, 23-Dec-2025,994.05,1003.9,1006.0,975.25,978.0,985.15,990.78,24667,244.39,2827, 13141, 53.27
AIAENG, EQ, 23-Dec-2025,3919.9,3933.1,3942.0,3825.0,3918.0,3900.6,3899.22,126464,4931.11,31198, 72592, 57.40
AIIL, EQ, 23-Dec-2025,2902.3,2902.8,2902.8,2850.1,2887.2,2883.8,2870.58,44406,1274.71,7783, 18196, 40.98
AIRAN, EQ, 23-Dec-2025,18.39,18.9,18.9,18.39,18.69,18.59,18.6,53163,9.89,450, 37666, 70.85
AIROLAM, EQ, 23-Dec-2025,102.23,104.0,104.35,101.02,104.35,103.64,102.49,2912,2.98,81, 1178, 40.45
AJANTPHARM, EQ, 23-Dec-2025,2700.8,2724.8,2725.0,2647.2,2670.0,2668.1,2672.35,133801,3575.63,14298, 83487, 62.40
AJAXENGG, EQ, 23-Dec-2025,598.45,609.0,609.0,595.05,599.05,599.65,598.29,30660,183.43,2534, 16375, 53.41
AJMERA, EQ, 23-Dec-2025,978.2,977.8,977.8,946.5,948.0,948.8,957.79,40444,387.37,3098, 19780, 48.91
AJOONI, EQ, 23-Dec-2025,4.33,4.36,4.42,4.34,4.39,4.39,4.38,202513,8.87,341, 192241, 94.93
AKASH, EQ, 23-Dec-2025,25.88,25.98,25.98,25.38,25.4,25.4,25.5,3163,0.81,45, 2029, 64.15
AKG, EQ, 23-Dec-2025,12.31,12.31,12.7,11.85,12.39,12.23,12.23,100864,12.33,555, 82237, 81.53
AKI, EQ, 23-Dec-2025,7.08,7.59,7.59,6.98,7.13,7.09,7.09,180375,12.79,452, 130448, 72.32
AKSHAR, EQ, 23-Dec-2025,0.52,0.54,0.54,0.52,0.53,0.52,0.53,1139613,6.02,452, 782326, 68.65
AKSHARCHEM, EQ, 23-Dec-2025,253.25,254.6,256.1,248.0,251.0,251.95,251.98,3988,10.05,144, 2055, 51.53
AKSHOPTFBR, EQ, 23-Dec-2025,6.54,6.54,6.65,6.48,6.56,6.51,6.54,156282,10.22,369, 122336, 78.28
AKUMS, EQ, 23-Dec-2025,443.15,458.0,480.5,446.1,448.75,452.15,465.29,3966864,18457.52,70569, 541034, 13.64
AKZOINDIA, EQ, 23-Dec-2025,3150.4,3157.0,3159.0,3127.6,3151.9,3150.5,3143.89,88158,2771.59,6986, 61940, 70.26
ALANKIT, EQ, 23-Dec-2025,10.71,10.88,10.88,10.66,10.8,10.79,10.79,165896,17.9,703, 124857, 75.26
ALBERTDAVD, EQ, 23-Dec-2025,751.15,751.7,762.6,747.7,750.0,750.3,752.74,1507,11.34,177, 705, 46.78
ALEMBICLTD, EQ, 23-Dec-2025,101.28,101.3,102.5,100.87,101.51,101.84,101.75,161166,163.98,2152, 82724, 51.33
ALICON, EQ, 23-Dec-2025,841.05,845.5,847.45,833.5,844.4,842.5,841.14,3294,27.71,544, 1722, 52.28
ALIVUS, EQ, 23-Dec-2025,912.35,909.0,919.4,905.7,912.0,912.0,911.94,31884,290.76,4912, 15782, 49.50
ALKALI, EQ, 23-Dec-2025,78.12,79.98,79.98,77.4,78.71,79.15,78.98,2935,2.32,92, 2255, 76.83
ALKEM, EQ, 23-Dec-2025,5624.0,5611.0,5660.0,5560.5,5584.0,5597.0,5607.48,28301,1586.97,9859, 13547, 47.87
ALKYLAMINE, EQ, 23-Dec-2025,1610.3,1619.5,1624.5,1604.0,1613.8,1611.6,1612.63,13876,223.77,3089, 7431, 53.55
ALLCARGO, EQ, 23-Dec-2025,10.81,10.81,11.0,10.73,10.75,10.75,10.84,5073182,549.82,8925, 3564579, 70.26
ALLDIGI, EQ, 23-Dec-2025,828.95,833.4,837.0,819.95,820.0,821.65,825.98,3600,29.74,575, 2732, 75.89
ALLTIME, EQ, 23-Dec-2025,270.45,267.75,274.0,267.75,269.0,270.25,271.1,40452,109.66,2346, 23714, 58.62
ALMONDZ, EQ, 23-Dec-2025,16.55,16.82,17.95,16.43,17.1,17.27,17.11,247464,42.34,1165, 184406, 74.52
ALOKINDS, EQ, 23-Dec-2025,16.04,16.09,17.69,16.04,16.8,16.85,17.12,45131740,7727.86,53846, 7385671, 16.36
ALPA, EQ, 23-Dec-2025,77.49,78.49,79.0,76.95,76.96,77.19,77.83,14621,11.38,459, 9167, 62.70
ALPHA, EQ, 23-Dec-2025,48.98,48.62,49.14,48.62,48.97,48.9,48.92,831325,406.66,2563, 349441, 42.03
ALPHAETF, EQ, 23-Dec-2025,25.36,25.5,25.5,25.23,25.31,25.27,25.29,434832,109.98,994, 265850, 61.14
ALPHAGEO, EQ, 23-Dec-2025,219.11,220.98,228.0,215.01,226.12,224.78,223.35,7364,16.45,402, 3644, 49.48
ALPL30IETF, EQ, 23-Dec-2025,28.03,28.02,28.12,27.97,28.05,28.05,28.04,223635,62.71,1172, 169832, 75.94
AMANTA, EQ, 23-Dec-2025,112.74,112.85,114.75,109.05,112.15,113.46,111.2,83941,93.34,780, 68665, 81.80
AMBER, EQ, 23-Dec-2025,6709.0,6701.5,6723.5,6630.0,6652.5,6654.5,6673.53,87368,5830.53,11472, 16614, 19.02
AMBICAAGAR, EQ, 23-Dec-2025,25.31,25.18,25.59,25.18,25.25,25.25,25.46,3103,0.79,41, 2606, 83.98
AMBIKCO, EQ, 23-Dec-2025,1261.4,1273.5,1273.5,1262.0,1272.0,1271.1,1269.81,1916,24.33,351, 1320, 68.89
AMBUJACEM, EQ, 23-Dec-2025,539.95,563.0,563.5,544.25,546.75,546.9,551.81,9559898,52752.43,121649, 3355292, 35.10
AMDIND, EQ, 23-Dec-2025,49.13,49.62,50.02,47.8,48.1,48.64,48.75,7683,3.75,326, 4840, 63.00
AMJLAND, EQ, 23-Dec-2025,52.05,52.82,53.02,50.82,51.89,51.76,51.73,23093,11.95,242, 15228, 65.94
AMNPLST, EQ, 23-Dec-2025,205.64,206.66,208.0,200.65,200.65,202.77,203.98,7364,15.02,320, 4045, 54.93
AMRUTANJAN, EQ, 23-Dec-2025,678.4,678.4,685.0,678.0,682.1,682.45,681.16,5002,34.07,489, 2672, 53.42
ANANDRATHI, EQ, 23-Dec-2025,2998.7,2980.0,3050.0,2980.0,3025.0,3030.5,3017.53,288928,8718.49,27868, 202995, 70.26
ANANTRAJ, EQ, 23-Dec-2025,561.3,562.4,564.6,551.6,558.4,558.25,557.86,1099872,6135.71,30496, 340964, 31.00
ANDHRAPAP, EQ, 23-Dec-2025,67.95,67.95,68.49,67.1,67.87,67.8,67.86,76859,52.16,1164, 56498, 73.51
ANDHRSUGAR, EQ, 23-Dec-2025,76.04,76.09,77.39,75.75,76.1,76.21,76.46,81505,62.32,1123, 52743, 64.71
ANGELONE, EQ, 23-Dec-2025,2581.6,2581.9,2585.3,2539.7,2543.2,2557.1,2564.18,298077,7643.22,19123, 58683, 19.69
ANIKINDS, EQ, 23-Dec-2025,52.08,54.49,54.49,52.23,52.25,52.46,53.11,11406,6.06,316, 6954, 60.97
ANMOL, EQ, 23-Dec-2025,13.54,14.0,14.0,13.55,13.94,13.96,13.8,27965,3.86,242, 17870, 63.90
ANTELOPUS, EQ, 23-Dec-2025,430.0,430.0,439.05,421.5,423.05,422.85,428.31,37347,159.96,1984, 15965, 42.75
ANTGRAPHIC, EQ, 23-Dec-2025,0.98,0.98,1.0,0.97,0.99,0.98,0.98,125495,1.23,250, 114736, 91.43
ANTHEM, EQ, 23-Dec-2025,681.45,681.45,681.45,666.0,667.5,669.6,673.19,135444,911.79,16288, 58879, 43.47
ANUHPHR, EQ, 23-Dec-2025,78.08,79.1,79.1,78.0,78.45,78.56,78.37,18177,14.25,408, 11513, 63.34
ANUP, EQ, 23-Dec-2025,2214.8,2214.8,2243.7,2127.1,2201.0,2205.1,2181.8,34340,749.23,8567, 18949, 55.18
ANURAS, EQ, 23-Dec-2025,1341.8,1322.0,1342.0,1315.2,1333.2,1332.4,1327.66,311692,4138.21,8727, 64792, 20.79
AONEGOLD, EQ, 23-Dec-2025,12.55,12.86,12.86,12.65,12.78,12.77,12.76,835542,106.63,2576, 550491, 65.88
AONELIQUID, EQ, 23-Dec-2025,1039.53,1039.66,1039.68,1039.66,1039.68,1039.67,1039.67,19450,202.22,158, 10201, 52.45
AONENIFTY, EQ, 23-Dec-2025,10.7,11.02,11.02,10.64,10.7,10.7,10.71,130046,13.93,1532, 80383, 61.81
AONETMMQ50, EQ, 23-Dec-2025,9.81,9.82,9.85,9.75,9.79,9.82,9.81,25559,2.51,166, 24594, 96.22
AONETOTAL, EQ, 23-Dec-2025,12.06,12.12,12.12,12.03,12.09,12.09,12.06,246600,29.75,2276, 145107, 58.84
APARINDS, EQ, 23-Dec-2025,8870.5,8950.0,8972.0,8845.5,8900.0,8891.5,8900.51,41820,3722.19,9376, 25155, 60.15
APCL, EQ, 23-Dec-2025,120.23,120.99,122.19,119.0,119.27,121.35,120.08,6684,8.03,126, 6138, 91.83
APCOTEXIND, EQ, 23-Dec-2025,383.45,385.5,400.0,383.0,390.2,390.4,392.03,35324,138.48,943, 21849, 61.85
APEX, EQ, 23-Dec-2025,286.05,287.2,289.8,277.05,282.9,278.95,282.05,316749,893.38,7941, 115189, 36.37
APLAPOLLO, EQ, 23-Dec-2025,1863.3,1863.3,1883.7,1851.2,1867.0,1867.9,1868.6,344625,6439.66,23933, 201818, 58.56
APLLTD, EQ, 23-Dec-2025,853.75,852.0,859.4,851.8,857.0,857.4,856.02,31612,270.61,7935, 14947, 47.28
APOLLO, EQ, 23-Dec-2025,249.8,254.0,262.25,253.0,262.25,262.25,259.52,2910946,7554.47,13508, 1018499, 34.99
APOLLOHOSP, EQ, 23-Dec-2025,7054.0,7069.5,7098.0,7016.0,7075.0,7073.5,7072.93,286197,20242.51,36832, 173271, 60.54
APOLLOPIPE, EQ, 23-Dec-2025,300.35,300.35,316.4,298.35,312.0,310.85,309.57,136981,424.05,4888, 62542, 45.66
APOLLOTYRE, EQ, 23-Dec-2025,509.75,512.1,519.95,506.25,512.6,512.1,512.97,762056,3909.13,20157, 250230, 32.84
APOLSINHOT, EQ, 23-Dec-2025,1229.0,1229.7,1237.2,1202.7,1217.3,1228.2,1225.89,664,8.14,66, 555, 83.58
APTECHT, EQ, 23-Dec-2025,95.82,96.5,97.99,96.0,96.98,97.12,97.06,157137,152.51,3003, 65305, 41.56
APTUS, EQ, 23-Dec-2025,282.3,284.4,284.4,281.0,282.4,282.35,282.31,331397,935.56,16502, 164206, 49.55
ARCHIDPLY, EQ, 23-Dec-2025,90.58,90.59,94.0,89.9,89.9,90.56,90.86,8518,7.74,153, 4723, 55.45
ARCHIES, EQ, 23-Dec-2025,18.48,18.86,19.0,18.48,18.7,18.7,18.67,16471,3.07,226, 6087, 36.96
ARE&M, EQ, 23-Dec-2025,927.45,928.95,938.0,924.75,933.0,932.05,931.2,184399,1717.12,13541, 97972, 53.13
ARENTERP, EQ, 23-Dec-2025,46.33,43.5,50.22,43.5,47.89,46.73,47.73,5593,2.67,105, 4689, 83.84
ARFIN, EQ, 23-Dec-2025,65.04,65.2,68.0,65.01,67.99,67.87,66.83,415241,277.5,988, 349325, 84.13
ARIES, EQ, 23-Dec-2025,322.3,322.8,322.95,316.35,318.5,318.1,318.89,18868,60.17,1343, 9712, 51.47
ARIHANTCAP, EQ, 23-Dec-2025,94.71,95.05,95.06,93.64,93.69,93.86,94.2,288543,271.82,2091, 224771, 77.90
ARIHANTSUP, EQ, 23-Dec-2025,305.25,308.1,332.35,304.5,313.1,312.7,309.75,338215,1047.61,4975, 248575, 73.50
ARISINFRA, EQ, 23-Dec-2025,134.57,133.99,142.09,133.05,138.3,138.44,138.49,368144,509.83,5348, 147422, 40.04
ARKADE, EQ, 23-Dec-2025,140.67,141.5,141.93,137.78,138.75,138.61,139.87,333572,466.58,3772, 137790, 41.31
ARMANFIN, EQ, 23-Dec-2025,1459.7,1459.7,1492.9,1459.0,1486.1,1489.4,1482.9,14067,208.6,1959, 8519, 60.56
AROGRANITE, EQ, 23-Dec-2025,31.52,32.45,33.0,30.81,30.81,30.9,32.03,38150,12.22,324, 25476, 66.78
ARROWGREEN, EQ, 23-Dec-2025,514.4,508.5,516.95,508.5,516.0,513.95,512.74,10950,56.15,1424, 6128, 55.96
ARSSBL, EQ, 23-Dec-2025,634.7,644.4,673.45,637.0,660.0,660.5,659.11,2000617,13186.18,49220, 477337, 23.86
ARTEMISMED, EQ, 23-Dec-2025,271.15,271.0,275.95,267.0,274.35,274.65,272.03,124166,337.77,4915, 67747, 54.56
ARTNIRMAN, EQ, 23-Dec-2025,47.23,48.17,49.36,47.0,47.0,47.35,47.52,283,0.13,13, 230, 81.27
ARVEE, EQ, 23-Dec-2025,261.71,259.0,263.37,241.0,249.8,245.35,251.86,45273,114.02,1707, 17759, 39.23
ARVIND, EQ, 23-Dec-2025,319.95,321.15,322.05,316.5,317.35,317.85,318.89,144759,461.63,5056, 62355, 43.08
ARVINDFASN, EQ, 23-Dec-2025,503.2,503.55,521.0,501.55,517.5,515.9,509.09,241271,1228.29,10511, 144210, 59.77
ARVSMART, EQ, 23-Dec-2025,615.35,620.0,620.0,606.05,615.0,615.0,613.7,22993,141.11,1408, 12893, 56.07
ASAHIINDIA, EQ, 23-Dec-2025,1007.9,1015.8,1015.8,978.4,985.5,986.3,988.24,84583,835.88,8455, 38456, 45.47
ASAHISONG, EQ, 23-Dec-2025,271.35,272.0,277.15,267.05,271.4,269.4,271.98,13814,37.57,610, 9488, 68.68
ASAL, EQ, 23-Dec-2025,486.8,483.05,499.25,483.05,488.05,489.75,493.22,14351,70.78,1072, 7398, 51.55
ASALCBR, EQ, 23-Dec-2025,954.0,952.0,959.05,945.0,950.95,950.55,949.42,29409,279.21,5622, 19455, 66.15
ASHAPURMIN, EQ, 23-Dec-2025,856.35,855.05,870.0,850.15,860.0,862.95,860.85,826618,7115.98,27511, 318515, 38.53
ASHIANA, EQ, 23-Dec-2025,295.4,295.7,298.9,293.15,297.0,295.35,296.35,13066,38.72,820, 8270, 63.29
ASHIMASYN, EQ, 23-Dec-2025,17.95,17.95,19.4,17.71,19.2,19.11,18.78,157351,29.54,698, 114009, 72.46
ASHOKA, EQ, 23-Dec-2025,175.2,175.2,177.9,174.01,174.87,174.87,175.64,781930,1373.37,9017, 392531, 50.20
ASHOKAMET, EQ, 23-Dec-2025,15.87,15.99,15.99,15.63,15.71,15.77,15.8,25436,4.02,181, 18259, 71.78
ASHOKLEY, EQ, 23-Dec-2025,177.05,177.08,178.2,175.58,178.1,177.96,176.96,8542554,15116.59,75645, 3679804, 43.08
ASIANENE, EQ, 23-Dec-2025,296.45,292.0,298.85,289.0,289.0,290.4,293.59,48587,142.64,2455, 24722, 50.88
ASIANHOTNR, EQ, 23-Dec-2025,321.4,331.15,331.15,313.0,317.1,319.05,319.87,15218,48.68,468, 5534, 36.36
ASIANPAINT, EQ, 23-Dec-2025,2807.6,2798.0,2819.0,2783.1,2808.0,2807.8,2802.62,431068,12081.21,40104, 228545, 53.02
ASIANTILES, EQ, 23-Dec-2025,73.76,73.76,74.75,71.07,73.06,73.35,72.44,2929109,2121.81,14126, 903967, 30.86
ASKAUTOLTD, EQ, 23-Dec-2025,498.7,496.55,498.3,491.0,498.0,497.05,494.44,134284,663.95,6025, 58641, 43.67
ASMS, EQ, 23-Dec-2025,12.53,12.65,12.65,12.0,12.35,12.34,12.21,266526,32.54,887, 96483, 36.20
ASPINWALL, EQ, 23-Dec-2025,231.0,230.01,237.49,230.0,234.95,232.78,232.22,447,1.04,38, 339, 75.84
ASTEC, EQ, 23-Dec-2025,720.8,724.0,741.65,718.0,728.4,730.8,732.84,131170,961.26,4439, 28256, 21.54
ASTERDM, EQ, 23-Dec-2025,597.2,597.95,600.15,594.0,596.1,597.35,596.15,438392,2613.49,33048, 270141, 61.62
ASTRAL, EQ, 23-Dec-2025,1408.1,1408.1,1419.8,1396.0,1414.7,1417.0,1409.96,356529,5026.91,20315, 143956, 40.38
ASTRAMICRO, EQ, 23-Dec-2025,935.3,940.0,951.0,931.4,951.0,949.15,944.34,232870,2199.08,13809, 109666, 47.09
ASTRAZEN, EQ, 23-Dec-2025,9134.5,9199.0,9200.0,9066.0,9130.0,9139.5,9136.07,2862,261.47,1434, 1428, 49.90
ASTRON, EQ, 23-Dec-2025,6.15,6.44,6.44,6.14,6.25,6.25,6.19,50880,3.15,189, 36195, 71.14
ATALREAL, EQ, 23-Dec-2025,25.42,25.75,25.75,25.3,25.4,25.37,25.4,2001559,508.33,1390, 716187, 35.78
ATAM, EQ, 23-Dec-2025,83.04,83.99,84.7,82.51,84.7,84.14,83.81,3090,2.59,107, 2283, 73.88
ATGL, EQ, 23-Dec-2025,568.7,570.85,570.9,562.4,563.5,563.4,564.78,534922,3021.15,18617, 284024, 53.10
ATHERENERG, EQ, 23-Dec-2025,696.2,697.7,709.85,688.15,704.7,706.35,701.43,1315630,9228.28,37574, 435440, 33.10
ATL, EQ, 23-Dec-2025,27.36,27.31,29.5,27.2,28.7,28.64,28.46,591742,168.39,3944, 284768, 48.12
ATLANTAELE, EQ, 23-Dec-2025,928.65,933.9,945.75,916.2,928.9,920.75,930.32,46981,437.07,4929, 16396, 34.90
ATLASCYCLE, EQ, 23-Dec-2025,91.04,92.99,92.99,90.0,91.4,91.44,91.18,2518,2.3,119, 1578, 62.67
ATUL, EQ, 23-Dec-2025,5991.0,5991.0,6111.0,5901.5,6051.0,6090.5,6020.5,67835,4084.0,8667, 49889, 73.54
ATULAUTO, EQ, 23-Dec-2025,436.7,436.7,441.7,435.75,441.0,439.2,439.19,46464,204.06,2436, 18580, 39.99
AUBANK, EQ, 23-Dec-2025,984.45,975.0,986.1,975.0,980.0,980.35,980.02,1402838,13748.04,28662, 861196, 61.39
AURIONPRO, EQ, 23-Dec-2025,1166.3,1166.3,1184.9,1154.2,1165.5,1167.0,1169.58,105406,1232.8,10482, 39740, 37.70
AUROPHARMA, EQ, 23-Dec-2025,1224.5,1230.0,1236.1,1206.2,1216.6,1218.0,1219.02,665122,8107.99,25432, 361956, 54.42
AURUM, EQ, 23-Dec-2025,182.04,180.22,188.9,177.0,188.5,188.05,183.37,348191,638.48,4664, 221394, 63.58
AUSOMENT, EQ, 23-Dec-2025,110.86,111.32,113.73,107.71,112.79,111.87,111.23,9633,10.71,915, 3976, 41.27
AUTOAXLES, EQ, 23-Dec-2025,1880.2,1894.9,1927.0,1851.8,1880.0,1870.0,1872.26,7047,131.94,863, 4012, 56.93
AUTOBEES, EQ, 23-Dec-2025,285.55,286.39,287.0,284.8,286.0,285.97,285.87,175615,502.04,1815, 115946, 66.02
AUTOIETF, EQ, 23-Dec-2025,28.6,28.7,28.7,28.53,28.55,28.6,28.6,347184,99.3,1414, 216090, 62.24
AUTOIND, EQ, 23-Dec-2025,78.26,78.26,83.0,77.01,81.55,81.84,81.49,553800,451.27,5126, 352413, 63.64
AVADHSUGAR, EQ, 23-Dec-2025,376.95,379.95,379.95,375.05,375.05,377.4,377.84,20622,77.92,811, 12076, 58.56
AVALON, EQ, 23-Dec-2025,889.5,889.5,890.95,870.0,872.0,872.75,879.66,86461,760.56,10153, 37145, 42.96
AVANTEL, EQ, 23-Dec-2025,159.16,160.25,163.5,158.41,162.8,162.49,161.61,2542476,4108.77,21766, 922896, 36.30
AVANTIFEED, EQ, 23-Dec-2025,847.15,851.6,872.95,849.55,857.0,856.9,858.24,754333,6473.97,29968, 214812, 28.48
AVG, EQ, 23-Dec-2025,180.33,182.99,184.04,179.25,180.11,181.35,182.18,9014,16.42,384, 6285, 69.72
AVL, EQ, 23-Dec-2025,496.4,497.0,520.0,494.7,514.0,506.25,499.26,227153,1134.09,9260, 153574, 67.61
AVONMORE, EQ, 23-Dec-2025,18.44,18.44,19.15,18.27,19.13,19.03,18.84,389919,73.46,710, 297123, 76.20
AVROIND, EQ, 23-Dec-2025,116.28,118.0,125.03,115.02,120.0,120.1,120.19,35909,43.16,1402, 22066, 61.45
AVTNPL, EQ, 23-Dec-2025,66.07,66.07,66.99,66.0,66.15,66.21,66.55,25692,17.1,532, 17388, 67.68
AWFIS, EQ, 23-Dec-2025,501.7,502.55,503.7,493.3,502.65,500.15,498.28,133420,664.8,8658, 73370, 54.99
AWHCL, EQ, 23-Dec-2025,497.05,522.05,555.0,520.0,527.8,537.05,539.38,7587776,40926.94,146916, 423482, 5.58
AWL, EQ, 23-Dec-2025,241.7,241.5,243.4,238.25,238.85,239.35,240.2,1170393,2811.32,24633, 701413, 59.93
AXISBANK, EQ, 23-Dec-2025,1233.2,1239.0,1239.0,1223.5,1224.5,1225.0,1228.0,2920318,35861.39,77066, 1692727, 57.96
AXISBNKETF, EQ, 23-Dec-2025,608.68,608.73,610.43,608.6,608.67,608.73,609.35,200,1.22,28, 179, 89.50
AXISBPSETF, EQ, 23-Dec-2025,13.1,13.42,13.42,13.05,13.08,13.07,13.07,284235,37.15,372, 231659, 81.50
AXISCETF, EQ, 23-Dec-2025,125.95,127.83,127.83,125.7,126.38,126.31,126.3,1884,2.38,36, 1569, 83.28
AXISGOLD, EQ, 23-Dec-2025,112.73,114.6,114.94,113.87,114.56,114.64,114.52,2526924,2893.79,5132, 2156162, 85.33
AXISHCETF, EQ, 23-Dec-2025,150.33,150.0,151.22,149.91,150.52,150.48,150.22,4428,6.65,51, 3560, 80.40
AXISILVER, EQ, 23-Dec-2025,207.44,210.28,210.56,208.76,209.7,209.39,209.69,1393609,2922.21,4951, 841077, 60.35
AXISNIFTY, EQ, 23-Dec-2025,286.98,287.0,288.04,286.86,287.3,287.62,287.38,4761,13.68,113, 4549, 95.55
AXISTECETF, EQ, 23-Dec-2025,429.63,425.84,427.51,424.0,425.28,426.86,425.83,2821,12.01,113, 1498, 53.10
AXISVALUE, EQ, 23-Dec-2025,30.88,31.0,31.08,30.81,31.07,30.92,30.98,14741,4.57,102, 6673, 45.27
AXSENSEX, EQ, 23-Dec-2025,87.98,88.54,88.54,87.71,88.29,88.2,87.91,1568,1.38,38, 1538, 98.09
AYMSYNTEX, EQ, 23-Dec-2025,155.59,154.4,158.87,154.4,155.0,155.02,156.29,8256,12.9,559, 4691, 56.82
AZAD, EQ, 23-Dec-2025,1670.4,1670.0,1709.0,1658.0,1658.0,1661.9,1692.7,143034,2421.13,13039, 61173, 42.77
BAGFILMS, EQ, 23-Dec-2025,6.36,6.32,6.49,6.32,6.36,6.38,6.38,53281,3.4,191, 44344, 83.23
BAIDFIN, EQ, 23-Dec-2025,11.81,11.97,12.0,11.42,11.79,11.79,11.73,138203,16.22,501, 83124, 60.15
BAJAJ-AUTO, EQ, 23-Dec-2025,9164.0,9184.0,9184.0,9080.0,9085.0,9099.0,9120.74,215559,19660.58,23085, 130094, 60.35
BAJAJCON, EQ, 23-Dec-2025,263.0,264.0,265.9,260.45,264.1,265.4,263.39,209566,551.98,5736, 121141, 57.81
BAJAJELEC, EQ, 23-Dec-2025,485.2,485.2,490.0,482.1,484.55,485.0,485.93,42939,208.65,3544, 16096, 37.49
BAJAJFINSV, EQ, 23-Dec-2025,2049.8,2049.0,2057.5,2042.0,2042.0,2047.6,2048.42,677615,13880.4,31361, 480873, 70.97
BAJAJHCARE, EQ, 23-Dec-2025,420.95,422.0,432.0,414.1,415.0,415.65,419.92,125590,527.38,2862, 45441, 36.18
BAJAJHFL, EQ, 23-Dec-2025,95.9,96.5,96.8,95.71,95.75,95.85,96.09,3799664,3651.22,34340, 2173995, 57.22
BAJAJHIND, EQ, 23-Dec-2025,18.77,18.82,18.98,18.69,18.85,18.85,18.86,3763063,709.87,8276, 2085705, 55.43
BAJAJHLDNG, EQ, 23-Dec-2025,11255.0,11255.0,11310.0,11186.0,11250.0,11279.0,11258.23,25921,2918.24,6405, 13804, 53.25
BAJAJINDEF, EQ, 23-Dec-2025,323.95,325.7,330.25,322.0,325.0,325.1,325.87,11363,37.03,274, 9133, 80.37
BAJEL, EQ, 23-Dec-2025,171.56,173.4,177.5,171.25,176.02,176.46,175.39,106034,185.97,2643, 52376, 49.40
BAJFINANCE, EQ, 23-Dec-2025,1007.8,1013.5,1018.0,1005.7,1011.5,1011.4,1012.31,4712043,47700.44,116598, 2763704, 58.65
BALAJEE, EQ, 23-Dec-2025,39.87,39.88,40.92,39.88,40.69,40.61,40.64,65400,26.58,685, 42093, 64.36
BALAJITELE, EQ, 23-Dec-2025,108.6,108.95,113.0,108.95,110.7,111.49,110.76,490120,542.83,3510, 54173, 11.05
BALAMINES, EQ, 23-Dec-2025,1116.3,1120.5,1144.9,1116.0,1129.8,1126.5,1128.43,43213,487.63,4042, 21048, 48.71
BALAXI, EQ, 23-Dec-2025,28.01,28.85,29.3,28.0,29.2,28.9,28.71,74302,21.34,884, 44281, 59.60
BALKRISHNA, EQ, 23-Dec-2025,18.48,19.21,19.21,18.21,18.4,18.4,18.5,95377,17.65,260, 65304, 68.47
BALKRISIND, EQ, 23-Dec-2025,2340.0,2340.2,2348.8,2299.5,2308.6,2309.9,2312.36,106481,2462.23,17510, 55463, 52.09
BALMLAWRIE, EQ, 23-Dec-2025,179.34,180.04,184.0,179.66,183.0,183.06,182.39,161652,294.83,3223, 77379, 47.87
BALPHARMA, EQ, 23-Dec-2025,73.17,72.95,74.9,72.51,73.3,73.83,73.74,5162,3.81,160, 2685, 52.01
BALRAMCHIN, EQ, 23-Dec-2025,441.05,444.0,445.4,441.3,442.3,442.8,443.05,117203,519.27,4868, 54239, 46.28
BALUFORGE, EQ, 23-Dec-2025,629.2,630.0,637.95,614.45,618.95,616.95,627.84,548409,3443.11,12616, 209703, 38.24
BANARBEADS, EQ, 23-Dec-2025,127.46,127.4,131.9,127.4,131.9,131.11,129.77,4612,5.99,351, 2875, 62.34
BANARISUG, EQ, 23-Dec-2025,3601.3,3618.3,3627.2,3600.0,3607.0,3601.8,3608.75,208,7.51,54, 127, 61.06
BANCOINDIA, EQ, 23-Dec-2025,708.25,705.6,713.45,700.0,702.5,701.8,703.46,194332,1367.04,11056, 90963, 46.81
BANDHANBNK, EQ, 23-Dec-2025,148.97,149.5,150.5,148.45,149.56,149.34,149.49,2568295,3839.42,16262, 1044688, 40.68
BANG, EQ, 23-Dec-2025,49.27,49.03,55.4,47.96,49.45,49.09,51.9,582504,302.34,3840, 165837, 28.47
BANKA, EQ, 23-Dec-2025,65.92,66.01,68.47,65.0,67.49,66.37,65.9,5431,3.58,109, 3501, 64.46
BANKADD, EQ, 23-Dec-2025,60.46,60.7,60.7,60.35,60.46,60.43,60.43,1009,0.61,49, 679, 67.29
BANKBARODA, EQ, 23-Dec-2025,294.0,295.0,295.0,291.05,292.9,292.5,293.02,3676651,10773.38,31588, 2009129, 54.65
BANKBEES, EQ, 23-Dec-2025,611.26,613.96,613.96,609.47,610.0,610.64,611.1,377597,2307.49,4475, 214653, 56.85
BANKBETF, EQ, 23-Dec-2025,60.05,60.35,60.35,59.95,60.01,60.02,60.01,6923,4.15,219, 5826, 84.15
BANKETF, EQ, 23-Dec-2025,601.8,604.76,604.79,600.72,601.46,601.1,600.97,3016,18.13,70, 2951, 97.84
BANKIETF, EQ, 23-Dec-2025,60.59,60.6,60.77,60.52,60.64,60.59,60.55,1045872,633.3,1769, 920725, 88.03
BANKINDIA, EQ, 23-Dec-2025,142.72,143.01,143.55,140.59,140.91,140.89,141.73,3701448,5245.88,32499, 1998045, 53.98
BANKNIFTY1, EQ, 23-Dec-2025,612.17,613.56,613.57,611.54,611.75,612.59,612.09,137227,839.96,566, 133071, 96.97
BANKPSU, EQ, 23-Dec-2025,84.06,84.14,84.5,83.56,83.86,83.86,84.08,10731,9.02,84, 5311, 49.49
BANSALWIRE, EQ, 23-Dec-2025,314.55,315.0,315.55,310.55,314.95,313.9,313.89,89271,280.21,1345, 68212, 76.41
BANSWRAS, EQ, 23-Dec-2025,113.8,114.2,115.49,114.0,114.02,114.55,114.61,3152,3.61,147, 2490, 79.00
BASF, EQ, 23-Dec-2025,3931.7,3931.7,3956.8,3880.0,3920.0,3915.0,3910.11,13339,521.57,2852, 8547, 64.08
BASML, EQ, 23-Dec-2025,27.06,27.45,27.45,26.8,27.0,26.96,27.18,38578,10.48,300, 29895, 77.49
BATAINDIA, EQ, 23-Dec-2025,948.05,956.9,956.9,945.3,951.45,950.4,949.0,46660,442.8,4412, 21228, 45.50
BAYERCROP, EQ, 23-Dec-2025,4364.0,4387.8,4472.0,4372.4,4450.0,4456.6,4448.35,27068,1204.08,4373, 15301, 56.53
BBETF0432, EQ, 23-Dec-2025,1304.56,1305.0,1310.85,1303.22,1304.8,1304.81,1304.82,10490,136.88,66, 8848, 84.35
BBL, EQ, 23-Dec-2025,2756.3,2760.7,2790.0,2745.1,2746.6,2752.2,2766.87,11554,319.68,1911, 6992, 60.52
BBNPNBETF, EQ, 23-Dec-2025,59.49,60.57,60.57,59.42,59.75,59.75,59.61,818,0.49,38, 414, 50.61
BBNPPGOLD, EQ, 23-Dec-2025,130.4,131.95,132.7,131.3,132.5,132.5,132.49,134663,178.41,144, 131275, 97.48
BBOX, EQ, 23-Dec-2025,513.3,542.2,542.2,508.5,515.8,514.65,519.9,241013,1253.02,8908, 61984, 25.72
BBTC, EQ, 23-Dec-2025,1902.9,1912.4,1923.3,1885.1,1900.8,1894.2,1902.14,32459,617.42,5520, 14784, 45.55
BBTCL, EQ, 23-Dec-2025,193.69,193.0,195.99,188.62,190.0,190.36,190.59,4275,8.15,84, 3053, 71.42
BCG, EQ, 23-Dec-2025,11.21,11.28,11.29,10.72,10.81,10.76,10.9,7274087,792.77,11529, 3986401, 54.80
BCLIND, EQ, 23-Dec-2025,32.31,32.35,32.59,32.1,32.4,32.35,32.33,550258,177.93,1944, 370691, 67.37
BDL, EQ, 23-Dec-2025,1423.6,1427.2,1444.0,1414.0,1429.9,1431.4,1431.78,1020331,14608.9,32705, 233141, 22.85
BEARDSELL, EQ, 23-Dec-2025,30.0,30.48,30.5,29.81,30.45,30.29,30.2,21979,6.64,180, 17550, 79.85
BECTORFOOD, EQ, 23-Dec-2025,248.9,248.9,249.6,236.0,237.7,237.2,239.26,638748,1528.27,17778, 380692, 59.60
BEDMUTHA, EQ, 23-Dec-2025,105.54,105.11,111.0,104.0,109.0,110.08,108.63,32641,35.46,575, 16739, 51.28
BEL, EQ, 23-Dec-2025,398.95,399.0,402.5,395.75,399.25,399.4,400.14,7734965,30950.87,103854, 3716244, 48.04
BELLACASA, EQ, 23-Dec-2025,379.8,385.0,385.0,376.15,384.0,382.6,381.18,7720,29.43,306, 5379, 69.68
BELRISE, EQ, 23-Dec-2025,158.36,162.05,179.9,162.05,167.68,168.23,172.67,101578148,175391.32,452956, 12822284, 12.62
BEML, EQ, 23-Dec-2025,1795.8,1800.0,1874.9,1784.9,1838.6,1837.0,1845.46,595424,10988.32,45389, 155493, 26.11
BEPL, EQ, 23-Dec-2025,86.23,86.5,90.49,86.49,90.0,89.56,88.92,667572,593.61,6195, 272712, 40.85
BERGEPAINT, EQ, 23-Dec-2025,542.15,546.0,552.2,540.5,548.95,544.05,545.43,200833,1095.41,18044, 82473, 41.07
BESTAGRO, EQ, 23-Dec-2025,389.45,390.9,392.2,384.75,386.9,385.75,386.53,53528,206.9,2380, 25419, 47.49
BETA, EQ, 23-Dec-2025,1619.8,1633.0,1683.0,1558.0,1572.0,1578.3,1613.22,5310,85.66,858, 2760, 51.98
BFINVEST, EQ, 23-Dec-2025,419.2,422.5,429.5,417.85,419.15,420.95,422.89,14923,63.11,1016, 7481, 50.13
BFSI, EQ, 23-Dec-2025,28.38,28.41,28.55,28.39,28.51,28.5,28.47,113561,32.33,515, 98590, 86.82
BHAGCHEM, EQ, 23-Dec-2025,230.0,227.01,238.7,227.01,230.0,230.59,230.56,235627,543.27,4039, 143021, 60.70
BHAGERIA, EQ, 23-Dec-2025,187.13,188.0,190.52,185.22,189.5,188.31,187.78,47330,88.88,1627, 27129, 57.32
BHANDARI, EQ, 23-Dec-2025,3.99,4.04,4.05,3.95,3.99,3.98,4.0,199546,7.98,367, 150575, 75.46
BHARATFORG, EQ, 23-Dec-2025,1456.2,1463.2,1465.0,1437.5,1457.7,1460.2,1454.87,477398,6945.51,25281, 220218, 46.13
BHARATRAS, EQ, 23-Dec-2025,2300.0,2302.0,2379.0,2298.0,2365.0,2370.0,2347.11,17902,420.18,2535, 8453, 47.22
BHARATSE, EQ, 23-Dec-2025,176.22,174.24,178.58,173.14,178.0,177.22,176.6,50963,90.0,1134, 30434, 59.72
BHARATWIRE, EQ, 23-Dec-2025,187.25,182.5,184.99,176.5,180.54,178.11,180.79,579609,1047.89,10459, 303710, 52.40
BHARTIARTL, EQ, 23-Dec-2025,2147.6,2157.0,2164.0,2119.2,2123.0,2122.9,2128.23,4110853,87488.34,154127, 1484781, 36.12
BHARTIHEXA, EQ, 23-Dec-2025,1788.7,1799.0,1824.9,1784.1,1807.3,1806.9,1809.87,113689,2057.62,14744, 56529, 49.72
BHEL, EQ, 23-Dec-2025,281.85,282.2,284.35,280.6,281.6,281.9,282.57,5087115,14374.85,35904, 2136971, 42.01
BIGBLOC, EQ, 23-Dec-2025,65.99,67.0,70.67,65.91,69.0,69.0,68.36,294466,201.3,3521, 153289, 52.06
BIKAJI, EQ, 23-Dec-2025,750.35,749.5,755.05,744.1,746.75,746.9,748.68,76862,575.45,8387, 38142, 49.62
BIL, EQ, 23-Dec-2025,746.1,770.0,806.25,737.0,759.65,758.45,764.99,4496,34.39,455, 1504, 33.45
BIOCON, EQ, 23-Dec-2025,399.3,400.6,403.7,399.0,400.9,401.55,401.35,1907267,7654.76,20334, 787962, 41.31
BIOFILCHEM, EQ, 23-Dec-2025,33.26,33.01,33.67,33.01,33.06,33.08,33.31,5788,1.93,135, 4411, 76.21
BIRLACABLE, EQ, 23-Dec-2025,135.92,135.92,137.88,135.25,136.3,136.43,136.44,11670,15.92,511, 6572, 56.32
BIRLACORPN, EQ, 23-Dec-2025,1080.8,1086.5,1097.0,1076.4,1088.3,1088.1,1089.29,33598,365.98,5285, 19217, 57.20
BIRLAMONEY, EQ, 23-Dec-2025,146.71,146.71,147.7,144.61,146.85,147.1,146.53,17818,26.11,579, 9888, 55.49
BIRLANU, EQ, 23-Dec-2025,1542.2,1552.5,1552.5,1528.8,1539.9,1544.5,1540.4,5193,79.99,936, 2921, 56.25
BLACKBUCK, EQ, 23-Dec-2025,637.1,635.0,647.55,630.8,641.0,642.6,638.57,403963,2579.6,23093, 218165, 54.01
BLAL, EQ, 23-Dec-2025,204.56,203.0,207.8,203.0,207.78,206.78,205.94,29574,60.91,1085, 16579, 56.06
BLBLIMITED, EQ, 23-Dec-2025,14.04,14.04,14.35,13.93,14.3,14.22,14.16,101382,14.35,635, 69552, 68.60
BLISSGVS, EQ, 23-Dec-2025,175.75,174.51,183.78,171.69,177.61,179.0,178.48,2515781,4490.23,21005, 471992, 18.76
BLKASHYAP, EQ, 23-Dec-2025,50.31,50.49,52.9,50.01,52.0,52.03,51.89,373084,193.58,3330, 192431, 51.58
BLS, EQ, 23-Dec-2025,327.5,328.3,328.45,321.6,323.25,322.5,323.42,606050,1960.09,13744, 279056, 46.05
BLSE, EQ, 23-Dec-2025,206.22,205.0,209.65,205.0,206.33,205.93,206.67,103009,212.88,1935, 35022, 34.00
BLUEDART, EQ, 23-Dec-2025,5432.5,5432.5,5490.0,5379.5,5463.5,5477.0,5446.08,9069,493.91,2700, 4329, 47.73
BLUEJET, EQ, 23-Dec-2025,553.95,554.0,561.0,546.1,549.8,549.55,552.03,235379,1299.37,11856, 117843, 50.07
BLUESTARCO, EQ, 23-Dec-2025,1766.2,1768.5,1771.5,1748.6,1767.2,1766.4,1757.66,151531,2663.4,8707, 78276, 51.66
BLUESTONE, EQ, 23-Dec-2025,516.1,525.0,525.0,501.2,503.5,503.95,509.21,174816,890.18,13778, 75505, 43.19
BLUSPRING, EQ, 23-Dec-2025,67.01,66.02,67.59,65.97,67.05,67.14,66.87,92549,61.89,17851, 69111, 74.68
BMWVENTLTD, EQ, 23-Dec-2025,58.67,58.67,60.78,58.24,58.42,58.52,59.21,256327,151.76,2831, 117877, 45.99
BODALCHEM, EQ, 23-Dec-2025,53.34,53.79,53.95,53.0,53.75,53.38,53.51,102996,55.11,1690, 49273, 47.84
BOHRAIND, EQ, 23-Dec-2025,18.36,19.03,19.03,18.3,18.94,18.32,18.47,17121,3.16,58, 16895, 98.68
BOMDYEING, EQ, 23-Dec-2025,132.88,133.19,135.5,132.8,133.85,133.33,134.03,549711,736.79,5945, 210583, 38.31
BOROLTD, EQ, 23-Dec-2025,295.9,294.7,297.95,289.55,292.1,293.5,293.08,72578,212.71,3799, 42493, 58.55
BORORENEW, EQ, 23-Dec-2025,546.15,549.3,552.0,541.25,545.85,549.0,546.64,165164,902.85,8789, 78345, 47.43
BOROSCI, EQ, 23-Dec-2025,120.69,120.69,122.25,119.1,119.4,119.96,120.6,32157,38.78,711, 24167, 75.15
BOSCHLTD, EQ, 23-Dec-2025,36160.0,36165.0,36500.0,35840.0,36300.0,36305.0,36158.51,11103,4014.68,3837, 6411, 57.74
BPCL, EQ, 23-Dec-2025,369.9,369.9,373.5,368.55,369.7,370.0,371.27,3379297,12546.36,42973, 1421459, 42.06
BPL, EQ, 23-Dec-2025,57.25,58.3,63.3,57.02,61.5,61.67,60.81,248456,151.08,2855, 117402, 47.25
BRIGADE, EQ, 23-Dec-2025,873.75,874.95,881.45,867.0,880.0,879.45,876.19,160066,1402.48,17267, 79936, 49.94
BRIGHOTEL, EQ, 23-Dec-2025,71.4,71.15,72.05,70.11,71.3,71.43,70.95,440840,312.77,8132, 331625, 75.23
BRITANNIA, EQ, 23-Dec-2025,6083.0,6083.0,6119.0,6030.0,6060.0,6061.0,6068.8,216840,13159.59,33464, 124476, 57.40
BRNL, EQ, 23-Dec-2025,22.54,22.54,22.8,22.0,22.48,22.33,22.4,73630,16.49,551, 45612, 61.95
BROOKS, EQ, 23-Dec-2025,93.83,93.8,94.73,92.0,92.99,92.69,92.92,28624,26.6,658, 18578, 64.90
BSE, EQ, 23-Dec-2025,2775.5,2778.7,2800.0,2715.0,2734.0,2737.5,2753.92,3825412,105348.78,121500, 935580, 24.46
BSE500IETF, EQ, 23-Dec-2025,40.26,40.26,40.47,40.15,40.3,40.26,40.28,41893,16.87,1075, 24353, 58.13
BSHSL, EQ, 23-Dec-2025,102.63,103.9,103.9,99.9,99.9,100.12,101.07,10746,10.86,406, 7641, 71.11
BSL, EQ, 23-Dec-2025,155.64,157.0,158.49,154.1,154.11,155.81,156.06,14453,22.56,1297, 4643, 32.12
BSLGOLDETF, EQ, 23-Dec-2025,118.27,119.28,120.79,112.0,119.6,116.59,117.32,1220686,1432.13,2310, 614267, 50.32
BSLNIFTY, EQ, 23-Dec-2025,30.41,30.76,30.76,30.37,30.5,30.42,30.44,117967,35.9,3114, 73922, 62.66
BSLSENETFG, EQ, 23-Dec-2025,85.53,86.81,86.81,85.03,85.53,85.63,85.65,985,0.84,100, 793, 80.51
BSOFT, EQ, 23-Dec-2025,450.15,452.8,458.7,445.7,454.95,455.85,454.99,2071226,9423.96,36617, 800270, 38.64
BTML, EQ, 23-Dec-2025,8.2,8.16,8.22,8.03,8.13,8.07,8.09,170366,13.78,359, 128198, 75.25
BUTTERFLY, EQ, 23-Dec-2025,650.7,653.0,660.2,644.0,657.2,656.25,652.87,10466,68.33,800, 5765, 55.08
BVCL, EQ, 23-Dec-2025,44.89,45.4,47.47,44.65,45.99,45.41,45.95,29922,13.75,229, 20093, 67.15
BYKE, EQ, 23-Dec-2025,52.67,53.88,54.0,51.72,52.6,52.25,52.82,43610,23.03,578, 29947, 68.67
CALSOFT, EQ, 23-Dec-2025,15.62,15.88,15.88,15.11,15.35,15.54,15.42,32616,5.03,174, 25020, 76.71
CAMLINFINE, EQ, 23-Dec-2025,156.03,157.0,158.83,155.1,156.0,156.76,156.83,194304,304.72,4651, 118254, 60.86
CAMPUS, EQ, 23-Dec-2025,265.0,265.0,266.85,256.8,258.8,258.6,259.7,889140,2309.09,19126, 541279, 60.88
CAMS, EQ, 23-Dec-2025,762.2,766.0,767.0,755.0,760.0,760.2,760.93,573531,4364.18,18783, 254333, 44.35
CANBK, EQ, 23-Dec-2025,150.3,150.85,151.25,149.61,150.18,150.22,150.24,16025851,24077.45,70811, 9105222, 56.82
CANFINHOME, EQ, 23-Dec-2025,941.1,940.05,943.05,921.1,922.1,929.15,932.39,82952,773.44,7433, 49554, 59.74
CANHLIFE, EQ, 23-Dec-2025,133.23,157.11,157.11,133.12,140.2,141.09,139.82,9183002,12839.74,111564, 2836826, 30.89
CANTABIL, EQ, 23-Dec-2025,261.39,261.4,263.05,255.48,257.1,259.23,258.57,682130,1763.82,5990, 362791, 53.19
CAPACITE, EQ, 23-Dec-2025,261.9,261.9,264.1,260.75,262.7,262.1,262.5,89333,234.5,3106, 55549, 62.18
CAPILLARY, EQ, 23-Dec-2025,693.45,697.95,704.0,680.0,682.5,686.55,691.73,931789,6445.43,23517, 106522, 11.43
CAPITALSFB, EQ, 23-Dec-2025,263.7,266.0,266.7,262.4,264.5,263.75,263.99,25338,66.89,816, 17216, 67.95
CAPLIPOINT, EQ, 23-Dec-2025,1953.8,1956.8,1989.0,1937.0,1979.0,1981.0,1971.96,42769,843.39,6236, 23290, 54.46
CAPTRUST, EQ, 23-Dec-2025,12.78,13.15,13.41,12.85,13.41,13.41,13.31,72085,9.6,296, 64154, 89.00
CARBORUNIV, EQ, 23-Dec-2025,852.75,848.0,857.45,835.0,857.0,851.55,843.51,222131,1873.69,16801, 131199, 59.06
CARERATING, EQ, 23-Dec-2025,1560.7,1550.5,1628.0,1550.5,1590.0,1585.7,1590.25,65668,1044.29,13766, 35764, 54.46
CARRARO, EQ, 23-Dec-2025,545.75,547.85,549.85,540.9,543.05,544.85,544.64,49352,268.79,3457, 30842, 62.49
CARTRADE, EQ, 23-Dec-2025,2902.4,2900.4,2902.0,2761.3,2789.0,2792.9,2811.82,208737,5869.3,30937, 86866, 41.62
CARYSIL, EQ, 23-Dec-2025,908.5,914.0,927.6,902.5,907.0,905.3,914.71,46274,423.27,4002, 25482, 55.07
CASHIETF, EQ, 23-Dec-2025,1042.1,1042.25,1042.27,1042.25,1042.27,1042.26,1042.26,473574,4935.85,133, 329098, 69.49
CASTROLIND, EQ, 23-Dec-2025,183.94,185.0,190.56,184.06,185.61,185.93,187.34,2824376,5291.07,43782, 1207479, 42.75
CCHHL, EQ, 23-Dec-2025,15.35,15.06,15.5,15.06,15.28,15.34,15.38,6977,1.07,103, 6138, 87.97
CCL, EQ, 23-Dec-2025,980.9,987.0,994.0,940.4,965.0,966.0,959.51,364266,3495.17,26205, 134125, 36.82
CDSL, EQ, 23-Dec-2025,1518.7,1522.9,1524.0,1506.9,1513.1,1515.5,1517.33,772845,11726.64,29663, 296180, 38.32
CEATLTD, EQ, 23-Dec-2025,3932.8,3931.6,3954.6,3872.4,3891.5,3903.2,3912.23,136179,5327.63,18576, 31917, 23.44
CEIGALL, EQ, 23-Dec-2025,246.74,249.86,255.59,246.8,248.9,248.84,251.19,689547,1732.08,8807, 368221, 53.40
CELEBRITY, EQ, 23-Dec-2025,8.77,8.91,8.98,8.58,8.92,8.97,8.9,24605,2.19,166, 15338, 62.34
CELLO, EQ, 23-Dec-2025,551.65,552.75,553.6,546.05,553.5,550.65,549.86,45333,249.27,3386, 21969, 48.46
CEMPRO, EQ, 23-Dec-2025,823.3,824.6,831.65,811.25,822.65,826.65,823.16,234071,1926.78,18724, 103120, 44.06
CENTENKA, EQ, 23-Dec-2025,437.65,438.0,443.85,433.1,434.8,434.85,436.22,13738,59.93,1024, 8601, 62.61
CENTRALBK, EQ, 23-Dec-2025,37.13,37.31,37.37,37.01,37.05,37.12,37.14,2517914,935.05,10734, 1194204, 47.43
CENTRUM, EQ, 23-Dec-2025,28.43,28.43,28.73,28.43,28.51,28.55,28.58,76498,21.86,437, 52066, 68.06
CENTUM, EQ, 23-Dec-2025,2316.1,2310.3,2465.2,2251.1,2399.0,2402.7,2380.3,48753,1160.47,10797, 14291, 29.31
CENTURYPLY, EQ, 23-Dec-2025,827.75,842.6,854.9,822.1,831.0,831.65,838.12,157884,1323.25,13226, 42632, 27.00
CERA, EQ, 23-Dec-2025,5331.0,5340.0,5340.0,5276.0,5299.5,5299.0,5300.7,10696,566.96,2638, 5367, 50.18
CESC, EQ, 23-Dec-2025,168.09,168.09,168.9,167.53,168.5,168.34,168.17,622271,1046.44,16620, 322368, 51.81
CEWATER, EQ, 23-Dec-2025,440.25,442.95,446.0,439.0,440.0,440.55,441.84,12311,54.39,962, 8080, 65.63
CGCL, EQ, 23-Dec-2025,177.77,178.55,179.56,177.55,178.7,178.49,178.33,469777,837.77,8126, 220884, 47.02
CGPOWER, EQ, 23-Dec-2025,671.05,671.0,672.7,662.5,666.45,666.3,668.6,1294033,8651.9,29613, 666500, 51.51
CHALET, EQ, 23-Dec-2025,865.7,871.0,904.0,865.5,888.95,886.15,888.63,296869,2638.06,22026, 89694, 30.21
CHAMBLFERT, EQ, 23-Dec-2025,465.95,467.0,474.85,461.0,468.95,468.9,469.79,1195508,5616.32,32846, 578352, 48.38
CHEMBOND, EQ, 23-Dec-2025,159.71,159.71,162.01,156.25,159.9,158.1,159.53,13433,21.43,225, 9794, 72.91
CHEMBONDCH, EQ, 23-Dec-2025,164.43,165.0,168.2,159.21,163.0,163.59,164.64,15875,26.14,476, 10097, 63.60
CHEMCON, EQ, 23-Dec-2025,201.88,202.9,206.99,201.56,203.67,203.06,203.94,33034,67.37,1553, 17188, 52.03
CHEMFAB, EQ, 23-Dec-2025,439.1,445.7,448.3,435.05,440.0,439.6,440.47,11207,49.36,1418, 5558, 49.59
CHEMICAL, EQ, 23-Dec-2025,29.02,29.56,29.56,28.93,29.24,29.17,29.09,664640,193.33,750, 620063, 93.29
CHEMPLASTS, EQ, 23-Dec-2025,265.7,265.05,273.4,263.4,268.4,268.8,268.88,134451,361.51,4001, 59811, 44.49
CHENNPETRO, EQ, 23-Dec-2025,893.3,897.8,909.0,860.0,860.5,861.8,874.89,1055782,9236.96,31354, 410112, 38.84
CHEVIOT, EQ, 23-Dec-2025,1104.5,1118.4,1118.4,1083.0,1085.1,1107.5,1098.41,2064,22.67,434, 1078, 52.23
CHOICEGOLD, EQ, 23-Dec-2025,133.57,134.17,136.0,134.17,135.8,135.74,135.72,33618,45.63,369, 10870, 32.33
CHOICEIN, EQ, 23-Dec-2025,790.55,794.0,813.75,789.9,808.0,807.8,806.59,683812,5515.53,14305, 182902, 26.75
CHOLAFIN, EQ, 23-Dec-2025,1584.9,1605.0,1713.4,1595.8,1678.4,1678.5,1683.07,7716481,129873.41,184892, 1821969, 23.61
CHOLAHLDNG, EQ, 23-Dec-2025,1812.6,1824.0,1907.6,1815.6,1874.8,1868.8,1875.25,204132,3827.99,22435, 61188, 29.97
CIEINDIA, EQ, 23-Dec-2025,398.9,401.0,402.5,396.35,401.05,401.55,400.75,73992,296.52,4726, 45165, 61.04
CIFL, EQ, 23-Dec-2025,38.15,38.46,39.0,37.5,38.05,37.96,38.12,270283,103.02,2348, 142489, 52.72
CIGNITITEC, EQ, 23-Dec-2025,1824.8,1824.8,1824.8,1702.8,1748.0,1751.1,1745.54,166797,2911.5,13339, 76409, 45.81
CINELINE, EQ, 23-Dec-2025,88.22,87.01,94.0,87.01,92.66,91.89,91.54,40592,37.16,555, 26499, 65.28
CINEVISTA, EQ, 23-Dec-2025,15.85,15.75,15.85,15.32,15.33,15.37,15.54,8306,1.29,160, 5622, 67.69
CIPLA, EQ, 23-Dec-2025,1512.9,1520.4,1522.0,1498.3,1501.5,1500.7,1508.47,826988,12474.86,32903, 448410, 54.22
CLEAN, EQ, 23-Dec-2025,906.8,906.8,915.9,893.0,910.0,906.85,906.15,195472,1771.28,21102, 98227, 50.25
CLEDUCATE, EQ, 23-Dec-2025,83.41,83.01,83.97,81.1,81.17,81.86,82.41,31988,26.36,467, 21795, 68.13
CLSEL, EQ, 23-Dec-2025,261.2,261.0,266.0,259.4,260.5,261.35,262.23,68382,179.32,1460, 33420, 48.87
CMSINFO, EQ, 23-Dec-2025,349.7,349.7,355.0,346.5,350.85,351.4,349.89,1417689,4960.37,22127, 1289799, 90.98
CNL, EQ, 23-Dec-2025,739.75,753.0,753.0,735.65,739.5,739.25,740.8,2191,16.23,348, 1454, 66.36
COALINDIA, EQ, 23-Dec-2025,386.25,387.45,400.95,386.45,400.65,400.4,398.18,18487395,73613.79,259208, 8727882, 47.21
COCHINSHIP, EQ, 23-Dec-2025,1666.3,1677.9,1686.8,1642.4,1645.0,1646.8,1659.27,1300532,21579.37,57040, 305501, 23.49
COFFEEDAY, EQ, 23-Dec-2025,34.67,34.67,37.38,34.48,35.76,35.7,36.01,812213,292.48,4330, 350649, 43.17
COFORGE, EQ, 23-Dec-2025,1868.7,1847.0,1847.0,1739.3,1778.0,1780.2,1781.99,3815131,67985.32,133061, 1498409, 39.28
COHANCE, EQ, 23-Dec-2025,539.85,539.85,541.95,534.0,535.2,535.45,535.76,165622,887.33,18225, 88868, 53.66
COLPAL, EQ, 23-Dec-2025,2108.2,2110.0,2118.9,2097.7,2104.3,2106.2,2106.88,117770,2481.28,11007, 44769, 38.01
COMMOIETF, EQ, 23-Dec-2025,94.21,94.87,95.12,94.2,94.8,94.9,94.88,96040,91.12,3129, 63056, 65.66
COMPUSOFT, EQ, 23-Dec-2025,16.51,16.51,16.75,16.3,16.45,16.56,16.52,14962,2.47,225, 11411, 76.27
CONCOR, EQ, 23-Dec-2025,508.4,510.7,517.0,506.9,512.3,512.6,513.26,943869,4844.53,22973, 399070, 42.28
CONCORDBIO, EQ, 23-Dec-2025,1329.0,1331.1,1348.9,1327.0,1345.0,1343.9,1338.73,34848,466.52,4667, 22596, 64.84
CONFIPET, EQ, 23-Dec-2025,36.04,36.04,36.55,35.8,36.3,36.41,36.19,353955,128.09,2794, 157479, 44.49
CONS, EQ, 23-Dec-2025,125.99,125.78,126.0,125.13,125.97,125.98,125.45,1517,1.9,36, 1009, 66.51
CONSOFINVT, EQ, 23-Dec-2025,170.81,174.0,183.0,170.01,172.1,173.74,175.09,4980,8.72,242, 1898, 38.11
CONSUMBEES, EQ, 23-Dec-2025,136.16,136.57,136.93,135.69,136.19,136.24,136.14,69491,94.6,897, 44296, 63.74
CONSUMER, EQ, 23-Dec-2025,11.93,11.94,11.96,11.88,11.94,11.94,11.93,65064,7.76,310, 49870, 76.65
CONSUMIETF, EQ, 23-Dec-2025,126.49,127.46,127.46,126.21,126.45,126.53,126.56,13697,17.34,195, 8692, 63.46
CONTROLPR, EQ, 23-Dec-2025,726.95,726.95,726.95,709.7,718.9,714.25,717.64,16951,121.65,1284, 9875, 58.26
CORALFINAC, EQ, 23-Dec-2025,38.83,39.0,40.1,39.0,39.5,39.47,39.38,5799,2.28,68, 5112, 88.15
CORDSCABLE, EQ, 23-Dec-2025,191.52,193.36,195.01,191.76,193.5,193.29,193.25,20817,40.23,740, 12780, 61.39
COROMANDEL, EQ, 23-Dec-2025,2395.7,2390.0,2418.8,2344.1,2412.0,2408.2,2381.19,208907,4974.48,26870, 88467, 42.35
CORONA, EQ, 23-Dec-2025,1354.5,1361.0,1374.3,1336.6,1361.0,1362.6,1358.43,209038,2839.64,18505, 40982, 19.61
COSMOFIRST, EQ, 23-Dec-2025,689.3,690.85,690.85,679.95,682.95,681.55,685.11,32917,225.52,1955, 19835, 60.26
COUNCODOS, EQ, 23-Dec-2025,5.71,5.56,5.87,5.47,5.6,5.52,5.53,121900,6.74,366, 103119, 84.59
CPCAP, EQ, 23-Dec-2025,120.58,120.33,120.33,117.01,117.01,117.46,117.92,14286,16.85,187, 11128, 77.89
CPEDU, EQ, 23-Dec-2025,259.0,259.0,268.95,253.35,263.0,266.7,262.82,16557,43.52,1718, 7902, 47.73
CPPLUS, EQ, 23-Dec-2025,1598.7,1605.0,1605.0,1545.9,1550.4,1553.1,1566.99,78827,1235.21,9961, 40715, 51.65
CPSEETF, EQ, 23-Dec-2025,89.96,90.12,91.53,89.91,91.15,91.16,91.09,2559822,2331.83,8337, 1870800, 73.08
CRAFTSMAN, EQ, 23-Dec-2025,7051.0,7078.5,7125.0,7020.0,7054.0,7089.0,7092.25,30809,2185.05,12272, 16687, 54.16
CRAMC, EQ, 23-Dec-2025,302.7,302.7,306.3,302.0,303.6,303.5,303.69,384568,1167.9,7951, 163732, 42.58
CREATIVEYE, EQ, 23-Dec-2025,7.07,7.56,7.56,7.0,7.1,7.03,7.11,15497,1.1,99, 12397, 80.00
CREDITACC, EQ, 23-Dec-2025,1300.3,1300.3,1313.8,1281.7,1301.0,1301.7,1301.63,93782,1220.7,9412, 45060, 48.05
CREST, EQ, 23-Dec-2025,397.8,396.8,404.0,391.0,391.95,392.3,397.49,5934,23.59,316, 3856, 64.98
CRISIL, EQ, 23-Dec-2025,4322.1,4334.9,4343.9,4257.1,4263.4,4272.3,4290.43,37143,1593.6,9254, 23507, 63.29
CRIZAC, EQ, 23-Dec-2025,284.9,285.25,294.35,283.55,291.7,291.8,290.36,280931,815.72,8294, 159630, 56.82
CROMPTON, EQ, 23-Dec-2025,259.1,260.9,261.35,257.45,259.1,259.7,259.39,2771302,7188.36,29156, 1419061, 51.21
CROWN, EQ, 23-Dec-2025,133.84,133.84,138.1,133.38,134.61,136.31,136.23,15879,21.63,680, 10315, 64.96
CSBBANK, EQ, 23-Dec-2025,414.95,414.0,416.1,407.45,413.5,412.7,412.15,183898,757.94,8338, 78241, 42.55
CSLFINANCE, EQ, 23-Dec-2025,321.7,324.7,324.7,315.9,316.0,316.9,319.52,10917,34.88,333, 8846, 81.03
CTE, EQ, 23-Dec-2025,39.98,41.35,41.5,39.8,39.8,39.88,40.24,29647,11.93,372, 13957, 47.08
CUB, EQ, 23-Dec-2025,283.15,283.05,289.0,282.6,288.9,288.6,286.79,1507417,4323.13,36088, 828042, 54.93
CUBEXTUB, EQ, 23-Dec-2025,92.14,91.5,96.0,91.5,94.0,93.97,94.08,93457,87.93,2009, 59079, 63.22
CUMMINSIND, EQ, 23-Dec-2025,4519.9,4539.9,4541.4,4484.1,4493.7,4503.2,4502.57,282637,12725.92,28555, 178502, 63.16
CUPID, EQ, 23-Dec-2025,457.95,472.0,475.0,455.4,468.95,469.0,466.41,4124631,19237.73,52269, 1144898, 27.76
CYBERMEDIA, EQ, 23-Dec-2025,16.14,16.14,16.7,15.6,16.16,16.54,16.15,10367,1.67,61, 8511, 82.10
CYIENT, EQ, 23-Dec-2025,1161.7,1165.0,1169.0,1139.9,1142.9,1144.7,1149.61,326489,3753.35,16376, 148326, 45.43
CYIENTDLM, EQ, 23-Dec-2025,424.85,427.2,428.7,424.0,424.8,424.65,425.7,50469,214.85,2696, 26267, 52.05
DABUR, EQ, 23-Dec-2025,493.7,494.15,495.5,491.45,493.45,493.15,493.08,993407,4898.31,22020, 598229, 60.22
DALBHARAT, EQ, 23-Dec-2025,2014.2,2029.8,2065.4,2019.0,2059.0,2059.4,2052.41,327404,6719.66,23479, 118016, 36.05
DALMIASUG, EQ, 23-Dec-2025,299.2,302.75,309.0,298.2,299.3,299.2,302.22,90826,274.49,2259, 44779, 49.30
DAMCAPITAL, EQ, 23-Dec-2025,218.44,217.06,218.83,213.95,215.0,214.89,216.06,237889,513.99,6349, 125452, 52.74
DAMODARIND, EQ, 23-Dec-2025,29.69,29.69,32.01,29.69,30.45,30.46,30.69,3379,1.04,108, 2562, 75.82
DANGEE, EQ, 23-Dec-2025,3.74,3.72,3.8,3.72,3.79,3.76,3.76,19943,0.75,87, 19404, 97.30
DATAMATICS, EQ, 23-Dec-2025,851.3,855.0,866.5,845.85,861.85,862.95,860.02,98524,847.32,7085, 35619, 36.15
DATAPATTNS, EQ, 23-Dec-2025,2615.4,2615.5,2680.3,2595.2,2657.4,2657.8,2650.31,287282,7613.86,24017, 78571, 27.35
DAVANGERE, EQ, 23-Dec-2025,3.55,3.6,3.68,3.53,3.55,3.55,3.59,22511008,807.54,7867, 10411276, 46.25
DBCORP, EQ, 23-Dec-2025,258.9,258.8,262.15,257.6,261.0,259.85,260.29,30208,78.63,2176, 17137, 56.73
DBEIL, EQ, 23-Dec-2025,120.98,120.0,122.99,120.0,121.0,121.61,121.67,27411,33.35,636, 13775, 50.25
DBL, EQ, 23-Dec-2025,475.05,477.0,477.0,464.0,467.15,467.3,469.56,267092,1254.16,32368, 84188, 31.52
DBOL, EQ, 23-Dec-2025,76.35,76.35,77.6,76.25,76.25,77.01,77.08,20346,15.68,466, 11409, 56.07
DBREALTY, EQ, 23-Dec-2025,120.72,121.0,126.0,120.61,123.75,124.04,124.11,1624941,2016.64,19976, 683922, 42.09
DBSTOCKBRO, EQ, 23-Dec-2025,24.97,24.96,27.5,23.92,25.39,24.43,25.87,347957,90.01,1971, 68021, 19.55
DCAL, EQ, 23-Dec-2025,255.74,255.0,258.0,249.31,255.71,255.68,252.84,188998,477.86,5038, 71098, 37.62
DCBBANK, EQ, 23-Dec-2025,170.58,172.0,178.03,170.78,176.01,176.16,175.63,4182359,7345.55,37116, 1766765, 42.24
DCI, EQ, 23-Dec-2025,251.5,253.0,253.35,245.9,247.5,248.45,248.71,7619,18.95,437, 3290, 43.18
DCM, EQ, 23-Dec-2025,92.0,92.0,93.88,91.51,92.2,92.33,92.53,3914,3.62,190, 2428, 62.03
DCMFINSERV, EQ, 23-Dec-2025,5.29,5.29,5.4,5.23,5.37,5.28,5.26,5805,0.31,47, 5462, 94.09
DCMNVL, EQ, 23-Dec-2025,126.72,126.72,130.42,126.72,127.02,127.12,127.87,6994,8.94,231, 5422, 77.52
DCMSHRIRAM, EQ, 23-Dec-2025,1241.6,1239.0,1253.0,1233.0,1250.2,1249.4,1244.52,29822,371.14,4931, 12560, 42.12
DCMSRIND, EQ, 23-Dec-2025,165.03,164.9,172.0,164.61,170.0,169.63,167.29,150630,252.0,1761, 107906, 71.64
DCW, EQ, 23-Dec-2025,59.56,59.7,61.49,59.56,61.2,61.14,60.77,821567,499.23,5690, 372439, 45.33
DCXINDIA, EQ, 23-Dec-2025,203.8,199.41,213.5,190.75,197.66,203.13,202.9,19338100,39237.28,172757, 1412761, 7.31
DDEVPLSTIK, EQ, 23-Dec-2025,299.2,299.0,307.45,297.0,303.1,303.75,303.8,93566,284.25,4013, 51253, 54.78
DECCANCE, EQ, 23-Dec-2025,778.7,777.0,779.4,762.6,779.2,768.4,770.68,11921,91.87,1049, 6291, 52.77
DEEDEV, EQ, 23-Dec-2025,223.89,222.5,224.98,220.3,221.4,221.05,221.97,36845,81.78,1516, 18688, 50.72
DEEPAKFERT, EQ, 23-Dec-2025,1236.1,1246.0,1256.0,1233.0,1249.2,1252.2,1246.48,132329,1649.45,10977, 53548, 40.47
DEEPAKNTR, EQ, 23-Dec-2025,1680.2,1679.9,1698.0,1661.0,1697.9,1694.6,1681.98,133560,2246.45,10374, 77432, 57.98
DEEPINDS, EQ, 23-Dec-2025,453.35,459.0,465.0,451.6,453.0,453.7,460.78,123056,567.02,4603, 46714, 37.96
DELHIVERY, EQ, 23-Dec-2025,409.35,410.0,413.5,407.3,412.0,412.1,411.48,1450947,5970.3,18373, 1029021, 70.92
DELPHIFX, EQ, 23-Dec-2025,245.5,246.0,246.24,242.99,245.3,244.51,244.92,43444,106.4,503, 16498, 37.98
DELTACORP, EQ, 23-Dec-2025,70.87,71.0,71.9,70.58,71.44,71.49,71.34,632784,451.44,5788, 285276, 45.08
DELTAMAGNT, EQ, 23-Dec-2025,68.55,69.59,71.95,68.18,71.29,70.61,70.49,4725,3.33,99, 2643, 55.94
DEN, EQ, 23-Dec-2025,31.92,31.92,32.35,31.76,32.27,32.18,32.1,265287,85.15,1588, 114181, 43.04
DENORA, EQ, 23-Dec-2025,700.9,693.75,712.95,693.25,697.0,699.75,703.17,1533,10.78,253, 720, 46.97
DENTA, EQ, 23-Dec-2025,339.65,339.65,343.4,333.0,335.55,334.95,337.24,145503,490.69,4187, 61184, 42.05
DEVIT, EQ, 23-Dec-2025,38.93,38.12,42.18,38.0,40.6,40.35,40.28,261083,105.17,2721, 68127, 26.09
DEVX, EQ, 23-Dec-2025,42.53,43.0,44.0,42.03,42.3,43.11,42.9,222346,95.4,1543, 158820, 71.43
DEVYANI, EQ, 23-Dec-2025,139.27,140.07,142.9,136.65,141.55,142.06,140.09,2369260,3319.12,21960, 921968, 38.91
DGCONTENT, EQ, 23-Dec-2025,32.54,32.38,33.18,32.02,32.02,32.26,32.84,12893,4.23,120, 10233, 79.37
DHAMPURSUG, EQ, 23-Dec-2025,125.69,126.5,126.61,123.6,123.6,124.14,124.82,174573,217.9,2577, 92381, 52.92
DHANBANK, EQ, 23-Dec-2025,24.68,24.61,25.0,24.6,24.96,24.89,24.79,357794,88.7,2003, 211155, 59.02
DHANUKA, EQ, 23-Dec-2025,1190.9,1188.1,1210.0,1186.0,1188.0,1189.5,1194.08,21838,260.76,2491, 13771, 63.06
DHARMAJ, EQ, 23-Dec-2025,244.21,243.0,245.49,243.0,245.0,244.68,244.24,69660,170.14,1122, 58528, 84.02
DHRUV, EQ, 23-Dec-2025,48.44,48.69,49.7,47.99,48.99,48.09,48.44,10750,5.21,183, 8685, 80.79
DHUNINV, EQ, 23-Dec-2025,1240.3,1289.8,1289.8,1238.0,1240.0,1248.5,1256.89,341,4.29,98, 183, 53.67
DIACABS, EQ, 23-Dec-2025,143.58,144.94,146.15,141.59,142.4,142.46,144.11,1259400,1814.97,7509, 476689, 37.85
DIAMINESQ, EQ, 23-Dec-2025,259.8,260.0,262.9,257.95,260.15,261.25,260.58,2892,7.54,221, 2144, 74.14
DIAMONDYD, EQ, 23-Dec-2025,1169.4,1155.0,1190.0,1155.0,1175.0,1177.4,1180.23,72327,853.62,3573, 53085, 73.40
DICIND, EQ, 23-Dec-2025,493.85,503.05,503.05,476.05,481.15,480.25,484.49,3623,17.55,231, 2265, 62.52
DIFFNKG, EQ, 23-Dec-2025,331.65,331.6,337.5,318.55,323.95,323.85,331.33,277572,919.69,2287, 130866, 47.15
DIGIDRIVE, EQ, 23-Dec-2025,26.6,26.61,26.9,26.0,26.8,26.24,26.52,9930,2.63,202, 5728, 57.68
DIGISPICE, EQ, 23-Dec-2025,25.19,25.19,25.9,24.26,25.7,25.59,25.13,147639,37.1,725, 90546, 61.33
DIGITIDE, EQ, 23-Dec-2025,137.43,136.0,138.05,131.95,134.68,134.45,134.37,271173,364.37,3874, 143360, 52.87
DIGJAMLMTD, EQ, 23-Dec-2025,50.94,50.05,52.99,50.0,50.4,50.45,51.38,3969,2.04,51, 3497, 88.11
DIL, EQ, 23-Dec-2025,1.79,1.83,1.86,1.79,1.83,1.81,1.82,250599,4.57,283, 162084, 64.68
DISHTV, EQ, 23-Dec-2025,3.94,3.94,4.04,3.91,4.0,4.02,3.98,3636339,144.85,2508, 2402982, 66.08
DIVGIITTS, EQ, 23-Dec-2025,581.75,597.0,597.0,579.05,585.0,585.5,584.08,2425,14.16,275, 1583, 65.28
DIVIDEND, EQ, 23-Dec-2025,35.98,36.16,36.27,36.04,36.22,36.22,36.23,11123,4.03,84, 10691, 96.12
DIVISLAB, EQ, 23-Dec-2025,6511.5,6521.5,6552.0,6448.0,6480.0,6476.5,6491.68,192477,12495.0,31850, 114788, 59.64
DIVOPPBEES, EQ, 23-Dec-2025,83.24,85.74,85.74,82.56,83.27,83.52,83.42,101165,84.39,1001, 90412, 89.37
DIXON, EQ, 23-Dec-2025,12845.0,12844.0,12909.0,12520.0,12855.0,12832.0,12745.06,730977,93163.47,109141, 181136, 24.78
DJML, EQ, 23-Dec-2025,70.18,69.56,69.84,67.5,68.15,68.79,68.88,123107,84.8,678, 15722, 12.77
DLF, EQ, 23-Dec-2025,692.05,692.1,699.0,688.35,693.7,694.25,694.74,1843580,12808.11,39550, 972536, 52.75
DLINKINDIA, EQ, 23-Dec-2025,421.95,424.0,425.65,419.55,424.4,422.35,422.57,33938,143.41,2040, 17382, 51.22
DMART, EQ, 23-Dec-2025,3818.6,3835.0,3844.4,3802.5,3832.9,3828.2,3826.44,240671,9209.12,33030, 130152, 54.08
DMCC, EQ, 23-Dec-2025,259.45,260.05,262.0,255.35,259.75,257.35,257.63,12506,32.22,544, 6445, 51.54
DNAMEDIA, EQ, 23-Dec-2025,4.05,3.97,4.05,3.91,3.99,4.01,3.98,13259,0.53,104, 10062, 75.89
DODLA, EQ, 23-Dec-2025,1242.0,1240.0,1245.1,1221.0,1221.0,1236.6,1232.32,60036,739.84,6424, 42394, 70.61
DOLATALGO, EQ, 23-Dec-2025,88.7,89.0,89.4,87.2,87.31,87.56,88.15,214170,188.79,3295, 92490, 43.19
DOLLAR, EQ, 23-Dec-2025,364.25,364.0,367.0,363.1,365.0,365.45,365.49,25044,91.53,1107, 15841, 63.25
DOLPHIN, EQ, 23-Dec-2025,421.7,429.95,444.0,424.55,444.0,434.55,430.96,12075,52.04,801, 9247, 76.58
DOMS, EQ, 23-Dec-2025,2577.2,2600.0,2600.0,2558.8,2568.0,2567.5,2570.34,14746,379.02,3476, 6487, 43.99
DONEAR, EQ, 23-Dec-2025,96.95,97.33,97.93,94.8,95.16,95.35,96.23,36546,35.17,995, 24924, 68.20
DPABHUSHAN, EQ, 23-Dec-2025,1468.1,1464.5,1486.0,1451.0,1464.0,1471.5,1464.78,3226,47.25,599, 1275, 39.52
DPSCLTD, EQ, 23-Dec-2025,10.05,10.05,10.18,10.02,10.04,10.03,10.06,152110,15.3,623, 141814, 93.23
DPWIRES, EQ, 23-Dec-2025,211.93,211.0,219.2,205.99,212.99,214.48,213.7,46333,99.01,1435, 14211, 30.67
DRCSYSTEMS, EQ, 23-Dec-2025,17.45,17.9,17.9,17.05,17.3,17.32,17.32,16040,2.78,238, 12210, 76.12
DREAMFOLKS, EQ, 23-Dec-2025,111.97,113.4,115.59,111.48,112.2,112.27,113.11,118837,134.42,2759, 51288, 43.16
DREDGECORP, EQ, 23-Dec-2025,958.6,960.0,1003.65,936.95,993.0,990.9,977.3,539851,5275.95,25847, 99158, 18.37
DRREDDY, EQ, 23-Dec-2025,1283.4,1288.6,1288.6,1277.8,1282.5,1283.5,1283.12,408490,5241.41,24310, 209039, 51.17
DSSL, EQ, 23-Dec-2025,977.5,979.0,988.0,969.0,978.0,973.2,976.75,24328,237.62,2982, 9192, 37.78
DTIL, EQ, 23-Dec-2025,160.9,161.71,161.71,159.11,161.4,161.33,160.46,2431,3.9,61, 2163, 88.98
DUCON, EQ, 23-Dec-2025,3.59,3.6,3.62,3.56,3.61,3.58,3.6,272529,9.8,570, 211333, 77.55
DVL, EQ, 23-Dec-2025,281.55,281.15,292.9,281.1,283.75,287.9,287.19,18053,51.85,533, 9648, 53.44
DWARKESH, EQ, 23-Dec-2025,37.17,37.17,37.59,36.83,37.5,37.43,37.38,332451,124.26,2151, 144751, 43.54
DYCL, EQ, 23-Dec-2025,348.5,350.95,354.95,344.6,353.9,352.15,350.79,83479,292.83,4996, 36979, 44.30
DYNAMATECH, EQ, 23-Dec-2025,9817.5,9741.0,9900.0,9600.5,9800.0,9852.0,9744.34,26240,2556.92,7810, 8359, 31.86
DYNPRO, EQ, 23-Dec-2025,267.1,267.95,267.95,263.15,264.35,265.2,266.52,2460,6.56,228, 1470, 59.76
E2E, EQ, 23-Dec-2025,2079.7,2080.0,2106.7,2055.1,2100.0,2095.3,2083.03,45047,938.34,7724, 20460, 45.42
EASEMYTRIP, EQ, 23-Dec-2025,7.57,7.6,7.67,7.56,7.61,7.59,7.61,7207051,548.37,8835, 2715022, 37.67
EBANKNIFTY, EQ, 23-Dec-2025,59.78,60.87,60.87,59.42,59.78,59.78,59.74,4439,2.65,37, 3406, 76.73
EBBETF0430, EQ, 23-Dec-2025,1558.83,1558.82,1562.99,1555.5,1556.0,1556.59,1556.84,9039,140.72,390, 6871, 76.02
EBBETF0431, EQ, 23-Dec-2025,1394.88,1397.88,1397.88,1390.87,1392.9,1390.99,1392.82,6775,94.36,79, 5714, 84.34
EBBETF0433, EQ, 23-Dec-2025,1269.49,1270.97,1271.74,1268.03,1270.56,1270.56,1269.74,3344,42.46,82, 2727, 81.55
EBGNG, EQ, 23-Dec-2025,309.5,310.45,316.75,309.45,311.95,311.95,312.42,89474,279.53,4170, 31031, 34.68
ECAPINSURE, EQ, 23-Dec-2025,24.09,24.59,24.59,24.09,24.24,24.24,24.25,38971,9.45,230, 33937, 87.08
ECLERX, EQ, 23-Dec-2025,4658.8,4663.9,4830.0,4581.0,4765.0,4785.9,4731.46,81986,3879.13,13571, 33549, 40.92
ECOSMOBLTY, EQ, 23-Dec-2025,218.53,218.6,219.4,204.17,204.5,205.1,209.25,477878,999.98,7869, 268810, 56.25
EDELWEISS, EQ, 23-Dec-2025,108.53,108.78,109.6,106.68,109.55,109.07,108.17,4141071,4479.22,22584, 2518308, 60.81
EFCIL, EQ, 23-Dec-2025,306.3,306.0,307.25,301.8,305.2,306.1,304.62,253866,773.32,2236, 167287, 65.90
EGOLD, EQ, 23-Dec-2025,134.5,137.5,137.5,135.6,136.0,136.5,136.51,1255142,1713.35,482, 1231775, 98.14
EICHERMOT, EQ, 23-Dec-2025,7291.5,7338.0,7338.0,7280.0,7290.0,7303.0,7313.15,249187,18223.43,34073, 141029, 56.60
EIDPARRY, EQ, 23-Dec-2025,1038.6,1030.5,1072.0,1030.0,1062.0,1064.2,1056.49,329191,3477.85,24667, 163949, 49.80
EIEL, EQ, 23-Dec-2025,205.35,208.0,210.59,205.52,207.34,207.83,208.28,613394,1277.58,9466, 212702, 34.68
EIFFL, EQ, 23-Dec-2025,249.0,249.01,258.56,245.1,246.98,246.56,248.92,50977,126.89,2299, 34847, 68.36
EIHAHOTELS, EQ, 23-Dec-2025,360.95,360.9,361.95,354.2,358.95,358.4,358.65,7902,28.34,635, 4279, 54.15
EIHOTEL, EQ, 23-Dec-2025,368.0,368.95,369.05,364.2,365.2,365.75,366.17,93189,341.23,4762, 42640, 45.76
EIMCOELECO, EQ, 23-Dec-2025,1575.7,1575.7,1585.0,1516.0,1559.9,1546.0,1558.28,17123,266.82,2179, 5940, 34.69
EKC, EQ, 23-Dec-2025,116.36,115.75,118.89,115.75,117.76,117.65,117.6,175615,206.52,1593, 119608, 68.11
ELDEHSG, EQ, 23-Dec-2025,920.4,924.9,985.0,899.95,970.0,968.15,954.71,6720,64.16,449, 4720, 70.24
ELECON, EQ, 23-Dec-2025,490.45,491.0,498.0,489.3,491.6,492.15,492.89,139397,687.07,8027, 67548, 48.46
ELECTCAST, EQ, 23-Dec-2025,75.3,75.49,78.25,74.93,77.2,77.27,77.15,1744218,1345.6,11088, 781361, 44.80
ELECTHERM, EQ, 23-Dec-2025,825.85,842.0,978.2,842.0,907.7,912.85,930.68,792224,7373.06,36670, 75193, 9.49
ELGIEQUIP, EQ, 23-Dec-2025,472.95,473.95,476.3,468.5,470.0,470.45,471.44,489041,2305.55,18585, 312978, 64.00
ELGIRUBCO, EQ, 23-Dec-2025,47.09,47.75,48.44,47.32,47.99,47.82,47.79,33932,16.22,796, 20079, 59.17
ELIN, EQ, 23-Dec-2025,167.39,167.46,168.64,165.12,166.75,166.86,167.5,119681,200.47,1521, 93733, 78.32
ELIQUID, EQ, 23-Dec-2025,1011.28,1011.42,1011.42,1011.42,1011.42,1011.42,1011.42,400,4.05,5, 400, 100.00
ELLEN, EQ, 23-Dec-2025,349.25,349.25,353.0,345.55,347.0,346.6,348.67,54427,189.77,2391, 30092, 55.29
ELM250, EQ, 23-Dec-2025,16.83,16.76,16.84,16.76,16.84,16.83,16.8,13270,2.23,60, 10903, 82.16
EMAMILTD, EQ, 23-Dec-2025,523.7,526.9,526.9,518.15,521.0,521.55,521.76,223288,1165.03,13569, 119047, 53.32
EMAMIPAP, EQ, 23-Dec-2025,87.01,87.01,88.3,86.28,87.0,86.97,87.12,11602,10.11,363, 5803, 50.02
EMAMIREAL, EQ, 23-Dec-2025,84.06,82.06,84.94,81.61,82.2,82.2,82.66,11537,9.54,241, 7141, 61.90
EMCURE, EQ, 23-Dec-2025,1379.1,1394.0,1430.0,1385.0,1426.0,1426.5,1413.62,100805,1425.0,10010, 58673, 58.20
EMIL, EQ, 23-Dec-2025,105.94,106.7,106.7,105.0,105.2,105.39,105.9,687936,728.52,8954, 374625, 54.46
EMMBI, EQ, 23-Dec-2025,100.94,100.85,103.6,100.11,100.5,101.18,102.12,21340,21.79,560, 13152, 61.63
EMMVEE, EQ, 23-Dec-2025,188.42,188.42,188.42,183.6,184.75,184.81,185.44,692148,1283.53,13809, 272044, 39.30
EMSLIMITED, EQ, 23-Dec-2025,445.35,445.35,452.6,440.85,443.0,442.65,446.42,83877,374.44,3791, 37469, 44.67
EMUDHRA, EQ, 23-Dec-2025,599.05,600.0,600.0,591.7,592.65,592.6,594.48,27588,164.0,2027, 14492, 52.53
EMULTIMQ, EQ, 23-Dec-2025,42.25,42.24,42.43,42.01,42.43,42.27,42.22,99783,42.13,174, 83407, 83.59
ENDURANCE, EQ, 23-Dec-2025,2656.7,2656.7,2674.0,2590.6,2600.0,2597.2,2620.71,45990,1205.27,8505, 21936, 47.70
ENERGY, EQ, 23-Dec-2025,35.12,35.13,35.35,35.03,35.2,35.25,35.28,84455,29.79,176, 78576, 93.04
ENGINERSIN, EQ, 23-Dec-2025,198.78,200.37,202.38,198.55,199.1,199.87,200.3,1213792,2431.2,16920, 498742, 41.09
ENIFTY, EQ, 23-Dec-2025,26.09,26.15,26.16,26.1,26.16,26.16,26.1,10110,2.64,20, 10109, 99.99
ENIL, EQ, 23-Dec-2025,113.95,114.9,118.0,111.48,112.88,111.91,113.07,51189,57.88,1037, 34489, 67.38
ENRIN, EQ, 23-Dec-2025,2616.5,2630.0,2654.9,2564.1,2594.5,2593.4,2604.41,1736147,45216.39,82881, 1113368, 64.13
ENTERO, EQ, 23-Dec-2025,968.6,978.0,978.0,960.1,963.8,962.5,964.59,58490,564.19,3617, 33743, 57.69
EPACK, EQ, 23-Dec-2025,281.25,283.2,285.7,276.1,278.0,277.7,280.0,1050486,2941.35,14395, 259601, 24.71
EPACKPEB, EQ, 23-Dec-2025,296.55,297.25,316.0,292.2,311.0,311.4,303.59,1545827,4692.99,22266, 455286, 29.45
EPIGRAL, EQ, 23-Dec-2025,1332.6,1350.0,1385.1,1332.0,1332.0,1336.9,1354.41,120204,1628.06,14452, 70387, 58.56
EPL, EQ, 23-Dec-2025,214.25,214.25,219.13,213.51,215.48,215.98,217.1,912162,1980.31,20496, 453031, 49.67
EQUAL200, EQ, 23-Dec-2025,13.44,13.46,13.48,13.41,13.48,13.47,13.45,4324,0.58,58, 2994, 69.24
EQUAL50, EQ, 23-Dec-2025,334.46,335.09,335.28,334.02,334.6,334.6,334.36,107,0.36,7, 50, 46.73
EQUAL50ADD, EQ, 23-Dec-2025,344.28,346.0,346.0,344.0,345.0,345.41,344.44,19452,67.0,106, 16190, 83.23
EQUITASBNK, EQ, 23-Dec-2025,61.64,61.49,61.85,60.36,61.75,61.56,61.17,2421081,1480.89,16820, 1052515, 43.47
ERIS, EQ, 23-Dec-2025,1563.8,1572.0,1575.5,1542.6,1557.3,1552.0,1554.24,50110,778.83,6096, 29600, 59.07
ESABINDIA, EQ, 23-Dec-2025,6243.5,6228.0,6284.5,6183.0,6183.0,6191.5,6222.45,3325,206.9,1310, 1501, 45.14
ESAFSFB, EQ, 23-Dec-2025,26.55,27.68,27.68,26.3,26.58,26.56,26.7,415471,110.94,1672, 228487, 54.99
ESCORTS, EQ, 23-Dec-2025,3625.5,3639.0,3779.0,3637.0,3730.1,3747.0,3738.6,185367,6930.13,23453, 49333, 26.61
ESENSEX, EQ, 23-Dec-2025,85.7,85.28,85.55,85.22,85.22,85.22,85.28,307,0.26,11, 227, 73.94
ESG, EQ, 23-Dec-2025,44.54,44.42,44.63,44.4,44.6,44.6,44.55,16255,7.24,82, 4485, 27.59
ESILVER, EQ, 23-Dec-2025,208.92,213.9,213.9,210.03,212.0,210.2,210.37,315902,664.57,794, 227469, 72.01
ESSENTIA, EQ, 23-Dec-2025,1.55,1.56,1.58,1.54,1.57,1.56,1.56,1319391,20.55,1163, 1012737, 76.76
ESTER, EQ, 23-Dec-2025,107.66,106.62,109.24,106.0,106.8,106.53,107.11,45639,48.89,1216, 22744, 49.83
ETERNAL, EQ, 23-Dec-2025,286.7,287.05,288.0,284.0,284.25,284.35,285.47,12762620,36433.02,115851, 7458245, 58.44
ETHOSLTD, EQ, 23-Dec-2025,3059.5,3099.0,3124.3,3041.9,3063.0,3069.7,3084.7,31630,975.69,6355, 15082, 47.68
EUREKAFORB, EQ, 23-Dec-2025,631.2,630.1,639.8,626.75,636.05,636.8,635.63,76996,489.41,5736, 34753, 45.14
EUROBOND, EQ, 23-Dec-2025,181.76,203.5,203.5,177.3,178.0,178.49,184.99,8479,15.69,418, 3696, 43.59
EUROPRATIK, EQ, 23-Dec-2025,299.9,299.9,306.05,298.6,299.0,300.95,302.16,62726,189.53,3312, 32042, 51.08
EVEREADY, EQ, 23-Dec-2025,332.1,334.8,335.85,328.05,331.5,332.0,330.93,48332,159.95,1451, 28390, 58.74
EVERESTIND, EQ, 23-Dec-2025,507.15,509.15,527.3,506.0,525.0,519.95,515.26,13136,67.69,430, 8859, 67.44
EVIETF, EQ, 23-Dec-2025,31.63,31.71,31.71,31.47,31.7,31.64,31.61,116312,36.76,514, 68226, 58.66
EVINDIA, EQ, 23-Dec-2025,31.63,31.62,31.7,31.52,31.66,31.61,31.61,131603,41.6,1099, 117953, 89.63
EXCEL, EQ, 23-Dec-2025,1.43,1.47,1.49,1.43,1.47,1.46,1.46,5785537,84.45,2846, 3577360, 61.83
EXCELINDUS, EQ, 23-Dec-2025,933.3,946.7,955.0,931.2,938.7,940.95,943.74,5360,50.58,898, 2579, 48.12
EXCELSOFT, EQ, 23-Dec-2025,91.01,90.8,90.8,88.55,89.01,89.13,89.17,1943581,1733.17,10595, 415227, 21.36
EXICOM, EQ, 23-Dec-2025,120.24,120.5,120.76,118.3,118.8,119.26,119.42,292430,349.22,4168, 119259, 40.78
EXIDEIND, EQ, 23-Dec-2025,366.25,366.35,371.4,364.2,370.5,370.05,368.71,1257107,4635.13,16286, 502772, 39.99
EXPLEOSOL, EQ, 23-Dec-2025,1035.8,1036.1,1046.5,1009.6,1011.0,1013.3,1026.28,13119,134.64,1711, 9032, 68.85
FABTECH, EQ, 23-Dec-2025,207.71,206.97,214.89,205.41,209.0,208.03,210.41,1211967,2550.08,11848, 388229, 32.03
FACT, EQ, 23-Dec-2025,871.6,873.0,903.95,871.6,886.5,888.15,892.65,408526,3646.71,23803, 77298, 18.92
FAIRCHEMOR, EQ, 23-Dec-2025,689.25,694.0,705.0,693.0,702.0,700.7,699.0,14362,100.39,1590, 9076, 63.19
FAZE3Q, EQ, 23-Dec-2025,445.7,445.75,452.7,440.35,444.8,444.55,446.84,13152,58.77,694, 6805, 51.74
FCL, EQ, 23-Dec-2025,24.52,24.58,24.72,24.3,24.62,24.5,24.51,1186288,290.77,5522, 628234, 52.96
FCSSOFT, EQ, 23-Dec-2025,1.97,1.99,2.01,1.94,1.96,1.95,1.96,1539768,30.21,2115, 906768, 58.89
FDC, EQ, 23-Dec-2025,412.4,410.45,414.4,410.0,410.8,410.65,411.08,28195,115.91,1906, 19199, 68.09
FEDERALBNK, EQ, 23-Dec-2025,269.15,270.3,270.45,264.95,265.1,265.45,266.28,5290581,14087.92,40493, 3559015, 67.27
FEDFINA, EQ, 23-Dec-2025,147.93,148.5,148.5,145.8,147.0,146.74,146.91,380606,559.15,6445, 233505, 61.35
FIBERWEB, EQ, 23-Dec-2025,36.63,36.63,36.89,35.81,36.62,36.57,36.48,10895,3.97,230, 7917, 72.67
FIEMIND, EQ, 23-Dec-2025,2398.5,2405.0,2444.0,2375.0,2417.0,2408.4,2412.4,70106,1691.24,11686, 26748, 38.15
FILATEX, EQ, 23-Dec-2025,49.99,49.99,51.6,49.87,50.5,50.71,50.47,1071663,540.85,8732, 487575, 45.50
FILATFASH, EQ, 23-Dec-2025,0.37,0.38,0.38,0.36,0.37,0.37,0.37,64577353,241.0,6212, 48498984, 75.10
FINCABLES, EQ, 23-Dec-2025,784.6,789.9,789.9,770.1,773.7,772.4,775.75,112888,875.72,9938, 59417, 52.63
FINEORG, EQ, 23-Dec-2025,4310.4,4310.4,4330.3,4245.0,4258.9,4256.4,4271.64,7539,322.04,1799, 5106, 67.73
FINIETF, EQ, 23-Dec-2025,32.43,32.55,32.84,32.52,32.8,32.74,32.69,216179,70.67,1045, 171952, 79.54
FINKURVE, EQ, 23-Dec-2025,104.21,106.29,108.3,103.0,106.25,105.95,105.28,40094,42.21,1120, 19767, 49.30
FINOPB, EQ, 23-Dec-2025,260.0,259.5,265.9,258.0,258.8,258.9,260.91,161998,422.66,2950, 70837, 43.73
FINPIPE, EQ, 23-Dec-2025,167.78,167.99,168.92,166.94,168.7,168.67,168.24,248104,417.42,6590, 141606, 57.08
FIRSTCRY, EQ, 23-Dec-2025,292.75,294.9,304.25,293.4,298.7,299.5,299.84,866779,2598.93,22762, 228233, 26.33
FISCHER, EQ, 23-Dec-2025,43.03,43.24,43.74,42.5,42.95,42.65,43.12,528567,227.93,3439, 294933, 55.80
FIVESTAR, EQ, 23-Dec-2025,560.75,565.0,577.7,558.35,561.5,563.85,567.48,1304476,7402.7,35875, 557575, 42.74
FLAIR, EQ, 23-Dec-2025,306.65,309.0,311.4,293.5,296.8,295.15,300.8,346385,1041.93,5080, 239315, 69.09
FLEXIADD, EQ, 23-Dec-2025,10.85,10.93,10.93,10.77,10.88,10.85,10.83,127886,13.85,256, 64872, 50.73
FLEXITUFF, EQ, 23-Dec-2025,15.03,14.99,14.99,14.35,14.35,14.38,14.6,21728,3.17,89, 18914, 87.05
FLUOROCHEM, EQ, 23-Dec-2025,3595.5,3609.9,3640.0,3575.6,3617.4,3629.0,3609.37,37273,1345.32,5898, 16097, 43.19
FMCGIETF, EQ, 23-Dec-2025,58.86,59.28,59.32,58.7,59.29,59.25,59.04,1037121,612.27,5693, 541734, 52.23
FMGOETZE, EQ, 23-Dec-2025,449.55,448.4,459.5,447.8,455.0,456.2,452.25,51134,231.25,1833, 33847, 66.19
FMNL, EQ, 23-Dec-2025,9.15,9.15,9.5,8.87,9.0,8.98,9.13,255300,23.31,407, 171376, 67.13
FOCUS, EQ, 23-Dec-2025,78.13,77.0,79.5,74.53,75.0,76.25,77.55,52664,40.84,1529, 26777, 50.84
FOODSIN, EQ, 23-Dec-2025,69.45,70.5,71.0,68.64,69.0,69.09,69.51,113426,78.84,1408, 70431, 62.09
FORCEMOT, EQ, 23-Dec-2025,18364.0,18369.0,18520.0,18140.0,18427.0,18453.0,18369.2,38147,7007.3,11920, 12069, 31.64
FORTIS, EQ, 23-Dec-2025,914.15,915.0,916.95,895.1,900.8,901.6,901.61,961078,8665.17,51671, 474505, 49.37
FOSECOIND, EQ, 23-Dec-2025,4976.0,4980.0,5050.0,4964.0,4998.0,4986.0,5001.53,622,31.11,257, 221, 35.53
FSL, EQ, 23-Dec-2025,356.25,356.25,357.8,350.1,356.0,355.3,353.16,621973,2196.59,16284, 281053, 45.19
FUSION, EQ, 23-Dec-2025,160.49,160.0,163.1,159.94,162.49,162.25,161.73,120039,194.14,2152, 72914, 60.74
GABRIEL, EQ, 23-Dec-2025,1059.0,1056.0,1069.9,1038.0,1063.0,1062.4,1053.66,285604,3009.28,18443, 99949, 35.00
GAEL, EQ, 23-Dec-2025,122.31,122.32,124.1,120.05,122.7,122.98,121.93,545482,665.1,10843, 262954, 48.21
GAIL, EQ, 23-Dec-2025,171.72,171.51,172.7,171.13,171.92,172.04,172.11,3548499,6107.41,43608, 2147213, 60.51
GALAPREC, EQ, 23-Dec-2025,804.85,815.0,820.8,798.4,816.95,812.55,809.16,24564,198.76,2218, 12974, 52.82
GALAXYSURF, EQ, 23-Dec-2025,2038.2,2038.2,2040.0,2022.6,2039.9,2037.6,2033.57,4317,87.79,1190, 2701, 62.57
GALLANTT, EQ, 23-Dec-2025,518.55,516.85,520.0,509.0,518.0,517.65,514.44,119227,613.35,5718, 46050, 38.62
GANDHAR, EQ, 23-Dec-2025,146.29,146.99,152.0,145.51,148.6,148.48,148.86,242539,361.04,4982, 124984, 51.53
GANDHITUBE, EQ, 23-Dec-2025,771.1,774.0,786.1,771.05,774.9,779.45,780.12,4512,35.2,470, 2695, 59.73
GANECOS, EQ, 23-Dec-2025,871.6,876.2,884.25,861.05,862.05,863.55,870.82,68602,597.4,6517, 33952, 49.49
GANESHBE, EQ, 23-Dec-2025,81.0,82.2,82.2,81.16,81.95,81.72,81.65,24660,20.14,379, 16103, 65.30
GANESHCP, EQ, 23-Dec-2025,221.75,221.7,231.0,217.0,229.5,229.5,225.15,130057,292.82,4252, 64951, 49.94
GANESHHOU, EQ, 23-Dec-2025,800.35,801.0,810.35,798.0,809.0,807.25,806.44,31498,254.01,2570, 16447, 52.22
GANGAFORGE, EQ, 23-Dec-2025,3.64,3.76,3.76,3.46,3.59,3.55,3.54,315586,11.17,740, 190375, 60.32
GANGESSECU, EQ, 23-Dec-2025,140.05,140.1,140.9,135.0,139.8,139.16,138.53,3045,4.22,81, 1479, 48.57
GARFIBRES, EQ, 23-Dec-2025,686.45,686.05,699.3,685.0,692.5,694.1,693.09,42866,297.1,5574, 20825, 48.58
GARUDA, EQ, 23-Dec-2025,205.07,205.0,205.1,200.0,200.89,200.51,202.2,475322,961.09,13792, 164040, 34.51
GATECH, EQ, 23-Dec-2025,0.55,0.56,0.6,0.55,0.59,0.59,0.59,20804343,122.3,2680, 9735822, 46.80
GATECHDVR, EQ, 23-Dec-2025,0.48,0.49,0.52,0.48,0.51,0.5,0.5,1341113,6.73,327, 887867, 66.20
GATEWAY, EQ, 23-Dec-2025,62.11,64.24,64.55,62.12,64.5,63.75,63.21,998441,631.14,6765, 620514, 62.15
GEECEE, EQ, 23-Dec-2025,335.05,337.7,337.7,333.0,333.0,333.55,334.08,2059,6.88,110, 1485, 72.12
GEEKAYWIRE, EQ, 23-Dec-2025,31.98,32.5,32.5,30.99,32.0,32.04,31.83,84052,26.75,565, 63750, 75.85
GEMAROMA, EQ, 23-Dec-2025,158.7,159.4,163.27,158.0,162.85,162.28,160.52,373932,600.22,6067, 148785, 39.79
GENCON, EQ, 23-Dec-2025,43.99,44.0,49.4,44.0,47.2,47.68,47.59,1625516,773.61,10204, 654852, 40.29
GENESYS, EQ, 23-Dec-2025,435.6,435.6,441.4,429.7,432.7,432.25,434.84,228753,994.7,9128, 104202, 45.55
GENUSPAPER, EQ, 23-Dec-2025,13.05,13.01,13.3,12.77,13.25,13.24,13.11,116898,15.32,374, 98748, 84.47
GENUSPOWER, EQ, 23-Dec-2025,303.95,305.75,310.0,302.3,304.2,303.8,305.58,316565,967.35,8534, 146578, 46.30
GEOJITFSL, EQ, 23-Dec-2025,78.28,78.8,80.05,77.54,79.8,79.67,78.98,963390,760.89,7480, 327769, 34.02
GESHIP, EQ, 23-Dec-2025,1112.2,1114.9,1137.0,1092.6,1105.5,1109.1,1108.9,334052,3704.31,18603, 192263, 57.55
GFLLIMITED, EQ, 23-Dec-2025,58.04,57.89,61.99,57.89,60.3,60.21,60.01,91148,54.69,934, 52489, 57.59
GHCL, EQ, 23-Dec-2025,568.0,570.15,576.4,568.5,570.35,571.35,572.06,46967,268.68,2381, 23734, 50.53
GHCLTEXTIL, EQ, 23-Dec-2025,73.63,73.1,74.06,72.83,73.0,73.11,73.35,154179,113.09,1121, 109351, 70.92
GICHSGFIN, EQ, 23-Dec-2025,175.44,175.9,178.75,174.25,177.9,177.4,176.66,85577,151.18,1858, 50383, 58.87
GICRE, EQ, 23-Dec-2025,371.95,372.0,374.0,368.05,369.3,368.55,370.09,308413,1141.41,9428, 201534, 65.35
GILLANDERS, EQ, 23-Dec-2025,103.11,106.98,106.99,102.0,102.1,102.82,102.61,6763,6.94,286, 4011, 59.31
GILLETTE, EQ, 23-Dec-2025,7990.5,7990.5,8049.5,7962.0,8025.0,8019.0,8003.8,15299,1224.5,4466, 7474, 48.85
GILT5YBEES, EQ, 23-Dec-2025,63.4,63.54,63.54,63.13,63.2,63.19,63.22,240918,152.3,508, 159350, 66.14
GINNIFILA, EQ, 23-Dec-2025,40.15,40.4,40.98,39.36,40.97,40.57,40.22,90929,36.57,3451, 32690, 35.95
GIPCL, EQ, 23-Dec-2025,153.51,154.73,159.0,153.25,157.5,157.61,156.82,498138,781.19,5732, 223600, 44.89
GKENERGY, EQ, 23-Dec-2025,159.84,160.55,161.39,151.85,151.85,151.85,153.25,1670197,2559.53,11232, 962207, 57.61
GKWLIMITED, EQ, 23-Dec-2025,1720.0,1711.4,1720.0,1701.6,1710.0,1709.7,1715.68,577,9.9,20, 573, 99.31
GLAND, EQ, 23-Dec-2025,1687.4,1687.4,1695.0,1671.2,1690.5,1687.8,1683.07,45343,763.16,7012, 28296, 62.40
GLAXO, EQ, 23-Dec-2025,2523.4,2525.0,2536.3,2485.0,2487.0,2500.2,2499.1,51595,1289.41,12123, 30629, 59.36
GLENMARK, EQ, 23-Dec-2025,2038.2,2041.0,2082.5,2036.5,2046.5,2047.0,2063.12,1403145,28948.56,59467, 696734, 49.66
GLOBALE, EQ, 23-Dec-2025,12.3,12.8,12.8,12.21,12.25,12.27,12.49,6127,0.77,50, 6096, 99.49
GLOBALVECT, EQ, 23-Dec-2025,197.33,198.5,206.0,196.19,206.0,204.15,200.7,12698,25.48,767, 8022, 63.18
GLOBE, EQ, 23-Dec-2025,2.5,2.56,2.72,2.49,2.67,2.67,2.56,3094236,79.27,655, 2727248, 88.14
GLOBECIVIL, EQ, 23-Dec-2025,59.06,59.19,60.17,59.19,59.9,60.0,59.78,49109,29.36,1222, 27856, 56.72
GLOBUSSPR, EQ, 23-Dec-2025,982.9,982.0,995.7,979.9,986.6,986.6,989.44,22364,221.28,2892, 11002, 49.20
GLOSTERLTD, EQ, 23-Dec-2025,638.65,637.25,652.45,636.5,652.0,645.75,643.32,6073,39.07,215, 5309, 87.42
GLOTTIS, EQ, 23-Dec-2025,60.31,61.0,62.1,59.05,62.05,61.77,61.41,248097,152.35,2508, 118614, 47.81
GMBREW, EQ, 23-Dec-2025,997.7,1000.0,1048.0,1000.0,1033.0,1033.6,1029.39,245539,2527.54,13066, 65784, 26.79
GMDCLTD, EQ, 23-Dec-2025,516.75,518.0,543.5,516.1,530.0,527.9,535.07,5948146,31826.75,84656, 1172119, 19.71
GMMPFAUDLR, EQ, 23-Dec-2025,1066.8,1075.0,1075.0,1056.0,1070.0,1062.2,1062.72,57590,612.02,11028, 36204, 62.87
GMRAIRPORT, EQ, 23-Dec-2025,102.17,102.45,105.27,101.21,104.85,104.89,103.59,15810413,16377.3,46273, 6804102, 43.04
GMRP&UI, EQ, 23-Dec-2025,114.62,115.54,117.1,114.01,115.1,115.12,115.81,1536870,1779.85,10267, 783276, 50.97
GNA, EQ, 23-Dec-2025,314.3,315.7,317.0,312.55,317.0,315.95,315.27,41960,132.29,1593, 24264, 57.83
GNFC, EQ, 23-Dec-2025,488.5,489.05,494.8,488.35,489.8,489.4,491.01,160056,785.89,7484, 83647, 52.26
GOACARBON, EQ, 23-Dec-2025,393.05,394.1,399.45,393.5,397.3,395.8,395.96,11413,45.19,548, 5565, 48.76
GOCLCORP, EQ, 23-Dec-2025,296.25,291.85,299.6,291.85,293.05,294.2,295.35,34943,103.2,1813, 16734, 47.89
GOCOLORS, EQ, 23-Dec-2025,457.8,460.05,471.1,458.0,459.0,458.85,462.41,233663,1080.49,11292, 128506, 55.00
GODAVARIB, EQ, 23-Dec-2025,266.84,266.5,275.12,262.0,275.0,271.42,269.58,107213,289.02,2165, 71625, 66.81
GODFRYPHLP, EQ, 23-Dec-2025,2872.6,2886.9,2903.7,2837.4,2848.0,2850.8,2856.57,115569,3301.31,15327, 35592, 30.80
GODIGIT, EQ, 23-Dec-2025,340.8,340.75,345.0,339.4,343.75,343.75,342.35,146283,500.79,6765, 77359, 52.88
GODREJAGRO, EQ, 23-Dec-2025,570.75,570.0,575.0,568.8,574.0,572.05,572.67,59209,339.07,4943, 27712, 46.80
GODREJCP, EQ, 23-Dec-2025,1185.4,1186.0,1206.2,1182.1,1196.5,1196.5,1198.02,655798,7856.62,30808, 376574, 57.42
GODREJIND, EQ, 23-Dec-2025,996.0,996.0,1013.0,989.4,1006.4,1006.8,1001.92,52704,528.05,4900, 19836, 37.64
GODREJPROP, EQ, 23-Dec-2025,2030.4,2030.4,2042.3,2014.2,2019.0,2019.5,2025.04,264149,5349.13,16468, 130056, 49.24
GOKEX, EQ, 23-Dec-2025,790.55,796.0,799.7,787.1,792.65,793.5,793.44,169738,1346.77,7684, 84484, 49.77
GOKUL, EQ, 23-Dec-2025,39.03,39.03,39.75,37.33,38.02,38.33,38.35,61346,23.52,800, 38759, 63.18
GOKULAGRO, EQ, 23-Dec-2025,190.12,189.5,190.0,186.35,186.85,187.05,187.66,210128,394.32,4117, 109148, 51.94
GOLD1, EQ, 23-Dec-2025,112.07,114.87,114.87,113.07,114.08,114.02,113.98,2788120,3178.01,7211, 2164222, 77.62
GOLD360, EQ, 23-Dec-2025,131.65,134.85,134.9,133.05,133.4,133.7,133.76,57376,76.75,316, 45144, 78.68
GOLDADD, EQ, 23-Dec-2025,130.99,132.21,133.27,132.14,132.7,132.7,132.76,464335,616.44,915, 433162, 93.29
GOLDBEES, EQ, 23-Dec-2025,111.39,112.52,113.74,112.52,113.05,113.1,113.22,45892148,51961.03,99713, 31240532, 68.07
GOLDBND, EQ, 23-Dec-2025,134.97,136.99,143.87,135.1,138.5,138.53,138.58,23454,32.5,264, 13844, 59.03
GOLDCASE, EQ, 23-Dec-2025,21.15,21.67,21.67,21.38,21.49,21.5,21.52,11214352,2413.5,11765, 8033504, 71.64
GOLDETF, EQ, 23-Dec-2025,130.79,134.05,134.09,131.87,132.7,132.6,132.65,1687390,2238.34,4972, 1385177, 82.09
GOLDIAM, EQ, 23-Dec-2025,370.85,373.9,375.0,366.1,367.45,367.05,368.76,196123,723.23,8427, 105100, 53.59
GOLDIETF, EQ, 23-Dec-2025,115.52,116.52,120.85,116.52,117.15,117.26,117.36,9843711,11552.13,25536, 7789005, 79.13
GOLDSHARE, EQ, 23-Dec-2025,113.3,116.1,116.3,114.0,114.7,114.9,114.96,1196818,1375.84,3956, 858557, 71.74
GOLDTECH, EQ, 23-Dec-2025,51.23,51.5,54.01,51.5,52.5,52.37,52.7,21491,11.33,438, 14343, 66.74
GOODLUCK, EQ, 23-Dec-2025,1053.9,1053.9,1072.7,1053.9,1059.0,1060.2,1063.77,43679,464.64,3464, 23825, 54.55
GOPAL, EQ, 23-Dec-2025,312.15,311.05,315.3,310.65,312.9,312.15,312.62,61778,193.13,1131, 37119, 60.08
GOYALALUM, EQ, 23-Dec-2025,6.83,6.9,7.0,6.8,6.83,6.83,6.86,66076,4.53,497, 49450, 74.84
GPIL, EQ, 23-Dec-2025,241.3,242.5,260.31,241.26,258.31,258.95,254.52,5839229,14862.0,61094, 1817998, 31.13
GPPL, EQ, 23-Dec-2025,193.59,194.1,197.67,190.91,192.6,192.77,194.02,1455674,2824.36,21387, 683124, 46.93
GPTHEALTH, EQ, 23-Dec-2025,137.82,138.5,138.79,136.35,137.1,137.43,137.52,99513,136.85,1912, 53357, 53.62
GPTINFRA, EQ, 23-Dec-2025,108.31,116.6,116.6,110.37,111.0,111.01,112.68,1921608,2165.22,21503, 391003, 20.35
GRANULES, EQ, 23-Dec-2025,600.75,609.95,619.0,594.4,616.0,614.8,607.17,3562985,21633.25,64828, 1454996, 40.84
GRAPHITE, EQ, 23-Dec-2025,564.3,564.95,579.5,562.3,570.0,570.3,571.23,843011,4815.5,21151, 321908, 38.19
GRASIM, EQ, 23-Dec-2025,2809.7,2811.0,2842.7,2811.0,2823.1,2829.8,2831.2,399009,11296.72,21285, 226536, 56.77
GRAVITA, EQ, 23-Dec-2025,1844.0,1844.9,1857.0,1829.9,1840.1,1845.1,1846.99,121674,2247.3,13062, 62529, 51.39
GREAVESCOT, EQ, 23-Dec-2025,189.8,190.68,193.75,188.2,189.29,188.88,191.2,1140896,2181.42,17465, 414143, 36.30
GREENLAM, EQ, 23-Dec-2025,248.1,250.15,250.15,245.15,246.8,246.5,247.38,16801,41.56,1313, 7476, 44.50
GREENPANEL, EQ, 23-Dec-2025,235.73,236.99,240.89,235.98,239.0,239.82,238.79,104704,250.02,5486, 54543, 52.09
GREENPLY, EQ, 23-Dec-2025,247.0,249.55,265.0,248.2,259.9,260.9,258.6,434047,1122.43,14692, 131935, 30.40
GREENPOWER, EQ, 23-Dec-2025,11.91,11.92,12.14,11.87,12.04,12.03,12.01,2224276,267.09,4125, 1362427, 61.25
GRINDWELL, EQ, 23-Dec-2025,1590.0,1590.0,1610.7,1577.5,1610.0,1605.7,1598.92,20596,329.31,6186, 12489, 60.64
GRINFRA, EQ, 23-Dec-2025,1032.3,1034.0,1040.4,1027.0,1040.0,1036.0,1031.33,8803,90.79,1427, 4425, 50.27
GRMOVER, EQ, 23-Dec-2025,484.0,485.0,517.7,481.85,501.1,505.55,498.82,1850003,9228.13,32197, 708914, 38.32
GROBTEA, EQ, 23-Dec-2025,1006.5,1006.5,1006.5,1001.3,1001.3,1001.3,1005.76,7,0.07,4, 7, 100.00
GROWW, EQ, 23-Dec-2025,166.13,163.26,167.1,160.03,160.95,160.82,162.46,62417288,101402.67,256532, 9780415, 15.67
GROWWCAPM, EQ, 23-Dec-2025,9.95,9.99,10.0,9.9,9.96,9.94,9.96,210017,20.92,700, 177322, 84.43
GROWWDEFNC, EQ, 23-Dec-2025,77.18,78.08,78.08,76.89,77.51,77.68,77.71,181677,141.19,1837, 125852, 69.27
GROWWEV, EQ, 23-Dec-2025,31.46,32.24,32.24,31.22,31.45,31.43,31.44,268105,84.3,1429, 244446, 91.18
GROWWGOLD, EQ, 23-Dec-2025,131.91,133.3,134.99,133.04,134.1,134.55,134.14,761556,1021.53,5997, 424918, 55.80
GROWWLIQID, EQ, 23-Dec-2025,107.13,107.14,107.15,107.14,107.15,107.14,107.14,105035,112.54,313, 52277, 49.77
GROWWLOVOL, EQ, 23-Dec-2025,10.76,10.82,10.83,10.66,10.76,10.75,10.76,21721,2.34,141, 18268, 84.10
GROWWMC150, EQ, 23-Dec-2025,222.23,223.7,223.7,220.1,222.45,222.44,222.48,1583,3.52,46, 1561, 98.61
GROWWMETAL, EQ, 23-Dec-2025,10.0,10.2,11.25,10.04,10.5,10.23,10.22,986216,100.78,2621, 918975, 93.18
GROWWMOM50, EQ, 23-Dec-2025,10.7,10.79,10.79,10.6,10.75,10.75,10.75,84394,9.07,481, 54570, 64.66
GROWWN200, EQ, 23-Dec-2025,11.79,11.96,11.96,11.62,11.76,11.78,11.76,65385,7.69,425, 38555, 58.97
GROWWNET, EQ, 23-Dec-2025,10.58,10.67,10.67,10.52,10.66,10.65,10.6,107280,11.37,388, 63580, 59.27
GROWWNIFTY, EQ, 23-Dec-2025,10.48,10.49,10.57,10.47,10.49,10.49,10.5,233593,24.53,1332, 163193, 69.86
GROWWNXT50, EQ, 23-Dec-2025,68.78,69.58,69.58,68.31,68.87,68.9,68.92,11688,8.06,140, 10776, 92.20
GROWWPOWER, EQ, 23-Dec-2025,9.77,9.81,9.89,9.75,9.81,9.8,9.8,408012,40.0,771, 382054, 93.64
GROWWRAIL, EQ, 23-Dec-2025,33.88,33.98,34.92,33.89,34.55,34.5,34.52,1763909,608.82,3999, 972439, 55.13
GROWWRLTY, EQ, 23-Dec-2025,9.92,10.12,10.12,9.88,9.93,9.9,9.92,58676,5.82,275, 48959, 83.44
GROWWSC250, EQ, 23-Dec-2025,9.53,9.52,9.6,9.5,9.59,9.57,9.57,64998,6.22,410, 49302, 75.85
GROWWSLVR, EQ, 23-Dec-2025,205.57,209.69,210.59,206.65,207.25,207.82,207.81,739998,1537.76,7483, 474516, 64.12
GRPLTD, EQ, 23-Dec-2025,1696.3,1696.0,1704.4,1692.0,1700.9,1699.2,1700.45,931,15.83,248, 735, 78.95
GRSE, EQ, 23-Dec-2025,2427.0,2438.0,2473.4,2398.1,2420.7,2420.7,2436.77,1429945,34844.46,69666, 284709, 19.91
GRWRHITECH, EQ, 23-Dec-2025,3282.4,3289.9,3325.4,3200.0,3202.3,3210.6,3260.0,77835,2537.42,13625, 36516, 46.91
GSEC10ABSL, EQ, 23-Dec-2025,109.87,109.74,109.74,109.61,109.74,109.74,109.62,2066,2.26,11, 2065, 99.95
GSEC10IETF, EQ, 23-Dec-2025,259.16,257.79,259.04,255.87,255.87,257.07,257.11,6954,17.88,23, 5304, 76.27
GSEC10YEAR, EQ, 23-Dec-2025,29.44,29.44,29.53,29.38,29.38,29.38,29.41,1612,0.47,26, 1612, 100.00
GSEC5IETF, EQ, 23-Dec-2025,63.97,63.51,63.71,63.5,63.5,63.66,63.55,19245,12.23,75, 19165, 99.58
GSFC, EQ, 23-Dec-2025,175.71,175.99,179.75,175.5,178.26,178.65,178.14,766777,1365.91,13018, 330835, 43.15
GSPL, EQ, 23-Dec-2025,294.35,293.05,298.55,293.05,297.9,297.5,297.29,358367,1065.38,11001, 214274, 59.79
GSS, EQ, 23-Dec-2025,16.47,16.75,16.75,16.25,16.41,16.47,16.44,54929,9.03,393, 36892, 67.16
GTECJAINX, EQ, 23-Dec-2025,24.81,25.9,25.9,23.51,23.78,24.48,24.5,11304,2.77,125, 8142, 72.03
GTL, EQ, 23-Dec-2025,8.04,8.01,8.34,8.0,8.17,8.15,8.2,463698,38.0,1082, 237430, 51.20
GTLINFRA, EQ, 23-Dec-2025,1.24,1.25,1.27,1.22,1.24,1.23,1.24,48433009,602.84,11219, 23347155, 48.21
GTPL, EQ, 23-Dec-2025,101.22,101.0,101.99,99.0,100.06,100.14,100.4,18910,18.98,926, 8977, 47.47
GUFICBIO, EQ, 23-Dec-2025,345.25,346.75,354.75,340.7,354.0,346.3,345.23,30116,103.97,2320, 14516, 48.20
GUJALKALI, EQ, 23-Dec-2025,505.0,507.6,509.9,500.65,508.0,508.3,505.34,27278,137.85,1509, 17616, 64.58
GUJAPOLLO, EQ, 23-Dec-2025,423.65,423.65,431.0,415.5,417.95,417.15,418.44,26078,109.12,1156, 18349, 70.36
GUJGASLTD, EQ, 23-Dec-2025,397.25,396.0,400.25,393.6,396.0,396.65,397.63,263698,1048.53,13708, 150135, 56.93
GUJTHEM, EQ, 23-Dec-2025,407.35,409.5,412.45,404.0,408.0,408.0,407.35,38776,157.95,3831, 19822, 51.12
GULFOILLUB, EQ, 23-Dec-2025,1220.9,1220.9,1225.3,1211.1,1218.0,1217.7,1218.03,37211,453.24,5836, 23226, 62.42
GULFPETRO, EQ, 23-Dec-2025,35.79,36.0,36.89,35.46,36.11,36.27,36.15,49249,17.8,551, 35582, 72.25
GULPOLY, EQ, 23-Dec-2025,138.01,139.0,139.0,137.0,139.0,138.51,137.98,38501,53.12,1367, 21703, 56.37
GVPIL, EQ, 23-Dec-2025,320.8,323.65,337.5,320.25,330.9,330.3,330.14,228325,753.78,8074, 93215, 40.83
GVPTECH, EQ, 23-Dec-2025,9.75,9.99,9.99,9.26,9.32,9.32,9.49,40707,3.86,251, 33800, 83.03
GVT&D, EQ, 23-Dec-2025,3097.8,3097.8,3156.9,3056.6,3125.0,3129.9,3127.39,675543,21126.85,70752, 390344, 57.78
HAL, EQ, 23-Dec-2025,4386.1,4400.0,4451.2,4368.5,4409.8,4407.4,4419.67,587365,25959.61,37291, 224343, 38.19
HAPPSTMNDS, EQ, 23-Dec-2025,496.8,497.8,498.0,490.0,492.5,490.75,491.75,154101,757.79,8605, 75104, 48.74
HAPPYFORGE, EQ, 23-Dec-2025,1085.3,1074.0,1103.0,1074.0,1096.0,1097.9,1095.67,71632,784.85,5395, 44178, 61.67
HARDWYN, EQ, 23-Dec-2025,17.37,17.3,17.61,17.19,17.59,17.4,17.45,1542388,269.12,2194, 692893, 44.92
HARIOMPIPE, EQ, 23-Dec-2025,359.35,363.2,363.2,354.35,357.0,355.95,356.96,57550,205.43,2310, 24298, 42.22
HARRMALAYA, EQ, 23-Dec-2025,159.85,162.61,164.0,159.95,161.5,160.0,161.34,11133,17.96,423, 9285, 83.40
HARSHA, EQ, 23-Dec-2025,377.25,375.0,381.0,374.4,376.4,376.0,376.08,27084,101.86,1714, 17452, 64.44
HATHWAY, EQ, 23-Dec-2025,12.57,12.54,12.89,12.5,12.83,12.8,12.66,1510258,191.23,2878, 643393, 42.60
HATSUN, EQ, 23-Dec-2025,987.6,981.2,989.7,978.7,987.8,983.2,982.53,11717,115.12,1827, 6640, 56.67
HAVELLS, EQ, 23-Dec-2025,1431.2,1433.0,1436.6,1423.0,1423.4,1426.8,1426.72,274659,3918.6,15740, 192301, 70.01
HAVISHA, EQ, 23-Dec-2025,1.81,1.88,1.88,1.78,1.8,1.8,1.81,13644,0.25,110, 11627, 85.22
HBLENGINE, EQ, 23-Dec-2025,849.6,851.0,878.4,843.0,875.0,875.75,868.87,1773464,15409.13,45628, 461346, 26.01
HCC, EQ, 23-Dec-2025,19.88,20.0,20.04,19.41,19.6,19.61,19.66,32535799,6397.11,34980, 10094708, 31.03
HCG, EQ, 23-Dec-2025,694.15,697.8,697.8,674.1,678.8,678.75,680.36,266302,1811.8,21625, 189436, 71.14
HCL-INSYS, EQ, 23-Dec-2025,13.74,13.74,13.89,13.54,13.69,13.67,13.69,253697,34.72,979, 225146, 88.75
HCLTECH, EQ, 23-Dec-2025,1670.3,1675.1,1686.9,1656.2,1674.8,1679.9,1674.59,1614314,27033.08,60466, 948080, 58.73
HDBFS, EQ, 23-Dec-2025,765.35,762.5,764.6,756.9,758.0,758.85,760.04,410925,3123.19,18615, 224267, 54.58
HDFCAMC, EQ, 23-Dec-2025,2662.8,2679.0,2713.7,2665.2,2708.9,2709.3,2699.92,493486,13323.73,29153, 234802, 47.58
HDFCBANK, EQ, 23-Dec-2025,987.7,990.5,998.9,987.7,997.0,996.6,994.81,17927849,178348.64,227121, 9434296, 52.62
HDFCBSE500, EQ, 23-Dec-2025,38.16,38.21,38.4,38.13,38.29,38.21,38.21,23594,9.02,156, 18999, 80.52
HDFCGOLD, EQ, 23-Dec-2025,115.17,114.35,117.4,114.35,116.63,116.66,116.82,5983846,6990.16,11867, 4688362, 78.35
HDFCGROWTH, EQ, 23-Dec-2025,131.15,130.59,131.15,130.11,131.1,130.85,130.78,18019,23.57,193, 16068, 89.17
HDFCLIFE, EQ, 23-Dec-2025,761.8,759.95,765.0,757.8,763.0,763.95,761.66,1246811,9496.48,33058, 670719, 53.79
HDFCLIQUID, EQ, 23-Dec-2025,1041.14,1009.91,1041.29,1009.91,1041.25,1041.25,1041.14,10239,106.6,33, 5262, 51.39
HDFCLOWVOL, EQ, 23-Dec-2025,21.58,21.56,21.65,21.53,21.58,21.57,21.58,31681,6.84,91, 31574, 99.66
HDFCMID150, EQ, 23-Dec-2025,22.51,22.62,22.62,22.46,22.6,22.61,22.58,411842,93.01,1190, 323869, 78.64
HDFCMOMENT, EQ, 23-Dec-2025,31.81,31.77,31.88,31.64,31.69,31.76,31.79,80368,25.55,647, 64366, 80.09
HDFCNEXT50, EQ, 23-Dec-2025,69.99,69.99,70.45,69.92,70.37,70.26,70.29,62035,43.61,468, 37319, 60.16
HDFCNIF100, EQ, 23-Dec-2025,27.41,27.42,27.56,27.37,27.56,27.47,27.47,30864,8.48,295, 20263, 65.65
HDFCNIFBAN, EQ, 23-Dec-2025,60.75,61.03,61.03,60.62,60.8,60.78,60.78,8751,5.32,308, 6534, 74.67
HDFCNIFIT, EQ, 23-Dec-2025,41.62,41.38,41.41,41.04,41.41,41.32,41.27,59339,24.49,336, 41099, 69.26
HDFCNIFTY, EQ, 23-Dec-2025,292.28,294.12,294.12,292.02,292.76,292.5,292.77,59562,174.38,598, 32232, 54.12
HDFCPSUBK, EQ, 23-Dec-2025,84.38,84.8,84.8,84.01,84.3,84.26,84.32,48243,40.68,169, 27224, 56.43
HDFCPVTBAN, EQ, 23-Dec-2025,28.98,29.7,29.7,28.79,29.05,28.98,29.0,32494,9.42,438, 27534, 84.74
HDFCQUAL, EQ, 23-Dec-2025,60.51,60.81,60.81,60.33,60.62,60.68,60.64,20178,12.24,156, 19526, 96.77
HDFCSENSEX, EQ, 23-Dec-2025,96.21,96.22,96.62,96.02,96.49,96.31,96.45,23351,22.52,314, 14693, 62.92
HDFCSILVER, EQ, 23-Dec-2025,201.28,201.95,204.43,201.95,203.12,202.77,202.82,7490883,15193.26,18813, 4770359, 63.68
HDFCSML250, EQ, 23-Dec-2025,167.06,167.77,167.84,166.36,167.15,167.35,167.4,1082159,1811.58,6197, 798289, 73.77
HDFCVALUE, EQ, 23-Dec-2025,140.54,140.48,140.8,139.9,140.5,140.51,140.51,1938,2.72,63, 1770, 91.33
HEADSUP, EQ, 23-Dec-2025,9.41,9.41,9.87,8.82,9.43,9.41,9.34,47430,4.43,235, 40094, 84.53
HEALTHADD, EQ, 23-Dec-2025,149.32,149.32,149.5,148.8,149.5,148.88,149.22,326,0.49,26, 321, 98.47
HEALTHIETF, EQ, 23-Dec-2025,151.93,151.93,152.25,151.16,151.5,151.52,151.62,46718,70.83,1028, 25006, 53.53
HEALTHY, EQ, 23-Dec-2025,15.17,15.24,15.3,15.11,15.17,15.17,15.18,164910,25.03,851, 145511, 88.24
HECPROJECT, EQ, 23-Dec-2025,124.88,127.0,127.0,122.1,123.25,123.74,124.46,8651,10.77,354, 5834, 67.44
HEG, EQ, 23-Dec-2025,530.05,531.1,548.8,530.0,539.9,539.0,540.43,1296360,7005.86,30913, 318666, 24.58
HEIDELBERG, EQ, 23-Dec-2025,174.57,175.0,176.22,170.22,173.0,172.94,173.91,125196,217.73,3703, 72647, 58.03
HEMIPROP, EQ, 23-Dec-2025,131.27,131.48,135.1,131.48,132.0,132.32,132.95,256777,341.38,3162, 136103, 53.00
HERANBA, EQ, 23-Dec-2025,250.4,251.7,258.9,250.0,257.3,256.95,254.88,29132,74.25,1292, 16942, 58.16
HERCULES, EQ, 23-Dec-2025,162.98,165.1,165.9,160.55,161.8,161.47,163.2,15650,25.54,480, 9948, 63.57
HERITGFOOD, EQ, 23-Dec-2025,462.5,462.5,465.85,458.0,461.05,461.4,462.27,145667,673.38,6200, 76184, 52.30
HEROMOTOCO, EQ, 23-Dec-2025,5699.5,5710.0,5752.5,5695.0,5730.5,5744.0,5730.63,351302,20131.82,46610, 177846, 50.62
HESTERBIO, EQ, 23-Dec-2025,1583.0,1595.0,1600.0,1576.8,1595.0,1593.0,1591.25,3670,58.4,429, 2545, 69.35
HEUBACHIND, EQ, 23-Dec-2025,472.1,475.9,475.9,463.05,472.65,470.6,470.17,3467,16.3,393, 2068, 59.65
HEXATRADEX, EQ, 23-Dec-2025,162.94,163.1,167.95,161.2,165.0,162.44,164.11,2144,3.52,85, 971, 45.29
HEXT, EQ, 23-Dec-2025,746.05,746.05,748.6,730.1,739.0,738.55,737.02,555091,4091.15,31289, 276006, 49.72
HFCL, EQ, 23-Dec-2025,63.95,64.05,67.14,63.73,66.2,66.26,65.8,20754927,13656.43,53542, 6775316, 32.64
HGINFRA, EQ, 23-Dec-2025,787.2,794.0,812.0,788.4,809.0,809.5,802.83,121050,971.82,10644, 52427, 43.31
HGM, EQ, 23-Dec-2025,71.44,71.44,74.0,69.61,73.0,71.95,72.07,6079,4.38,142, 2950, 48.53
HGS, EQ, 23-Dec-2025,446.5,449.2,468.4,449.2,461.05,463.3,461.73,35169,162.39,2556, 18157, 51.63
HIKAL, EQ, 23-Dec-2025,239.57,244.4,248.99,240.0,241.91,242.0,243.72,477192,1163.03,9325, 106540, 22.33
HILINFRA, EQ, 23-Dec-2025,58.43,58.94,59.3,58.14,59.1,58.98,58.87,112437,66.19,1846, 53068, 47.20
HILTON, EQ, 23-Dec-2025,41.27,41.27,43.2,41.27,43.19,43.05,42.61,122310,52.11,1041, 82195, 67.20
HIMATSEIDE, EQ, 23-Dec-2025,116.69,116.7,117.83,115.84,116.07,116.29,116.8,157688,184.17,2524, 76972, 48.81
HINDALCO, EQ, 23-Dec-2025,864.55,871.0,871.8,860.85,863.85,863.85,866.28,5452783,47236.64,86186, 3704838, 67.94
HINDCOMPOS, EQ, 23-Dec-2025,424.15,426.25,438.55,422.0,438.0,431.95,431.94,13489,58.26,497, 11890, 88.15
HINDCON, EQ, 23-Dec-2025,27.75,28.14,28.2,26.5,27.79,27.3,27.66,19579,5.42,300, 14916, 76.18
HINDCOPPER, EQ, 23-Dec-2025,403.4,406.3,415.7,402.5,408.9,407.8,410.35,18799415,77144.02,136049, 5647147, 30.04
HINDOILEXP, EQ, 23-Dec-2025,155.99,157.87,158.0,154.9,155.02,155.51,156.23,157527,246.1,2189, 79520, 50.48
HINDPETRO, EQ, 23-Dec-2025,475.55,477.0,477.4,471.3,475.1,475.1,474.07,1881359,8918.93,38157, 971276, 51.63
HINDUNILVR, EQ, 23-Dec-2025,2289.5,2289.3,2310.0,2280.7,2298.1,2302.6,2298.55,1128801,25946.09,61566, 488528, 43.28
HINDWAREAP, EQ, 23-Dec-2025,264.5,265.15,267.1,258.0,262.1,265.2,262.52,129509,339.98,2689, 93738, 72.38
HINDZINC, EQ, 23-Dec-2025,606.5,610.0,615.5,606.5,610.2,609.8,611.55,9277131,56734.35,97589, 3523295, 37.98
HIRECT, EQ, 23-Dec-2025,1447.2,1447.2,1500.0,1439.9,1494.0,1487.1,1480.78,20844,308.65,2450, 10600, 50.85
HISARMETAL, EQ, 23-Dec-2025,157.2,161.0,167.0,157.25,166.9,164.98,162.38,9337,15.16,445, 3791, 40.60
HITECH, EQ, 23-Dec-2025,91.89,92.05,94.0,91.41,92.4,92.54,92.68,1340736,1242.65,10281, 597822, 44.59
HITECHCORP, EQ, 23-Dec-2025,172.44,171.58,177.5,170.11,176.8,172.11,172.32,6188,10.66,106, 5557, 89.80
HLEGLAS, EQ, 23-Dec-2025,461.95,464.9,465.05,448.55,457.0,453.0,455.75,60441,275.46,3413, 25550, 42.27
HLVLTD, EQ, 23-Dec-2025,9.86,9.81,9.95,9.8,9.85,9.83,9.85,195573,19.27,779, 157906, 80.74
HMAAGRO, EQ, 23-Dec-2025,28.89,29.69,29.69,28.74,28.9,29.0,28.94,214793,62.16,771, 175417, 81.67
HMVL, EQ, 23-Dec-2025,72.15,72.25,72.75,71.19,71.99,71.67,71.67,10574,7.58,204, 6701, 63.37
HNDFDS, EQ, 23-Dec-2025,525.8,525.0,525.75,506.45,514.0,514.35,515.78,222583,1148.03,15062, 154176, 69.27
HNGSNGBEES, EQ, 23-Dec-2025,503.43,509.39,509.39,493.2,500.98,501.29,501.69,130366,654.03,5604, 87683, 67.26
HOMEFIRST, EQ, 23-Dec-2025,1113.6,1110.0,1134.4,1110.0,1130.0,1126.2,1125.92,224181,2524.1,16399, 148868, 66.41
HONASA, EQ, 23-Dec-2025,266.9,266.9,274.8,265.4,271.65,272.3,270.02,215397,581.61,5670, 99821, 46.34
HONAUT, EQ, 23-Dec-2025,33600.0,33700.0,33865.0,33280.0,33385.0,33355.0,33435.17,2335,780.71,1210, 1293, 55.37
HONDAPOWER, EQ, 23-Dec-2025,2315.3,2309.5,2368.0,2309.5,2349.9,2344.7,2349.03,2720,63.89,868, 1395, 51.29
HPAL, EQ, 23-Dec-2025,43.4,43.15,45.4,42.62,43.48,43.71,43.83,41276,18.09,755, 27097, 65.65
HPIL, EQ, 23-Dec-2025,138.92,138.92,140.0,133.2,137.5,137.5,137.14,3578,4.91,60, 2792, 78.03
HPL, EQ, 23-Dec-2025,402.35,408.9,416.4,401.0,412.8,413.25,410.61,163014,669.36,8639, 60100, 36.87
HSCL, EQ, 23-Dec-2025,483.2,486.0,491.5,480.0,480.45,481.75,483.78,1256839,6080.39,18379, 536554, 42.69
HTMEDIA, EQ, 23-Dec-2025,23.14,23.4,23.4,22.75,22.76,22.81,22.9,37455,8.58,279, 25421, 67.87
HUBTOWN, EQ, 23-Dec-2025,249.35,251.35,251.35,245.05,246.9,246.5,247.8,462488,1146.04,8080, 210178, 45.45
HUDCO, EQ, 23-Dec-2025,214.75,215.01,218.1,214.5,216.46,216.07,216.58,3616892,7833.37,41127, 1523072, 42.11
HUHTAMAKI, EQ, 23-Dec-2025,211.1,211.99,213.0,209.0,211.94,211.64,210.72,59221,124.79,1679, 27852, 47.03
HYUNDAI, EQ, 23-Dec-2025,2321.2,2311.0,2324.5,2304.0,2311.4,2314.5,2313.41,399767,9248.26,27533, 283385, 70.89
IBULLSLTD, EQ, 23-Dec-2025,16.15,16.01,16.09,15.4,15.67,15.59,15.64,742824,116.21,2040, 474321, 63.85
ICDSLTD, EQ, 23-Dec-2025,42.66,46.0,46.0,43.0,44.65,44.61,44.12,1890,0.83,79, 1019, 53.92
ICEMAKE, EQ, 23-Dec-2025,798.45,804.85,809.9,792.6,801.0,798.15,800.57,11351,90.87,1424, 5136, 45.25
ICICIAMC, EQ, 23-Dec-2025,2610.0,2613.0,2630.0,2588.0,2605.0,2609.5,2608.36,1373947,35837.52,157665, 890130, 64.79
ICICIB22, EQ, 23-Dec-2025,116.14,116.5,117.07,115.79,116.72,116.65,116.77,230126,268.72,2245, 163224, 70.93
ICICIBANK, EQ, 23-Dec-2025,1368.5,1361.1,1365.0,1357.0,1362.4,1363.0,1361.81,9105467,123998.97,231134, 4435940, 48.72
ICICIGI, EQ, 23-Dec-2025,1950.6,1950.0,1963.4,1947.0,1955.5,1960.1,1954.96,219269,4286.61,29098, 146517, 66.82
ICICIPRULI, EQ, 23-Dec-2025,650.5,650.0,656.2,646.0,650.9,650.9,650.31,850478,5530.76,17697, 622683, 73.22
ICIL, EQ, 23-Dec-2025,270.95,271.1,277.45,265.75,272.0,271.35,272.93,387363,1057.25,6050, 303098, 78.25
ICRA, EQ, 23-Dec-2025,6145.0,6127.0,6275.0,6109.0,6212.5,6198.0,6230.89,13849,862.92,5666, 10240, 73.94
IDBI, EQ, 23-Dec-2025,100.17,100.6,100.8,99.71,99.99,100.07,100.19,5056603,5066.06,17967, 1826406, 36.12
IDEA, EQ, 23-Dec-2025,11.85,11.89,12.2,11.81,12.02,12.01,12.03,1005831210,120958.77,205893, 275853136, 27.43
IDEAFORGE, EQ, 23-Dec-2025,495.4,484.0,493.05,475.35,477.5,477.95,485.72,1883415,9148.2,44997, 243821, 12.95
IDFCFIRSTB, EQ, 23-Dec-2025,85.35,85.71,85.74,84.8,84.9,85.0,85.21,16676828,14209.97,76541, 10307776, 61.81
IDFNIFTYET, EQ, 23-Dec-2025,286.54,287.69,287.7,285.1,287.0,286.68,286.83,6379,18.3,132, 5492, 86.09
IEX, EQ, 23-Dec-2025,140.95,141.0,143.25,140.81,142.07,142.05,142.16,2545162,3618.24,19985, 806433, 31.68
IFBAGRO, EQ, 23-Dec-2025,1438.7,1431.0,1444.9,1350.5,1368.0,1370.6,1400.94,26350,369.15,2858, 12539, 47.59
IFBIND, EQ, 23-Dec-2025,1579.8,1581.4,1650.5,1559.2,1634.5,1639.9,1596.17,62578,998.85,4521, 42756, 68.32
IFCI, EQ, 23-Dec-2025,49.41,49.65,53.9,49.17,52.96,52.97,52.76,44216427,23327.74,121522, 5130673, 11.60
IFGLEXPOR, EQ, 23-Dec-2025,207.47,217.4,217.4,207.33,210.0,210.39,209.87,21321,44.75,834, 8747, 41.03
IGARASHI, EQ, 23-Dec-2025,437.2,437.65,444.6,435.1,439.0,436.9,439.1,31350,137.66,2215, 16406, 52.33
IGCL, EQ, 23-Dec-2025,82.98,85.33,86.41,82.3,84.49,84.92,85.04,220719,187.7,2128, 148127, 67.11
IGIL, EQ, 23-Dec-2025,321.15,321.15,331.9,320.25,325.1,327.55,328.26,524635,1722.15,14300, 241573, 46.05
IGL, EQ, 23-Dec-2025,195.84,195.84,196.99,194.21,196.45,195.78,195.68,1034936,2025.16,18022, 540371, 52.21
IGPL, EQ, 23-Dec-2025,391.7,391.7,393.85,386.4,389.2,387.65,389.5,11451,44.6,775, 7480, 65.32
IIFL, EQ, 23-Dec-2025,569.35,573.45,578.45,567.5,573.0,572.75,573.41,667423,3827.1,19920, 205048, 30.72
IIFLCAPS, EQ, 23-Dec-2025,330.55,337.0,342.0,332.0,335.75,335.6,337.21,863545,2911.97,33172, 326862, 37.85
IITL, EQ, 23-Dec-2025,165.63,170.95,170.95,168.79,170.0,169.99,169.87,10892,18.5,118, 520, 4.77
IKIO, EQ, 23-Dec-2025,180.47,181.14,184.73,179.77,184.73,182.47,182.18,48507,88.37,1946, 23435, 48.31
IKS, EQ, 23-Dec-2025,1740.0,1747.5,1755.0,1727.0,1751.9,1749.0,1743.56,128364,2238.1,13649, 66980, 52.18
IMAGICAA, EQ, 23-Dec-2025,48.82,48.7,49.45,48.51,48.65,48.77,49.0,207185,101.53,1931, 111146, 53.65
IMFA, EQ, 23-Dec-2025,1415.9,1418.7,1440.0,1412.0,1414.0,1421.0,1425.35,120794,1721.74,10809, 45680, 37.82
IMPAL, EQ, 23-Dec-2025,1028.6,1028.6,1049.0,1021.4,1046.0,1047.9,1040.35,4466,46.46,332, 3333, 74.63
INCREDIBLE, EQ, 23-Dec-2025,40.87,40.75,41.87,39.88,39.99,40.18,40.55,4741,1.92,116, 1940, 40.92
INDBANK, EQ, 23-Dec-2025,35.2,35.2,35.58,35.0,35.24,35.08,35.23,17859,6.29,393, 11810, 66.13
INDGN, EQ, 23-Dec-2025,538.1,543.9,543.9,530.0,532.0,532.15,533.11,226906,1209.66,17347, 143049, 63.04
INDHOTEL, EQ, 23-Dec-2025,740.15,743.7,743.85,734.0,738.55,738.3,737.42,1609752,11870.71,43259, 1061707, 65.95
INDIACEM, EQ, 23-Dec-2025,440.25,441.8,450.45,435.8,441.05,441.7,442.74,929894,4116.97,24553, 388052, 41.73
INDIAGLYCO, EQ, 23-Dec-2025,1070.4,1071.0,1075.9,1061.8,1066.9,1069.7,1068.14,46833,500.24,4868, 24205, 51.68
INDIAMART, EQ, 23-Dec-2025,2218.1,2217.9,2268.6,2213.0,2257.0,2259.8,2248.57,42357,952.43,4959, 26492, 62.54
INDIANB, EQ, 23-Dec-2025,787.9,787.9,792.8,780.1,781.7,783.25,785.94,581636,4571.3,22632, 289540, 49.78
INDIANCARD, EQ, 23-Dec-2025,244.15,245.0,247.6,242.15,244.25,244.35,244.94,1179,2.89,47, 847, 71.84
INDIANHUME, EQ, 23-Dec-2025,416.35,418.15,420.55,413.1,420.2,419.05,417.41,19201,80.15,1074, 10276, 53.52
INDIASHLTR, EQ, 23-Dec-2025,823.9,832.15,841.9,823.9,836.45,837.95,833.96,113109,943.28,18046, 69724, 61.64
INDIGO, EQ, 23-Dec-2025,5145.5,5148.0,5172.0,5132.0,5152.0,5157.0,5155.37,968910,49950.92,41442, 653912, 67.49
INDIGOPNTS, EQ, 23-Dec-2025,1180.2,1176.2,1186.4,1165.0,1170.2,1169.2,1174.01,19838,232.9,2700, 9276, 46.76
INDIQUBE, EQ, 23-Dec-2025,203.5,203.38,203.57,200.0,200.0,201.1,201.08,40660,81.76,3734, 33356, 82.04
INDNIPPON, EQ, 23-Dec-2025,799.2,800.0,816.05,799.55,801.0,802.7,807.45,19312,155.93,1916, 11160, 57.79
INDOAMIN, EQ, 23-Dec-2025,128.51,130.0,130.0,128.5,128.52,128.94,129.15,26093,33.7,619, 14509, 55.60
INDOBORAX, EQ, 23-Dec-2025,258.91,260.98,269.98,256.36,269.0,266.83,264.35,68059,179.91,2148, 45190, 66.40
INDOCO, EQ, 23-Dec-2025,237.55,238.15,239.9,236.7,236.75,236.85,237.86,22748,54.11,1012, 15053, 66.17
INDOFARM, EQ, 23-Dec-2025,192.52,190.3,193.68,189.2,190.1,190.54,191.34,115100,220.23,7577, 29621, 25.74
INDORAMA, EQ, 23-Dec-2025,49.12,49.49,49.89,48.81,49.86,49.45,49.43,82553,40.8,1489, 37465, 45.38
INDOSTAR, EQ, 23-Dec-2025,242.57,243.45,243.97,238.61,241.05,240.65,241.09,47464,114.43,948, 32723, 68.94
INDOTECH, EQ, 23-Dec-2025,1582.5,1594.0,1594.0,1553.0,1593.2,1579.6,1578.05,7448,117.53,1172, 4369, 58.66
INDOUS, EQ, 23-Dec-2025,124.24,123.7,125.04,118.53,123.29,121.75,121.96,17206,20.98,589, 9552, 55.52
INDOWIND, EQ, 23-Dec-2025,14.71,14.83,16.4,14.19,14.76,14.72,15.01,1646202,247.02,3720, 309840, 18.82
INDRAMEDCO, EQ, 23-Dec-2025,475.6,475.6,475.85,467.65,468.7,468.95,470.68,131138,617.24,4148, 80938, 61.72
INDSWFTLAB, EQ, 23-Dec-2025,94.25,93.5,96.25,92.58,93.0,92.88,93.48,91577,85.61,2244, 54870, 59.92
INDTERRAIN, EQ, 23-Dec-2025,35.76,34.85,35.78,34.25,35.78,34.92,35.03,20312,7.12,196, 16519, 81.33
INDUSINDBK, EQ, 23-Dec-2025,856.4,856.4,859.7,846.2,846.4,849.9,851.99,1628642,13875.81,32720, 800309, 49.14
INDUSTOWER, EQ, 23-Dec-2025,411.45,412.4,417.2,410.4,413.2,414.35,414.43,3117996,12921.9,52142, 1528972, 49.04
INFIBEAM, EQ, 23-Dec-2025,16.81,16.99,16.99,16.62,16.81,16.85,16.8,6592659,1107.67,22320, 3135409, 47.56
INFOBEAN, EQ, 23-Dec-2025,801.9,809.85,819.7,785.2,795.15,797.55,800.83,165449,1324.97,9109, 49386, 29.85
INFOMEDIA, EQ, 23-Dec-2025,6.31,6.55,6.55,6.26,6.53,6.45,6.39,13919,0.89,54, 9504, 68.28
INFRABEES, EQ, 23-Dec-2025,995.01,992.13,999.56,989.72,990.0,993.42,994.15,5772,57.38,417, 3480, 60.29
INFRAIETF, EQ, 23-Dec-2025,99.07,99.43,99.43,98.75,99.25,98.93,99.06,172561,170.94,3371, 159527, 92.45
INFY, EQ, 23-Dec-2025,1689.6,1679.0,1679.0,1656.4,1664.6,1668.3,1666.35,6593060,109863.63,228310, 2882141, 43.71
INGERRAND, EQ, 23-Dec-2025,3411.7,3402.0,3471.9,3402.0,3407.5,3416.9,3427.52,7860,269.4,2636, 4069, 51.77
INNOVACAP, EQ, 23-Dec-2025,721.85,729.8,740.75,713.95,720.0,720.85,723.89,22907,165.82,2423, 9373, 40.92
INNOVANA, EQ, 23-Dec-2025,420.65,430.85,436.6,414.05,420.0,419.95,421.31,3077,12.96,292, 1977, 64.25
INOXGREEN, EQ, 23-Dec-2025,200.11,204.19,217.25,201.0,209.5,208.43,207.32,5433956,11265.55,54722, 2590491, 47.67
INOXINDIA, EQ, 23-Dec-2025,1135.8,1134.4,1137.0,1116.0,1123.7,1119.9,1127.88,47336,533.89,4438, 36842, 77.83
INOXWIND, EQ, 23-Dec-2025,126.57,127.75,128.63,126.15,127.0,127.1,127.15,5458544,6940.47,20794, 1810916, 33.18
INSECTICID, EQ, 23-Dec-2025,705.65,707.8,716.0,693.7,709.0,706.3,703.65,13635,95.94,1439, 6098, 44.72
INSPIRISYS, EQ, 23-Dec-2025,90.05,89.0,90.02,88.05,89.03,88.53,88.78,4242,3.77,95, 3451, 81.35
INTELLECT, EQ, 23-Dec-2025,1027.7,1027.0,1030.0,1017.0,1020.0,1021.0,1021.94,92674,947.08,9684, 40650, 43.86
INTERARCH, EQ, 23-Dec-2025,2396.3,2410.0,2415.5,2375.0,2399.0,2395.4,2393.08,47553,1137.98,6676, 26813, 56.39
INTERNET, EQ, 23-Dec-2025,14.27,14.27,14.37,14.2,14.36,14.34,14.31,36246,5.19,173, 25903, 71.46
INTLCONV, EQ, 23-Dec-2025,91.16,90.3,94.0,90.3,93.53,93.09,92.71,80432,74.57,1072, 43967, 54.66
INVENTURE, EQ, 23-Dec-2025,1.2,1.2,1.22,1.2,1.21,1.2,1.21,732201,8.83,536, 527794, 72.08
IOB, EQ, 23-Dec-2025,34.11,34.25,34.25,33.89,33.93,33.94,33.98,7113342,2417.46,20768, 3686662, 51.83
IOC, EQ, 23-Dec-2025,163.66,163.65,165.5,162.66,163.15,163.27,163.86,8439146,13828.35,41352, 4458783, 52.83
IOLCP, EQ, 23-Dec-2025,82.9,83.11,84.3,82.72,83.25,83.83,83.64,567995,475.08,6354, 234253, 41.24
IONEXCHANG, EQ, 23-Dec-2025,375.95,377.8,377.9,370.0,372.7,371.6,373.15,167191,623.88,12001, 78296, 46.83
IPCALAB, EQ, 23-Dec-2025,1427.9,1429.8,1446.8,1418.0,1432.0,1435.2,1431.81,79812,1142.75,10110, 32623, 40.87
IPL, EQ, 23-Dec-2025,174.57,175.97,176.46,174.3,175.95,175.63,175.5,71591,125.64,1463, 45572, 63.66
IRB, EQ, 23-Dec-2025,41.99,42.21,42.9,41.96,42.75,42.68,42.5,7156632,3041.29,28298, 2777889, 38.82
IRCON, EQ, 23-Dec-2025,156.81,157.96,177.38,156.55,168.8,169.3,170.91,57599646,98445.73,361970, 4984637, 8.65
IRCTC, EQ, 23-Dec-2025,681.65,686.55,688.7,678.2,680.5,680.85,683.54,1897510,12970.15,55128, 759080, 40.00
IREDA, EQ, 23-Dec-2025,135.67,136.2,141.1,135.38,139.0,138.73,138.85,13763143,19110.77,62122, 3813505, 27.71
IRFC, EQ, 23-Dec-2025,117.0,117.8,124.48,116.81,121.89,121.4,121.32,55006061,66730.84,177886, 9995495, 18.17
IRIS, EQ, 23-Dec-2025,297.35,298.0,324.0,295.1,308.15,307.15,306.48,84662,259.48,3225, 57794, 68.26
IRISDOREME, EQ, 23-Dec-2025,37.04,37.34,39.49,37.08,38.98,38.7,38.68,874672,338.34,5227, 369928, 42.29
IRMENERGY, EQ, 23-Dec-2025,283.35,283.95,285.5,281.8,283.8,283.05,283.45,24023,68.09,1436, 11309, 47.08
ISFT, EQ, 23-Dec-2025,92.58,94.0,94.0,91.82,92.8,93.63,92.97,8679,8.07,630, 3490, 40.21
ISGEC, EQ, 23-Dec-2025,833.25,842.1,862.7,835.0,856.85,848.9,851.61,53906,459.07,8161, 28449, 52.78
ISHANCH, EQ, 23-Dec-2025,63.63,64.7,65.78,63.1,63.3,64.56,64.32,9171,5.9,102, 1804, 19.67
IT, EQ, 23-Dec-2025,43.17,43.74,43.74,42.72,42.87,42.79,42.8,433198,185.4,958, 321746, 74.27
ITADD, EQ, 23-Dec-2025,41.25,41.11,41.11,40.8,40.93,40.99,40.98,53212,21.8,118, 30707, 57.71
ITBEES, EQ, 23-Dec-2025,43.29,43.02,43.43,42.75,42.99,42.99,42.96,9976013,4285.22,17695, 5642872, 56.56
ITC, EQ, 23-Dec-2025,402.7,402.5,408.9,401.8,408.85,407.35,405.66,10081997,40898.16,158483, 5484078, 54.39
ITCHOTELS, EQ, 23-Dec-2025,196.24,196.9,196.9,194.11,194.6,194.68,194.93,1596298,3111.7,27161, 944243, 59.15
ITDC, EQ, 23-Dec-2025,564.65,567.9,580.5,564.0,578.95,575.9,575.26,22750,130.87,1676, 10223, 44.94
ITETF, EQ, 23-Dec-2025,41.33,41.48,41.48,40.75,40.99,41.03,40.96,335581,137.46,2762, 242551, 72.28
ITI, EQ, 23-Dec-2025,312.6,313.0,313.9,308.4,310.2,310.35,310.38,520665,1616.05,8639, 138747, 26.65
ITIETF, EQ, 23-Dec-2025,43.27,43.27,43.27,42.57,42.91,42.96,42.91,390187,167.41,1448, 235745, 60.42
IVALUE, EQ, 23-Dec-2025,276.8,275.0,279.15,265.55,273.35,276.15,276.31,75818,209.49,3218, 38137, 50.30
IVC, EQ, 23-Dec-2025,8.06,8.15,8.2,8.1,8.2,8.17,8.15,244051,19.9,877, 179973, 73.74
IVP, EQ, 23-Dec-2025,148.4,152.4,152.4,147.01,150.98,150.59,149.56,1572,2.35,61, 792, 50.38
IVZINGOLD, EQ, 23-Dec-2025,11680.25,11755.05,11950.0,11755.05,11891.0,11911.7,11888.24,428,50.88,127, 244, 57.01
IVZINNIFTY, EQ, 23-Dec-2025,2963.26,2962.59,2990.28,2962.59,2963.63,2963.63,2968.13,57,1.69,9, 55, 96.49
IXIGO, EQ, 23-Dec-2025,265.15,263.0,266.0,259.4,261.9,264.55,262.59,733613,1926.41,11471, 317470, 43.27
IZMO, EQ, 23-Dec-2025,873.85,883.5,899.6,831.5,837.0,838.6,865.69,199296,1725.29,10547, 79943, 40.11
J&KBANK, EQ, 23-Dec-2025,100.16,100.49,100.86,99.75,100.2,100.03,100.12,1198949,1200.35,12559, 731258, 60.99
JAGRAN, EQ, 23-Dec-2025,69.92,69.9,71.3,69.52,71.2,71.16,70.72,128813,91.1,1777, 89681, 69.62
JAGSNPHARM, EQ, 23-Dec-2025,198.69,200.0,204.95,198.91,200.8,202.0,201.51,82953,167.16,2146, 45603, 54.97
JAIBALAJI, EQ, 23-Dec-2025,62.5,62.66,64.2,61.9,63.4,63.28,63.39,1175540,745.14,9752, 526949, 44.83
JAICORPLTD, EQ, 23-Dec-2025,130.06,131.6,133.25,129.58,131.53,131.54,131.36,618650,812.67,7909, 137307, 22.19
JAINREC, EQ, 23-Dec-2025,420.4,421.4,429.0,418.0,421.5,421.95,424.12,1536262,6515.54,28220, 414608, 26.99
JAIPURKURT, EQ, 23-Dec-2025,28.48,28.9,28.9,28.11,28.19,28.29,28.33,17450,4.94,101, 13236, 75.85
JAMNAAUTO, EQ, 23-Dec-2025,127.21,127.98,129.55,127.0,128.79,128.86,128.77,2199246,2831.96,21693, 1048696, 47.68
JARO, EQ, 23-Dec-2025,545.55,546.0,550.25,540.05,544.5,542.45,544.51,104568,569.39,2505, 14388, 13.76
JASH, EQ, 23-Dec-2025,436.85,435.15,443.0,434.7,443.0,439.25,437.82,40821,178.72,3781, 27351, 67.00
JAYAGROGN, EQ, 23-Dec-2025,203.76,204.01,207.37,201.43,202.0,202.0,204.04,21228,43.31,2076, 8811, 41.51
JAYBARMARU, EQ, 23-Dec-2025,87.26,87.01,98.1,86.5,93.65,93.7,94.62,758607,717.79,7591, 334396, 44.08
JAYKAY, EQ, 23-Dec-2025,203.3,204.0,204.0,198.1,199.6,199.67,199.79,53603,107.1,1428, 26566, 49.56
JAYNECOIND, EQ, 23-Dec-2025,78.38,78.57,78.57,76.56,77.73,77.67,77.45,4007035,3103.48,18305, 2129328, 53.14
JAYSREETEA, EQ, 23-Dec-2025,88.34,88.5,89.23,86.7,87.0,87.12,87.38,47846,41.81,672, 28941, 60.49
JBCHEPHARM, EQ, 23-Dec-2025,1807.1,1813.9,1813.9,1798.1,1805.0,1804.6,1804.19,274030,4944.03,9430, 209724, 76.53
JBMA, EQ, 23-Dec-2025,572.45,574.0,584.1,569.6,578.0,577.95,578.44,264762,1531.5,14319, 79026, 29.85
JCHAC, EQ, 23-Dec-2025,1444.4,1444.5,1460.9,1425.9,1434.0,1432.2,1437.2,9149,131.49,1588, 4630, 50.61
JGCHEM, EQ, 23-Dec-2025,362.3,367.75,373.2,361.0,363.9,363.6,365.39,100465,367.09,2997, 67394, 67.08
JHS, EQ, 23-Dec-2025,9.95,10.16,10.16,9.9,10.04,10.01,9.97,70122,6.99,182, 49994, 71.30
JINDALPHOT, EQ, 23-Dec-2025,1505.6,1507.1,1517.9,1500.0,1500.8,1500.3,1504.79,4005,60.27,510, 2090, 52.18
JINDALPOLY, EQ, 23-Dec-2025,490.4,494.0,505.9,490.1,499.95,497.45,499.13,37312,186.23,3261, 16327, 43.76
JINDALSAW, EQ, 23-Dec-2025,164.06,165.37,171.27,164.35,168.65,168.64,168.55,2265370,3818.23,29186, 728217, 32.15
JINDALSTEL, EQ, 23-Dec-2025,1002.1,1008.0,1017.0,998.6,1014.0,1012.6,1010.49,682890,6900.55,24530, 248229, 36.35
JINDRILL, EQ, 23-Dec-2025,520.5,528.3,573.9,524.3,571.75,566.25,554.94,745297,4135.92,31828, 152334, 20.44
JINDWORLD, EQ, 23-Dec-2025,29.61,29.62,30.46,29.5,29.86,29.82,29.98,350097,104.96,6226, 104253, 29.78
JIOFIN, EQ, 23-Dec-2025,298.75,299.55,299.75,297.7,298.5,298.7,298.97,5346120,15983.1,57285, 3248291, 60.76
JISLDVREQS, EQ, 23-Dec-2025,27.65,28.15,28.15,27.55,27.71,27.68,27.85,3546,0.99,58, 2444, 68.92
JISLJALEQS, EQ, 23-Dec-2025,40.95,41.14,41.53,40.8,41.1,40.95,41.11,1322164,543.56,6131, 822993, 62.25
JITFINFRA, EQ, 23-Dec-2025,274.0,272.0,286.9,272.0,284.85,281.55,280.56,26500,74.35,840, 13527, 51.05
JKCEMENT, EQ, 23-Dec-2025,5415.0,5443.5,5628.5,5420.0,5620.0,5614.5,5530.49,113679,6287.0,24311, 50954, 44.82
JKIL, EQ, 23-Dec-2025,580.4,583.5,604.6,576.1,597.6,598.25,597.52,190286,1136.99,7697, 124995, 65.69
JKIPL, EQ, 23-Dec-2025,95.37,95.4,97.5,89.71,91.4,90.96,92.75,402673,373.48,4413, 289536, 71.90
JKLAKSHMI, EQ, 23-Dec-2025,775.1,778.0,795.05,768.1,790.5,786.0,784.43,129054,1012.33,12047, 54494, 42.23
JKPAPER, EQ, 23-Dec-2025,367.7,369.45,369.9,363.0,365.9,365.6,365.89,101677,372.03,4816, 54336, 53.44
JKTYRE, EQ, 23-Dec-2025,490.9,492.8,522.05,490.05,509.1,510.3,511.76,5182370,26521.34,99490, 1266007, 24.43
JLHL, EQ, 23-Dec-2025,1383.5,1391.0,1403.0,1375.0,1386.5,1399.8,1394.94,19247,268.48,3773, 12973, 67.40
JMA, EQ, 23-Dec-2025,76.89,78.1,78.1,76.95,77.99,77.83,77.5,6963,5.4,112, 5329, 76.53
JMFINANCIL, EQ, 23-Dec-2025,143.43,144.5,148.3,143.6,144.95,144.89,145.82,3359188,4898.38,27755, 1242291, 36.98
JNKINDIA, EQ, 23-Dec-2025,226.35,228.7,235.75,227.17,230.41,228.64,230.86,216878,500.69,7113, 61660, 28.43
JOCIL, EQ, 23-Dec-2025,146.32,147.0,148.98,144.6,145.3,146.09,145.91,1491,2.18,48, 1108, 74.31
JPOLYINVST, EQ, 23-Dec-2025,1049.8,1046.0,1101.0,1046.0,1070.0,1075.3,1080.4,9661,104.38,1425, 4968, 51.42
JPPOWER, EQ, 23-Dec-2025,17.79,17.85,17.96,17.7,17.82,17.78,17.82,22200578,3955.43,22307, 8475737, 38.18
JSFB, EQ, 23-Dec-2025,419.0,419.0,423.95,414.4,420.0,418.35,418.09,213378,892.1,4903, 131651, 61.70
JSL, EQ, 23-Dec-2025,792.6,794.0,803.0,787.1,798.0,797.35,796.06,347649,2767.51,25507, 169539, 48.77
JSLL, EQ, 23-Dec-2025,712.05,707.55,721.0,707.0,711.0,711.1,712.55,104422,744.06,7200, 55904, 53.54
JSWCEMENT, EQ, 23-Dec-2025,118.39,119.25,119.3,117.75,118.8,118.67,118.47,1437014,1702.41,24032, 949186, 66.05
JSWENERGY, EQ, 23-Dec-2025,478.95,480.0,486.75,477.2,484.5,485.65,483.2,1158705,5598.85,18262, 473728, 40.88
JSWHL, EQ, 23-Dec-2025,20580.0,20690.0,21200.0,20250.0,20400.0,20440.0,20683.15,3738,773.14,1919, 1287, 34.43
JSWINFRA, EQ, 23-Dec-2025,279.1,280.0,287.0,279.1,286.5,286.5,284.1,1613191,4583.03,30760, 905912, 56.16
JSWSTEEL, EQ, 23-Dec-2025,1094.9,1095.0,1102.9,1092.0,1095.9,1096.8,1097.9,961759,10559.16,29131, 490251, 50.97
JTEKTINDIA, EQ, 23-Dec-2025,145.55,145.69,149.0,143.0,143.5,144.11,145.01,95698,138.77,3137, 41418, 43.28
JTLIND, EQ, 23-Dec-2025,60.42,59.75,61.03,59.71,60.52,60.67,60.57,371255,224.86,2979, 191990, 51.71
JUBLCPL, EQ, 23-Dec-2025,2356.3,2356.3,2375.9,2251.0,2337.0,2322.2,2297.52,4395,100.98,599, 2489, 56.63
JUBLFOOD, EQ, 23-Dec-2025,568.5,568.5,570.1,563.1,566.0,566.35,567.13,1539279,8729.7,30007, 984075, 63.93
JUBLINGREA, EQ, 23-Dec-2025,712.2,713.6,724.0,705.85,723.65,720.9,718.71,144536,1038.8,9051, 89116, 61.66
JUBLPHARMA, EQ, 23-Dec-2025,1080.6,1082.3,1086.0,1071.0,1086.0,1081.9,1080.49,48592,525.03,7955, 26029, 53.57
JUNIORBEES, EQ, 23-Dec-2025,738.95,742.0,745.0,736.0,742.3,742.79,742.23,289357,2147.68,6743, 198963, 68.76
JUNIPER, EQ, 23-Dec-2025,260.76,268.0,268.0,257.65,263.3,258.8,261.43,53271,139.27,2598, 31103, 58.39
JUSTDIAL, EQ, 23-Dec-2025,737.8,738.2,744.95,736.1,738.4,737.6,738.78,48100,355.35,4057, 16575, 34.46
JWL, EQ, 23-Dec-2025,310.45,311.0,358.25,302.85,335.0,335.9,339.28,135725885,460487.16,1005042, 7711782, 5.68
JYOTHYLAB, EQ, 23-Dec-2025,283.0,283.0,286.9,279.95,281.7,280.95,282.61,305032,862.04,13614, 194203, 63.67
JYOTICNC, EQ, 23-Dec-2025,961.6,958.0,974.0,956.6,961.0,965.8,965.93,104702,1011.35,6434, 42583, 40.67
JYOTISTRUC, EQ, 23-Dec-2025,9.93,10.01,10.06,9.92,9.99,9.98,9.98,5790125,577.87,4631, 3037940, 52.47
KABRAEXTRU, EQ, 23-Dec-2025,222.29,220.5,225.99,220.5,224.0,223.93,223.32,7258,16.21,460, 4921, 67.80
KAJARIACER, EQ, 23-Dec-2025,1048.8,1050.0,1050.0,1011.0,1016.1,1015.6,1026.01,577320,5923.35,28993, 407996, 70.67
KAKATCEM, EQ, 23-Dec-2025,128.72,129.3,131.85,127.6,130.6,130.79,130.31,3791,4.94,178, 2605, 68.72
KALAMANDIR, EQ, 23-Dec-2025,156.65,157.15,161.92,154.1,154.8,155.03,157.94,690810,1091.07,12030, 286565, 41.48
KALPATARU, EQ, 23-Dec-2025,336.4,335.3,340.4,334.5,335.0,334.95,336.58,16362,55.07,1614, 10346, 63.23
KALYANIFRG, EQ, 23-Dec-2025,659.3,650.0,661.95,642.15,643.0,643.6,648.59,891,5.78,77, 741, 83.16
KALYANKJIL, EQ, 23-Dec-2025,485.3,485.1,491.5,482.25,489.15,488.35,488.19,1562369,7627.31,30516, 649032, 41.54
KAMATHOTEL, EQ, 23-Dec-2025,238.42,238.65,248.05,237.2,238.25,238.59,241.25,110162,265.77,3220, 70958, 64.41
KAMDHENU, EQ, 23-Dec-2025,22.96,23.09,23.83,22.83,23.4,23.39,23.32,747672,174.33,3937, 370149, 49.51
KAMOPAINTS, EQ, 23-Dec-2025,6.5,6.5,6.65,6.2,6.55,6.55,6.55,595737,38.99,1007, 508640, 85.38
KANANIIND, EQ, 23-Dec-2025,1.73,1.7,1.75,1.67,1.68,1.69,1.7,201388,3.43,350, 138411, 68.73
KANORICHEM, EQ, 23-Dec-2025,77.9,77.9,80.5,77.43,79.2,79.03,79.12,29585,23.41,436, 19240, 65.03
KANPRPLA, EQ, 23-Dec-2025,184.75,192.88,192.88,171.88,174.01,174.19,179.19,34047,61.01,1608, 22773, 66.89
KANSAINER, EQ, 23-Dec-2025,223.11,224.22,225.1,222.71,224.24,224.26,224.14,95257,213.51,4438, 50005, 52.49
KAPSTON, EQ, 23-Dec-2025,298.9,304.0,304.0,295.0,298.0,298.85,298.54,8980,26.81,444, 6662, 74.19
KARMAENG, EQ, 23-Dec-2025,50.11,53.99,53.99,50.0,50.0,50.17,50.66,8430,4.27,172, 5829, 69.15
KARURVYSYA, EQ, 23-Dec-2025,252.58,253.6,255.0,249.5,250.0,250.86,251.81,1393944,3510.12,20190, 802530, 57.57
KAUSHALYA, EQ, 23-Dec-2025,890.0,882.4,907.0,882.4,885.7,897.8,891.16,1763,15.71,174, 1134, 64.32
KAYA, EQ, 23-Dec-2025,395.75,401.7,423.0,377.6,406.3,409.25,406.72,42422,172.54,2472, 22589, 53.25
KAYNES, EQ, 23-Dec-2025,4194.0,4199.0,4199.0,4126.0,4136.0,4140.5,4153.9,905401,37609.47,48401, 175936, 19.43
KCP, EQ, 23-Dec-2025,182.15,183.0,183.0,180.5,181.5,181.58,181.38,49353,89.52,1840, 26195, 53.08
KCPSUGIND, EQ, 23-Dec-2025,26.05,25.8,26.89,25.8,26.55,26.63,26.43,56227,14.86,635, 33907, 60.30
KDDL, EQ, 23-Dec-2025,2321.6,2337.7,2412.0,2316.2,2377.0,2394.8,2388.32,19281,460.49,5295, 9674, 50.17
KEC, EQ, 23-Dec-2025,745.0,746.0,749.3,740.35,741.25,743.15,743.67,506820,3769.07,16624, 175933, 34.71
KECL, EQ, 23-Dec-2025,100.42,100.25,102.09,99.5,99.99,99.89,100.38,136296,136.82,3477, 58523, 42.94
KEEPLEARN, EQ, 23-Dec-2025,2.55,2.55,2.58,2.41,2.53,2.49,2.51,18976,0.48,117, 15426, 81.29
KEI, EQ, 23-Dec-2025,4441.6,4426.7,4462.4,4383.0,4409.8,4409.5,4421.22,201217,8896.24,21566, 111491, 55.41
KELLTONTEC, EQ, 23-Dec-2025,19.34,19.35,19.5,19.01,19.5,19.47,19.37,1623829,314.53,4294, 753789, 46.42
KERNEX, EQ, 23-Dec-2025,1190.9,1199.9,1323.4,1189.0,1259.5,1264.0,1269.74,537847,6829.24,29444, 165679, 30.80
KEYFINSERV, EQ, 23-Dec-2025,318.85,327.0,327.0,315.9,321.0,318.3,319.83,1981,6.34,132, 1525, 76.98
KFINTECH, EQ, 23-Dec-2025,1082.0,1072.0,1112.0,1062.5,1098.5,1101.8,1091.7,2820522,30791.76,72568, 768815, 27.26
KHADIM, EQ, 23-Dec-2025,160.15,160.2,166.75,160.0,165.25,165.31,163.28,42291,69.05,1985, 25030, 59.19
KHAICHEM, EQ, 23-Dec-2025,81.76,81.76,83.66,80.95,81.3,81.35,82.01,109212,89.56,1676, 51226, 46.91
KHAITANLTD, EQ, 23-Dec-2025,100.93,100.43,101.0,97.0,98.05,98.22,98.8,3677,3.63,69, 3328, 90.51
KHANDSE, EQ, 23-Dec-2025,22.0,22.28,22.28,20.91,21.69,21.5,21.48,6782,1.46,67, 3775, 55.66
KICL, EQ, 23-Dec-2025,4961.0,5000.5,5000.5,4905.0,4927.0,4934.0,4931.1,1321,65.14,378, 602, 45.57
KILITCH, EQ, 23-Dec-2025,351.9,351.9,354.3,345.1,349.0,349.55,349.67,4396,15.37,321, 2915, 66.31
KIMS, EQ, 23-Dec-2025,642.35,642.1,644.4,637.7,642.0,640.8,640.48,280050,1793.67,13740, 201556, 71.97
KINGFA, EQ, 23-Dec-2025,4283.6,4283.6,4296.9,4075.1,4289.9,4240.6,4208.03,6464,272.01,1498, 2762, 42.73
KIOCL, EQ, 23-Dec-2025,343.1,345.15,376.9,342.1,363.8,362.05,367.21,927344,3405.33,18936, 158764, 17.12
KIRIINDUS, EQ, 23-Dec-2025,575.95,573.75,597.0,573.75,590.4,588.6,589.2,598330,3525.35,10570, 340417, 56.89
KIRLOSBROS, EQ, 23-Dec-2025,1640.0,1642.6,1650.0,1613.0,1624.3,1620.0,1630.72,31172,508.33,5428, 12685, 40.69
KIRLOSENG, EQ, 23-Dec-2025,1311.9,1309.0,1327.6,1281.1,1300.0,1298.3,1306.29,492681,6435.82,28948, 117810, 23.91
KIRLOSIND, EQ, 23-Dec-2025,3247.2,3250.0,3298.9,3241.0,3272.0,3279.6,3270.86,6548,214.18,696, 5232, 79.90
KIRLPNU, EQ, 23-Dec-2025,1044.1,1042.0,1057.9,1033.8,1036.5,1037.0,1045.69,64165,670.97,10476, 39029, 60.83
KITEX, EQ, 23-Dec-2025,187.65,189.5,189.9,186.85,187.5,187.08,188.07,343648,646.29,5096, 166367, 48.41
KKCL, EQ, 23-Dec-2025,491.7,491.4,492.0,484.0,487.5,484.65,487.62,7977,38.9,636, 4618, 57.89
KMEW, EQ, 23-Dec-2025,1786.2,1765.0,1775.0,1680.0,1775.0,1732.7,1717.8,241766,4153.05,18526, 43949, 18.18
KMSUGAR, EQ, 23-Dec-2025,27.0,27.1,27.6,26.81,27.18,27.14,27.24,62279,16.96,705, 37374, 60.01
KNAGRI, EQ, 23-Dec-2025,196.15,197.0,197.95,188.35,190.0,190.0,190.88,28465,54.34,545, 22188, 77.95
KNRCON, EQ, 23-Dec-2025,157.5,158.1,164.0,156.2,163.0,159.73,158.36,1414847,2240.61,14838, 650239, 45.96
KOHINOOR, EQ, 23-Dec-2025,29.1,29.7,29.7,28.35,28.82,28.63,28.78,43738,12.59,558, 24684, 56.44
KOKUYOCMLN, EQ, 23-Dec-2025,89.15,88.8,93.24,88.8,91.35,91.79,91.24,73952,67.48,1088, 41975, 56.76
KOLTEPATIL, EQ, 23-Dec-2025,392.75,397.0,399.7,393.2,396.45,397.55,396.89,26147,103.78,945, 13605, 52.03
KOPRAN, EQ, 23-Dec-2025,133.04,134.0,156.75,133.29,147.38,152.34,151.36,9592697,14519.88,74494, 722499, 7.53
KOTAKBANK, EQ, 23-Dec-2025,2149.7,2152.5,2170.9,2149.7,2161.3,2162.7,2163.49,1614163,34922.26,69637, 1195002, 74.03
KOTARISUG, EQ, 23-Dec-2025,28.0,27.88,28.85,27.16,28.25,28.22,28.08,23266,6.53,334, 14644, 62.94
KOTHARIPET, EQ, 23-Dec-2025,129.04,129.25,137.0,129.06,136.95,135.5,132.86,65792,87.41,1614, 41883, 63.66
KOTHARIPRO, EQ, 23-Dec-2025,74.47,75.95,77.01,73.2,77.0,76.09,75.47,31342,23.65,443, 23930, 76.35
KPEL, EQ, 23-Dec-2025,349.05,351.7,358.45,345.0,357.8,356.5,351.03,178905,628.01,4482, 90398, 50.53
KPIGREEN, EQ, 23-Dec-2025,420.25,422.0,422.75,415.8,420.55,420.8,419.01,556229,2330.64,11910, 293721, 52.81
KPIL, EQ, 23-Dec-2025,1166.5,1163.8,1184.5,1151.9,1173.6,1172.9,1173.05,95134,1115.97,14290, 51945, 54.60
KPITTECH, EQ, 23-Dec-2025,1229.3,1229.3,1237.3,1217.1,1230.6,1230.2,1229.28,260961,3207.95,15666, 92733, 35.54
KPRMILL, EQ, 23-Dec-2025,963.5,968.7,972.7,951.5,951.5,954.0,957.66,130594,1250.65,11411, 62446, 47.82
KRBL, EQ, 23-Dec-2025,394.75,395.05,403.65,393.4,402.0,402.5,399.79,258946,1035.24,6644, 108993, 42.09
KREBSBIO, EQ, 23-Dec-2025,71.28,71.63,71.63,68.6,70.1,69.83,70.08,801,0.56,36, 590, 73.66
KRIDHANINF, EQ, 23-Dec-2025,4.03,4.05,4.3,4.05,4.05,4.06,4.16,89590,3.73,268, 70828, 79.06
KRISHANA, EQ, 23-Dec-2025,538.75,543.8,547.75,532.55,539.45,539.35,541.15,88466,478.74,3108, 47468, 53.66
KRISHIVAL, EQ, 23-Dec-2025,424.6,426.5,432.95,386.85,395.0,394.7,416.81,15194,63.33,507, 12432, 81.82
KRITI, EQ, 23-Dec-2025,88.92,90.3,90.3,87.06,88.8,88.85,88.8,10173,9.03,1349, 2222, 21.84
KRITIKA, EQ, 23-Dec-2025,7.2,7.23,7.34,7.14,7.2,7.17,7.22,110426,7.98,569, 86542, 78.37
KRITINUT, EQ, 23-Dec-2025,67.09,67.95,69.38,66.51,67.98,67.43,68.06,38831,26.43,1015, 16823, 43.32
KRN, EQ, 23-Dec-2025,738.7,739.95,753.55,736.55,740.85,740.0,742.5,158510,1176.94,11325, 69402, 43.78
KRONOX, EQ, 23-Dec-2025,144.4,144.12,145.85,142.74,143.0,143.4,143.83,31836,45.79,1025, 14537, 45.66
KROSS, EQ, 23-Dec-2025,198.5,197.5,211.07,192.5,203.0,203.3,202.3,1955609,3956.15,38862, 528169, 27.01
KRSNAA, EQ, 23-Dec-2025,726.8,726.8,736.5,726.05,733.0,730.9,730.17,31468,229.77,4856, 15827, 50.30
KRYSTAL, EQ, 23-Dec-2025,516.6,523.95,523.95,515.05,515.3,518.05,519.11,2203,11.44,195, 1285, 58.33
KSB, EQ, 23-Dec-2025,778.6,778.6,788.15,766.25,782.0,781.1,775.04,97157,753.01,8578, 41183, 42.39
KSCL, EQ, 23-Dec-2025,971.8,975.5,994.0,969.7,989.7,990.55,984.71,89821,884.48,7434, 43540, 48.47
KSHINTL, EQ, 23-Dec-2025,384.0,370.0,370.25,350.0,350.85,355.0,358.09,4332284,15513.54,110618, 1751749, 40.43
KSHITIJPOL, EQ, 23-Dec-2025,2.83,2.9,3.0,2.69,2.7,2.8,2.86,370751,10.59,694, 222806, 60.10
KSL, EQ, 23-Dec-2025,738.35,738.55,743.05,729.0,733.0,731.0,736.1,17883,131.64,1245, 11901, 66.55
KSOLVES, EQ, 23-Dec-2025,291.75,294.8,296.45,291.75,292.0,292.45,293.58,17406,51.1,1058, 9331, 53.61
KSR, EQ, 23-Dec-2025,14.93,17.91,17.91,15.11,15.7,15.6,17.04,1162117,198.0,4479, 443398, 38.15
KTKBANK, EQ, 23-Dec-2025,208.35,208.65,208.65,204.82,206.45,206.16,206.18,2484525,5122.49,17456, 1187420, 47.79
KUANTUM, EQ, 23-Dec-2025,92.17,92.18,97.7,90.75,92.35,92.54,93.42,203545,190.15,1751, 81868, 40.22
LAGNAM, EQ, 23-Dec-2025,70.14,70.24,71.78,69.0,70.01,70.01,70.07,3081,2.16,76, 2581, 83.77
LAL, EQ, 23-Dec-2025,9.46,9.5,9.5,9.2,9.27,9.27,9.34,26353,2.46,128, 15381, 58.37
LALPATHLAB, EQ, 23-Dec-2025,1415.3,1398.1,1417.5,1397.8,1409.5,1411.1,1408.78,287712,4053.23,20130, 193557, 67.27
LAMBODHARA, EQ, 23-Dec-2025,123.44,124.5,124.5,121.9,123.3,123.39,123.84,3595,4.45,107, 2694, 74.94
LANDMARK, EQ, 23-Dec-2025,490.3,488.0,491.5,473.05,482.0,483.7,480.1,194133,932.02,13534, 140440, 72.34
LAOPALA, EQ, 23-Dec-2025,204.47,206.4,206.4,203.45,205.4,205.49,205.09,29538,60.58,5096, 18496, 62.62
LASA, EQ, 23-Dec-2025,9.22,9.22,9.33,9.05,9.16,9.16,9.18,15726,1.44,90, 13490, 85.78
LATENTVIEW, EQ, 23-Dec-2025,483.7,483.95,486.5,458.4,467.5,465.75,465.85,1260344,5871.34,27574, 522617, 41.47
LAURUSLABS, EQ, 23-Dec-2025,1064.2,1068.5,1073.1,1055.1,1072.1,1068.4,1065.12,1229233,13092.79,25751, 592062, 48.17
LAXMICOT, EQ, 23-Dec-2025,18.93,18.94,19.3,18.94,19.25,19.24,19.17,1929,0.37,42, 1268, 65.73
LAXMIDENTL, EQ, 23-Dec-2025,264.75,265.9,267.7,264.5,266.0,266.35,265.91,32953,87.62,1478, 16245, 49.30
LAXMIINDIA, EQ, 23-Dec-2025,128.55,129.1,129.11,127.1,127.12,127.53,128.01,118763,152.03,1610, 85879, 72.31
LEMERITE, EQ, 23-Dec-2025,503.45,511.0,511.0,500.45,508.95,507.4,505.17,84569,427.22,970, 66232, 78.32
LEMONTREE, EQ, 23-Dec-2025,163.7,163.7,166.5,162.09,162.4,162.55,163.92,1747123,2863.96,20773, 852977, 48.82
LENSKART, EQ, 23-Dec-2025,467.05,463.0,492.8,453.1,466.6,465.8,475.43,11216224,53325.76,173573, 1614122, 14.39
LEXUS, EQ, 23-Dec-2025,27.22,26.69,27.9,26.0,26.0,26.46,26.93,13536,3.65,122, 4302, 31.78
LFIC, EQ, 23-Dec-2025,172.85,177.5,177.5,173.4,176.5,176.01,175.27,484,0.85,22, 321, 66.32
LGBBROSLTD, EQ, 23-Dec-2025,1851.7,1853.6,1895.4,1843.5,1879.6,1871.6,1873.35,33699,631.3,6861, 12912, 38.32
LGEINDIA, EQ, 23-Dec-2025,1561.1,1570.0,1573.0,1540.0,1546.6,1546.6,1557.82,481940,7507.74,32465, 291480, 60.48
LGHL, EQ, 23-Dec-2025,287.8,280.05,293.95,280.05,287.5,289.25,290.85,110154,320.38,1365, 8986, 8.16
LIBAS, EQ, 23-Dec-2025,10.76,10.79,11.25,10.72,11.02,11.0,10.88,8028,0.87,118, 6604, 82.26
LIBERTSHOE, EQ, 23-Dec-2025,277.75,282.05,285.0,276.6,280.0,279.85,279.36,9995,27.92,538, 6490, 64.93
LICHSGFIN, EQ, 23-Dec-2025,533.9,535.4,537.8,532.1,534.25,533.85,535.0,556706,2978.38,13809, 248837, 44.70
LICI, EQ, 23-Dec-2025,857.35,857.4,859.4,854.0,855.2,855.4,855.9,1143547,9787.6,38895, 767159, 67.09
LICMFGOLD, EQ, 23-Dec-2025,12141.15,12233.05,12666.4,12233.0,12450.0,12399.65,12386.14,4769,590.7,697, 3270, 68.57
LICNETFGSC, EQ, 23-Dec-2025,28.61,28.75,28.75,28.52,28.57,28.55,28.57,191637,54.76,224, 175363, 91.51
LICNETFN50, EQ, 23-Dec-2025,290.56,290.59,291.21,290.59,291.09,291.09,291.07,550,1.6,27, 548, 99.64
LICNETFSEN, EQ, 23-Dec-2025,956.25,956.25,962.99,956.14,956.14,956.14,957.88,44,0.42,7, 27, 61.36
LICNFNHGP, EQ, 23-Dec-2025,290.44,290.15,292.26,290.08,290.08,290.59,291.2,723,2.11,28, 522, 72.20
LICNMID100, EQ, 23-Dec-2025,60.83,61.13,61.13,60.64,60.87,60.87,60.94,4370,2.66,95, 2512, 57.48
LIKHITHA, EQ, 23-Dec-2025,184.84,184.7,189.5,183.2,188.4,188.59,187.71,42517,79.81,1421, 26574, 62.50
LINC, EQ, 23-Dec-2025,111.59,113.05,115.69,112.42,114.9,114.56,114.26,10950,12.51,353, 5976, 54.58
LINCOLN, EQ, 23-Dec-2025,487.35,486.0,494.5,486.0,491.5,489.7,490.48,8332,40.87,770, 5309, 63.72
LINDEINDIA, EQ, 23-Dec-2025,5914.0,5920.0,5953.0,5866.5,5867.0,5883.0,5903.89,13206,779.67,3436, 7246, 54.87
LIQGRWBEES, EQ, 23-Dec-2025,1020.92,1021.04,1021.06,1021.04,1021.04,1021.04,1021.05,9945,101.54,48, 8061, 81.06
LIQUID, EQ, 23-Dec-2025,999.99,997.15,1000.0,997.15,999.99,999.99,999.99,121613,1216.12,147, 32671, 26.86
LIQUID1, EQ, 23-Dec-2025,1083.4,1084.45,1084.45,1083.5,1083.57,1083.55,1083.56,235089,2547.32,417, 117727, 50.08
LIQUIDADD, EQ, 23-Dec-2025,1105.56,1105.7,1105.72,1105.7,1105.72,1105.7,1105.71,456530,5047.9,232, 307312, 67.31
LIQUIDBEES, EQ, 23-Dec-2025,1000.0,1000.0,1000.01,999.99,1000.01,1000.0,1000.0,2351254,23512.59,5295, 1886689, 80.24
LIQUIDBETF, EQ, 23-Dec-2025,1061.79,1061.95,1061.95,1061.93,1061.95,1061.94,1061.94,212860,2260.45,271, 139176, 65.38
LIQUIDCASE, EQ, 23-Dec-2025,111.94,111.97,111.97,111.95,111.96,111.96,111.96,12273012,13740.89,17602, 7693210, 62.68
LIQUIDETF, EQ, 23-Dec-2025,999.99,1000.0,1000.01,999.99,1000.0,999.99,1000.0,35936,359.36,133, 28972, 80.62
LIQUIDIETF, EQ, 23-Dec-2025,999.99,999.99,1000.01,999.99,999.99,999.99,1000.0,257285,2572.85,171, 236115, 91.77
LIQUIDPLUS, EQ, 23-Dec-2025,1064.93,1065.08,1065.1,1065.08,1065.1,1065.08,1065.09,60525,644.64,58, 44887, 74.16
LIQUIDSBI, EQ, 23-Dec-2025,999.99,1000.0,1000.01,999.99,1000.01,1000.0,1000.0,9878,98.78,33, 6825, 69.09
LIQUIDSHRI, EQ, 23-Dec-2025,1084.58,1084.73,1084.75,1084.73,1084.73,1084.74,1084.74,11053,119.9,30, 5809, 52.56
LLOYDSENGG, EQ, 23-Dec-2025,57.86,58.3,59.24,57.55,58.49,58.62,58.48,5045940,2950.72,19382, 1376803, 27.29
LLOYDSENT, EQ, 23-Dec-2025,73.25,74.2,74.64,68.33,69.4,69.47,71.19,5601785,3988.02,27067, 1998630, 35.68
LLOYDSME, EQ, 23-Dec-2025,1352.5,1356.9,1392.0,1345.0,1387.0,1389.2,1381.05,664616,9178.7,22867, 289763, 43.60
LMW, EQ, 23-Dec-2025,14943.0,14990.0,15098.0,14840.0,15040.0,15002.0,14971.79,3159,472.96,742, 2312, 73.19
LODHA, EQ, 23-Dec-2025,1095.5,1093.0,1093.9,1080.1,1083.0,1082.8,1085.63,403609,4381.68,18426, 205890, 51.01
LOKESHMACH, EQ, 23-Dec-2025,166.01,169.9,169.9,164.0,168.0,168.0,167.33,47176,78.94,2839, 22925, 48.59
LORDSCHLO, EQ, 23-Dec-2025,174.15,174.5,178.0,172.3,175.27,175.44,174.33,10941,19.07,470, 6654, 60.82
LOTUSDEV, EQ, 23-Dec-2025,155.01,154.17,157.1,153.02,156.05,156.18,155.74,399636,622.4,5194, 214983, 53.79
LOTUSEYE, EQ, 23-Dec-2025,124.73,125.0,127.5,125.0,127.06,126.64,126.89,9240,11.72,294, 4560, 49.35
LOVABLE, EQ, 23-Dec-2025,81.13,82.75,82.75,80.12,81.74,81.9,81.88,6899,5.65,341, 3218, 46.64
LOWVOL, EQ, 23-Dec-2025,216.38,214.21,216.93,214.21,216.63,216.63,216.56,322,0.7,14, 255, 79.19
LOWVOL1, EQ, 23-Dec-2025,22.1,22.13,22.14,21.99,22.14,22.06,22.03,473782,104.39,216, 436059, 92.04
LOWVOLIETF, EQ, 23-Dec-2025,23.24,23.38,23.38,23.15,23.2,23.21,23.19,3591152,832.91,1002, 3396459, 94.58
LOYALTEX, EQ, 23-Dec-2025,212.72,212.72,213.0,210.0,210.65,211.79,211.79,516,1.09,21, 415, 80.43
LPDC, EQ, 23-Dec-2025,7.1,7.13,7.19,6.76,7.0,7.0,7.04,16724,1.18,136, 13513, 80.80
LT, EQ, 23-Dec-2025,4072.4,4089.0,4095.0,4053.3,4070.0,4058.8,4071.48,1867147,76020.47,148137, 954800, 51.14
LTF, EQ, 23-Dec-2025,303.35,304.75,307.35,301.7,303.75,303.5,303.97,3550546,10792.7,42260, 1319935, 37.18
LTFOODS, EQ, 23-Dec-2025,404.3,406.55,409.5,402.0,405.3,405.25,405.07,381598,1545.72,17771, 166473, 43.63
LTGILTBEES, EQ, 23-Dec-2025,29.03,29.04,29.04,28.93,28.99,28.98,28.99,1797382,521.08,1404, 1407058, 78.28
LTGILTCASE, EQ, 23-Dec-2025,29.57,30.46,30.46,29.43,29.55,29.55,29.55,116766,34.51,368, 111396, 95.40
LTIM, EQ, 23-Dec-2025,6191.5,6197.0,6217.0,6126.0,6209.0,6202.5,6179.74,160279,9904.82,22498, 69702, 43.49
LTTS, EQ, 23-Dec-2025,4630.2,4664.0,4707.9,4591.1,4700.0,4696.2,4673.42,62317,2912.34,9960, 39781, 63.84
LUMAXIND, EQ, 23-Dec-2025,5726.5,5740.5,5760.0,5624.0,5700.0,5655.0,5679.65,7449,423.08,2875, 2595, 34.84
LUMAXTECH, EQ, 23-Dec-2025,1584.8,1580.1,1620.0,1560.0,1572.0,1574.7,1588.85,212730,3379.95,19294, 68145, 32.03
LUPIN, EQ, 23-Dec-2025,2126.3,2131.8,2131.8,2103.5,2108.5,2113.5,2115.44,212827,4502.23,15464, 113951, 53.54
LUXIND, EQ, 23-Dec-2025,1127.0,1132.0,1146.0,1120.0,1141.0,1139.7,1135.85,23476,266.65,2698, 9496, 40.45
LXCHEM, EQ, 23-Dec-2025,172.03,172.19,177.94,172.19,174.2,173.99,174.61,445940,778.65,6602, 164217, 36.82
LYKALABS, EQ, 23-Dec-2025,76.92,78.0,78.01,75.56,76.36,76.43,76.67,18272,14.01,432, 13009, 71.20
LYPSAGEMS, EQ, 23-Dec-2025,4.69,4.72,4.85,4.6,4.84,4.84,4.76,21504,1.02,193, 18218, 84.72
M&M, EQ, 23-Dec-2025,3616.7,3619.2,3637.5,3605.0,3622.0,3625.1,3621.54,1413628,51195.09,95084, 752026, 53.20
M&MFIN, EQ, 23-Dec-2025,394.3,396.0,412.2,377.0,384.85,386.2,391.65,10152055,39760.04,175956, 3493054, 34.41
MACPOWER, EQ, 23-Dec-2025,1021.6,1024.6,1045.0,1000.0,1024.0,1025.35,1029.0,13904,143.07,1508, 7711, 55.46
MADHAV, EQ, 23-Dec-2025,41.43,42.9,42.9,40.72,41.25,41.32,41.62,5729,2.38,69, 4615, 80.56
MADHUCON, EQ, 23-Dec-2025,6.36,6.47,6.47,6.15,6.16,6.25,6.28,9791,0.61,62, 5410, 55.25
MADRASFERT, EQ, 23-Dec-2025,76.38,76.19,79.39,75.62,79.0,78.74,78.32,215461,168.74,2723, 78636, 36.50
MAFANG, EQ, 23-Dec-2025,166.86,168.98,168.98,168.98,168.98,168.98,168.98,434533,734.27,956, 426533, 98.16
MAGADSUGAR, EQ, 23-Dec-2025,506.85,512.5,516.25,507.8,516.25,515.0,512.85,5337,27.37,319, 3745, 70.17
MAGNUM, EQ, 23-Dec-2025,22.78,23.08,23.1,22.36,22.92,22.77,22.7,26804,6.09,249, 22883, 85.37
MAHABANK, EQ, 23-Dec-2025,57.67,57.8,58.1,57.52,57.74,57.7,57.82,7354932,4252.47,54621, 3901434, 53.05
MAHAPEXLTD, EQ, 23-Dec-2025,106.7,106.0,112.9,106.0,112.9,108.98,108.27,12622,13.67,231, 7995, 63.34
MAHEPC, EQ, 23-Dec-2025,125.68,126.75,126.75,124.01,125.25,125.36,125.35,15297,19.18,577, 8723, 57.02
MAHESHWARI, EQ, 23-Dec-2025,48.68,49.44,49.8,48.26,49.4,48.8,49.17,1333,0.66,39, 1083, 81.25
MAHKTECH, EQ, 23-Dec-2025,25.24,25.28,25.28,25.28,25.28,25.28,25.28,211758,53.53,405, 211758, 100.00
MAHLIFE, EQ, 23-Dec-2025,403.7,402.0,404.0,396.2,399.7,398.8,401.02,160012,641.68,6024, 114870, 71.79
MAHLOG, EQ, 23-Dec-2025,322.45,322.45,332.0,321.55,329.4,330.8,329.07,98681,324.73,3858, 68292, 69.20
MAHSCOOTER, EQ, 23-Dec-2025,14234.0,14240.0,14247.0,14109.0,14149.0,14182.0,14163.9,2158,305.66,811, 1401, 64.92
MAHSEAMLES, EQ, 23-Dec-2025,550.1,551.0,559.0,550.4,557.1,557.7,556.79,95171,529.91,7630, 58771, 61.75
MAITHANALL, EQ, 23-Dec-2025,955.0,955.1,971.25,955.1,955.1,960.8,964.64,24692,238.19,2187, 15368, 62.24
MAKEINDIA, EQ, 23-Dec-2025,155.78,157.49,157.49,155.1,155.55,155.29,155.41,41305,64.19,237, 36910, 89.36
MALLCOM, EQ, 23-Dec-2025,1182.5,1206.2,1206.7,1170.1,1197.9,1181.1,1187.97,1422,16.89,291, 830, 58.37
MALUPAPER, EQ, 23-Dec-2025,35.28,35.57,35.8,35.15,35.58,35.44,35.51,10820,3.84,141, 6610, 61.09
MAMATA, EQ, 23-Dec-2025,423.7,425.5,426.6,419.8,420.7,420.35,422.95,58552,247.65,2136, 22489, 38.41
MANAKCOAT, EQ, 23-Dec-2025,131.91,131.5,134.37,130.0,131.0,130.89,131.67,73115,96.27,2636, 32236, 44.09
MANAKSIA, EQ, 23-Dec-2025,62.99,63.3,66.0,62.38,63.09,63.09,64.32,102097,65.67,1559, 41621, 40.77
MANAKSTEEL, EQ, 23-Dec-2025,70.71,71.89,77.78,69.87,75.3,75.51,75.81,568232,430.78,3271, 308250, 54.25
MANALIPETC, EQ, 23-Dec-2025,61.22,61.25,61.84,60.84,61.2,61.03,61.15,111395,68.12,2437, 72213, 64.83
MANAPPURAM, EQ, 23-Dec-2025,294.1,296.45,296.45,292.7,295.35,294.8,294.38,1697212,4996.31,27684, 823300, 48.51
MANBA, EQ, 23-Dec-2025,140.07,141.9,141.99,138.63,140.3,140.93,139.95,52040,72.83,615, 21208, 40.75
MANCREDIT, EQ, 23-Dec-2025,169.82,172.5,172.8,168.1,168.52,169.18,170.47,42886,73.11,1452, 18434, 42.98
MANGALAM, EQ, 23-Dec-2025,24.09,24.59,24.67,23.82,23.99,24.0,24.06,119425,28.74,803, 97401, 81.56
MANGLMCEM, EQ, 23-Dec-2025,776.4,785.5,785.5,768.0,780.0,780.25,775.47,67814,525.88,5095, 51261, 75.59
MANINDS, EQ, 23-Dec-2025,400.6,402.0,416.35,399.6,402.0,400.9,406.66,414607,1686.03,12421, 120428, 29.05
MANINFRA, EQ, 23-Dec-2025,129.93,129.53,132.03,128.65,129.25,130.29,130.61,272675,356.13,4476, 123666, 45.35
MANKIND, EQ, 23-Dec-2025,2186.3,2186.4,2240.0,2186.4,2230.0,2229.6,2224.21,497596,11067.59,34477, 227903, 45.80
MANORAMA, EQ, 23-Dec-2025,1355.2,1351.0,1373.4,1332.0,1341.9,1343.0,1353.79,52751,714.14,5630, 25686, 48.69
MANORG, EQ, 23-Dec-2025,490.45,489.5,498.3,488.05,490.1,494.2,492.16,1772,8.72,108, 1490, 84.09
MANUFGBEES, EQ, 23-Dec-2025,153.31,153.5,153.89,153.0,153.1,153.1,153.4,1186,1.82,48, 965, 81.37
MANUGRAPH, EQ, 23-Dec-2025,16.0,15.86,16.48,15.8,15.9,15.89,15.93,16329,2.6,53, 13646, 83.57
MANYAVAR, EQ, 23-Dec-2025,590.9,593.5,593.5,579.6,579.8,580.65,583.31,131608,767.69,12714, 77923, 59.21
MAPMYINDIA, EQ, 23-Dec-2025,1716.3,1723.9,1739.0,1695.0,1717.7,1730.7,1724.46,32480,560.11,6680, 17489, 53.85
MARALOVER, EQ, 23-Dec-2025,44.51,44.02,45.8,44.02,45.0,44.83,44.7,8050,3.6,118, 4561, 56.66
MARATHON, EQ, 23-Dec-2025,522.7,525.5,527.7,507.0,527.45,519.3,517.2,123994,641.3,7432, 73337, 59.15
MARICO, EQ, 23-Dec-2025,739.25,739.7,739.95,727.7,735.6,737.35,733.84,1215107,8916.91,56319, 740513, 60.94
MARINE, EQ, 23-Dec-2025,216.23,216.75,220.0,212.18,213.05,213.31,215.63,374031,806.54,6630, 112426, 30.06
MARKOLINES, EQ, 23-Dec-2025,167.21,167.33,168.75,164.2,165.16,165.39,166.63,131383,218.92,1634, 40283, 30.66
MARKSANS, EQ, 23-Dec-2025,187.38,187.0,187.01,181.72,183.44,182.79,183.8,629249,1156.56,11508, 300660, 47.78
MARUTI, EQ, 23-Dec-2025,16649.0,16709.0,16720.0,16558.0,16561.0,16585.0,16607.0,215650,35813.0,35212, 147589, 68.44
MASFIN, EQ, 23-Dec-2025,315.95,319.0,324.0,316.0,323.0,323.0,320.68,133236,427.26,10599, 82227, 61.72
MASPTOP50, EQ, 23-Dec-2025,70.86,71.67,71.67,71.35,71.66,71.6,71.63,316156,226.48,2763, 288994, 91.41
MASTEK, EQ, 23-Dec-2025,2194.5,2185.0,2189.0,2160.3,2170.0,2167.7,2173.18,20499,445.48,4834, 12672, 61.82
MASTERTR, EQ, 23-Dec-2025,118.35,118.7,119.0,116.71,117.61,118.6,118.13,272474,321.86,3969, 100427, 36.86
MATRIMONY, EQ, 23-Dec-2025,524.55,525.0,534.65,523.65,532.25,531.45,529.83,61326,324.92,2660, 36253, 59.12
MAWANASUG, EQ, 23-Dec-2025,84.21,85.0,85.94,83.31,84.31,85.34,84.88,39331,33.39,694, 22358, 56.85
MAXESTATES, EQ, 23-Dec-2025,453.05,453.05,464.95,449.65,457.0,458.95,459.32,82528,379.06,5311, 44990, 54.51
MAXHEALTH, EQ, 23-Dec-2025,1077.6,1081.8,1081.8,1065.2,1075.0,1075.2,1074.65,1304615,14020.06,40785, 760244, 58.27
MAXIND, EQ, 23-Dec-2025,187.0,189.9,189.9,184.85,186.0,186.93,186.43,70601,131.62,1070, 48389, 68.54
MAYURUNIQ, EQ, 23-Dec-2025,497.55,496.0,498.0,490.2,498.0,496.15,494.48,11823,58.46,1356, 7620, 64.45
MAZDA, EQ, 23-Dec-2025,220.94,221.0,222.33,216.57,218.0,218.08,218.8,23459,51.33,1256, 17122, 72.99
MAZDOCK, EQ, 23-Dec-2025,2544.8,2550.0,2572.0,2506.3,2509.0,2513.2,2535.91,1121382,28437.18,51699, 302052, 26.94
MBAPL, EQ, 23-Dec-2025,408.25,407.25,411.65,405.55,410.9,409.95,409.1,42354,173.27,1207, 14534, 34.32
MBEL, EQ, 23-Dec-2025,379.0,379.3,379.3,365.0,368.3,368.75,372.8,134261,500.53,11418, 73761, 54.94
MBLINFRA, EQ, 23-Dec-2025,32.25,31.02,33.35,31.02,32.48,32.82,32.65,85343,27.87,896, 60795, 71.24
MCL, EQ, 23-Dec-2025,49.17,49.41,51.69,48.25,49.1,49.07,50.17,344400,172.79,2654, 134972, 39.19
MCLOUD, EQ, 23-Dec-2025,26.71,26.75,26.82,26.1,26.26,26.24,26.28,2652000,697.08,7697, 1458126, 54.98
MCX, EQ, 23-Dec-2025,10821.0,10859.0,10928.0,10737.0,10812.0,10828.0,10836.7,499546,54134.32,46763, 158131, 31.65
MEDANTA, EQ, 23-Dec-2025,1168.2,1171.7,1190.4,1162.6,1185.0,1188.0,1183.52,95346,1128.44,12483, 48333, 50.69
MEDIASSIST, EQ, 23-Dec-2025,450.5,454.7,454.7,447.05,451.0,452.25,451.45,90620,409.11,7230, 47392, 52.30
MEDICAMEQ, EQ, 23-Dec-2025,391.4,393.45,393.45,382.2,389.7,387.75,387.79,16383,63.53,675, 8846, 53.99
MEDICO, EQ, 23-Dec-2025,48.99,48.55,53.88,48.55,53.88,53.88,52.91,661281,349.86,1957, 470285, 71.12
MEDPLUS, EQ, 23-Dec-2025,825.25,824.85,824.9,803.0,809.0,814.75,812.55,55290,449.26,7472, 26565, 48.05
MEESHO, EQ, 23-Dec-2025,201.68,190.57,197.99,181.52,187.25,187.83,189.2,101424754,191899.44,529008, 10866689, 10.71
MEIL, EQ, 23-Dec-2025,374.85,375.0,378.4,373.2,375.2,375.65,375.93,24254,91.18,1614, 12243, 50.48
MENONBE, EQ, 23-Dec-2025,103.54,103.01,106.6,103.01,105.68,105.53,105.46,20779,21.91,275, 16522, 79.51
METAL, EQ, 23-Dec-2025,10.72,10.92,10.92,10.72,10.76,10.77,10.79,1482870,159.93,2550, 1278799, 86.24
METALIETF, EQ, 23-Dec-2025,10.71,10.71,10.97,10.71,10.78,10.77,10.78,17192381,1852.86,6111, 10419540, 60.61
METROBRAND, EQ, 23-Dec-2025,1158.2,1161.9,1185.0,1147.0,1171.6,1171.4,1169.18,34071,398.35,8617, 13366, 39.23
METROPOLIS, EQ, 23-Dec-2025,1886.6,1880.0,1918.1,1879.0,1894.9,1906.0,1901.38,21556,409.86,2745, 13514, 62.69
MFML, EQ, 23-Dec-2025,26.2,26.0,26.89,26.0,26.54,26.54,26.35,3630,0.96,54, 3589, 98.87
MFSL, EQ, 23-Dec-2025,1692.7,1692.8,1701.9,1677.3,1683.4,1697.6,1690.55,242565,4100.67,24309, 137945, 56.87
MGEL, EQ, 23-Dec-2025,14.38,14.65,14.72,14.2,14.45,14.3,14.49,322632,46.75,801, 244939, 75.92
MGL, EQ, 23-Dec-2025,1160.7,1169.8,1169.8,1136.2,1144.1,1145.2,1146.13,183886,2107.57,15423, 84237, 45.81
MHLXMIRU, EQ, 23-Dec-2025,213.46,217.01,218.03,209.22,212.0,210.66,210.88,20733,43.72,471, 17092, 82.44
MHRIL, EQ, 23-Dec-2025,310.85,311.0,319.95,309.25,315.9,314.7,315.08,136239,429.26,7111, 66943, 49.14
MICEL, EQ, 23-Dec-2025,44.69,44.55,45.19,44.0,44.92,44.75,44.74,739730,330.94,4476, 249969, 33.79
MID150, EQ, 23-Dec-2025,22.63,22.66,22.7,22.51,22.68,22.61,22.62,129112,29.2,367, 29115, 22.55
MID150BEES, EQ, 23-Dec-2025,230.47,231.4,231.4,229.5,230.55,230.52,230.18,479907,1104.64,5684, 275524, 57.41
MID150CASE, EQ, 23-Dec-2025,11.14,11.47,11.47,11.12,11.19,11.16,11.15,1311498,146.24,3956, 747383, 56.99
MIDCAP, EQ, 23-Dec-2025,176.91,177.45,177.57,176.31,177.31,177.2,177.04,31958,56.58,457, 16401, 51.32
MIDCAPADD, EQ, 23-Dec-2025,22.33,22.34,22.41,22.32,22.41,22.4,22.34,2188,0.49,14, 1715, 78.38
MIDCAPETF, EQ, 23-Dec-2025,22.78,23.1,23.1,22.53,22.76,22.74,22.74,1705957,387.89,7016, 1167704, 68.45
MIDCAPIETF, EQ, 23-Dec-2025,23.02,23.59,23.59,22.93,23.08,23.07,23.05,832206,191.81,2125, 488845, 58.74
MIDHANI, EQ, 23-Dec-2025,308.9,311.4,324.4,308.4,312.4,312.8,316.39,1043145,3300.36,29690, 297987, 28.57
MIDQ50ADD, EQ, 23-Dec-2025,249.88,249.77,249.84,248.75,249.45,249.45,249.34,5693,14.2,145, 5453, 95.78
MIDSELIETF, EQ, 23-Dec-2025,18.71,18.45,18.83,18.32,18.69,18.69,18.64,114172,21.28,849, 75242, 65.90
MIDSMALL, EQ, 23-Dec-2025,48.7,48.77,48.78,48.4,48.6,48.56,48.57,280516,136.24,1012, 201172, 71.71
MIDWESTLTD, EQ, 23-Dec-2025,1486.6,1500.0,1627.4,1497.0,1592.0,1598.9,1578.23,421139,6646.55,29620, 80164, 19.04
MINDACORP, EQ, 23-Dec-2025,605.25,609.0,609.0,595.25,596.0,597.25,599.86,96634,579.67,5754, 47917, 49.59
MINDTECK, EQ, 23-Dec-2025,205.21,206.69,209.69,204.03,207.2,205.71,205.96,19240,39.63,1097, 10124, 52.62
MIRCELECTR, EQ, 23-Dec-2025,25.55,25.2,25.99,25.2,25.3,25.5,25.63,199523,51.13,961, 126796, 63.55
MIRZAINT, EQ, 23-Dec-2025,38.83,38.65,38.93,38.3,38.31,38.48,38.46,161209,62.01,1788, 94783, 58.80
MITCON, EQ, 23-Dec-2025,69.03,69.0,70.5,68.0,69.0,68.35,68.75,4438,3.05,41, 3969, 89.43
MITTAL, EQ, 23-Dec-2025,1.24,1.25,1.26,1.23,1.24,1.24,1.25,538463,6.72,439, 368640, 68.46
MKPL, EQ, 23-Dec-2025,6.08,6.09,6.12,6.0,6.03,6.02,6.04,177825,10.74,830, 111976, 62.97
MMFL, EQ, 23-Dec-2025,364.2,364.2,375.0,360.9,364.3,371.4,367.74,59256,217.91,3420, 26952, 45.48
MMP, EQ, 23-Dec-2025,249.0,250.9,256.5,250.0,256.5,255.8,253.8,3549,9.01,292, 2324, 65.48
MMTC, EQ, 23-Dec-2025,56.48,56.76,58.98,56.44,57.21,57.22,57.79,3436377,1985.82,20626, 878047, 25.55
MNC, EQ, 23-Dec-2025,31.13,31.13,31.16,30.99,31.0,31.02,31.05,49161,15.26,262, 42934, 87.33
MOALPHA50, EQ, 23-Dec-2025,50.94,50.94,51.09,50.8,51.09,51.07,50.92,863,0.44,17, 863, 100.00
MOBIKWIK, EQ, 23-Dec-2025,237.08,239.0,239.39,234.0,234.74,234.69,236.39,548477,1296.53,8745, 237005, 43.21
MOCAPITAL, EQ, 23-Dec-2025,47.54,47.64,47.64,47.28,47.5,47.48,47.42,416461,197.51,1610, 360472, 86.56
MODEFENCE, EQ, 23-Dec-2025,85.02,85.98,85.99,84.76,85.18,85.22,85.31,3435035,2930.49,6851, 2110152, 61.43
MODINATUR, EQ, 23-Dec-2025,369.4,371.2,408.9,360.2,383.3,371.1,390.45,5427,21.19,284, 4140, 76.29
MODIRUBBER, EQ, 23-Dec-2025,106.01,105.2,127.21,105.2,127.21,126.9,125.01,139426,174.29,1982, 40764, 29.24
MODIS, EQ, 23-Dec-2025,342.05,352.1,352.1,340.2,340.55,343.6,345.64,4213,14.56,262, 1242, 29.48
MODISONLTD, EQ, 23-Dec-2025,136.93,139.8,139.8,136.0,138.25,137.81,137.5,27870,38.32,1009, 15765, 56.57
MODTHREAD, EQ, 23-Dec-2025,43.24,43.5,44.86,43.0,43.0,43.34,43.15,241,0.1,27, 190, 78.84
MOENERGY, EQ, 23-Dec-2025,35.16,35.2,35.5,35.07,35.35,35.31,35.39,395795,140.06,203, 390690, 98.71
MOGOLD, EQ, 23-Dec-2025,133.15,133.85,136.0,133.65,135.25,134.9,135.37,2093568,2834.0,1136, 1930411, 92.21
MOGSEC, EQ, 23-Dec-2025,62.68,62.66,62.67,62.41,62.52,62.62,62.64,3877,2.43,42, 3846, 99.20
MOHEALTH, EQ, 23-Dec-2025,44.84,44.84,44.96,44.57,44.83,44.79,44.74,40478,18.11,560, 31442, 77.68
MOHITIND, EQ, 23-Dec-2025,28.28,28.46,29.15,28.39,28.85,28.63,28.72,7999,2.3,145, 6770, 84.64
MOIL, EQ, 23-Dec-2025,329.55,330.3,348.0,328.75,340.25,340.95,341.69,1774105,6061.95,35824, 591603, 33.35
MOINFRA, EQ, 23-Dec-2025,59.27,59.34,59.65,59.05,59.44,59.44,59.37,1483,0.88,28, 823, 55.50
MOIPO, EQ, 23-Dec-2025,46.76,46.76,46.78,46.38,46.78,46.78,46.62,2882,1.34,21, 2857, 99.13
MOKSH, EQ, 23-Dec-2025,15.43,15.43,15.48,15.0,15.28,15.12,15.22,142564,21.7,321, 90135, 63.22
MOL, EQ, 23-Dec-2025,64.94,64.94,65.98,64.28,65.2,65.13,65.07,487271,317.06,5149, 216576, 44.45
MOLDTECH, EQ, 23-Dec-2025,156.49,155.5,160.21,155.5,159.39,157.96,158.07,29575,46.75,1086, 15760, 53.29
MOLDTKPAC, EQ, 23-Dec-2025,588.7,595.0,599.95,588.85,598.0,596.15,593.36,109894,652.06,5898, 80118, 72.90
MOLOWVOL, EQ, 23-Dec-2025,38.9,39.09,39.09,38.9,38.91,38.91,38.94,1083,0.42,27, 1083, 100.00
MOM100, EQ, 23-Dec-2025,65.5,65.5,65.6,65.22,65.5,65.49,65.54,3330184,2182.66,3487, 3221566, 96.74
MOM30IETF, EQ, 23-Dec-2025,32.02,32.18,32.18,31.96,32.05,32.08,32.08,716794,229.93,1388, 608769, 84.93
MOM50, EQ, 23-Dec-2025,271.44,271.47,272.43,271.02,271.89,271.36,271.61,3217,8.74,124, 2222, 69.07
MOMENTUM, EQ, 23-Dec-2025,31.9,31.59,32.46,31.59,31.9,31.87,31.92,40683,12.99,226, 26202, 64.41
MOMENTUM30, EQ, 23-Dec-2025,31.4,31.42,31.59,31.42,31.55,31.56,31.49,11881,3.74,39, 7043, 59.28
MOMENTUM50, EQ, 23-Dec-2025,53.1,53.1,53.38,52.97,53.15,53.11,53.22,226028,120.28,1150, 139685, 61.80
MOMGF, EQ, 23-Dec-2025,152.39,152.5,152.75,150.53,150.53,150.55,150.95,2514,3.79,19, 1521, 60.50
MOMIDMTM, EQ, 23-Dec-2025,63.99,65.37,65.37,63.45,63.93,63.92,63.82,33156,21.16,209, 30454, 91.85
MOMNC, EQ, 23-Dec-2025,30.2,30.23,30.23,30.23,30.23,30.23,30.23,195,0.06,5, 195, 100.00
MOMOMENTUM, EQ, 23-Dec-2025,63.82,63.51,64.15,63.51,64.15,64.01,63.89,41647,26.61,339, 29396, 70.58
MON100, EQ, 23-Dec-2025,234.82,236.79,236.84,233.58,234.7,234.4,234.73,551076,1293.54,11751, 311670, 56.56
MON50EQUAL, EQ, 23-Dec-2025,33.38,33.41,33.57,33.38,33.57,33.57,33.48,16674,5.58,30, 16674, 100.00
MONARCH, EQ, 23-Dec-2025,305.05,305.5,311.95,303.0,308.25,309.15,307.96,89750,276.39,2072, 48062, 53.55
MONEXT50, EQ, 23-Dec-2025,68.38,68.72,68.81,68.11,68.11,68.47,68.54,1511,1.04,46, 1503, 99.47
MONEYBOXX, EQ, 23-Dec-2025,61.09,61.75,64.5,59.83,64.0,63.69,62.33,97440,60.74,3043, 31137, 31.96
MONIFTY100, EQ, 23-Dec-2025,26.75,26.83,26.84,26.75,26.84,26.84,26.8,1671,0.45,21, 1618, 96.83
MONIFTY500, EQ, 23-Dec-2025,24.3,24.39,24.41,24.26,24.35,24.34,24.34,224667,54.68,942, 184928, 82.31
MONQ50, EQ, 23-Dec-2025,99.59,99.88,100.62,98.11,98.7,98.71,98.97,176566,174.75,2419, 115717, 65.54
MONTECARLO, EQ, 23-Dec-2025,727.95,726.15,730.0,723.0,725.0,724.85,727.22,22526,163.81,1029, 16004, 71.05
MOPSE, EQ, 23-Dec-2025,97.51,97.64,98.95,97.64,98.14,98.15,98.13,2145,2.1,17, 2142, 99.86
MOQUALITY, EQ, 23-Dec-2025,199.81,200.8,200.99,200.0,200.32,200.39,200.42,3068,6.15,36, 3038, 99.02
MOREALTY, EQ, 23-Dec-2025,88.58,88.74,88.92,88.1,88.62,88.48,88.51,389959,345.16,1910, 273316, 70.09
MOREPENLAB, EQ, 23-Dec-2025,41.2,41.3,42.7,41.0,42.26,42.27,42.11,2108299,887.86,11488, 797482, 37.83
MOSCHIP, EQ, 23-Dec-2025,209.91,209.91,213.9,206.61,210.49,210.59,210.5,1294125,2724.19,19718, 370067, 28.60
MOSERVICE, EQ, 23-Dec-2025,34.03,34.03,34.05,33.95,34.02,34.02,34.01,25,0.01,10, 19, 76.00
MOSILVER, EQ, 23-Dec-2025,206.26,207.99,235.0,203.22,208.75,211.17,209.36,888102,1859.36,1671, 779740, 87.80
MOSMALL250, EQ, 23-Dec-2025,16.65,16.82,16.82,16.58,16.72,16.69,16.71,1507913,251.92,2204, 1247658, 82.74
MOTHERSON, EQ, 23-Dec-2025,121.11,122.8,122.8,119.53,120.27,120.24,120.47,9958172,11996.45,49131, 2995548, 30.08
MOTILALOFS, EQ, 23-Dec-2025,888.15,889.95,892.0,874.8,879.55,881.05,880.93,504666,4445.74,27609, 249185, 49.38
MOTISONS, EQ, 23-Dec-2025,15.48,15.52,16.21,15.45,15.54,15.5,15.67,2217730,347.6,5287, 667606, 30.10
MOTOGENFIN, EQ, 23-Dec-2025,23.09,23.1,23.8,22.9,23.14,23.0,23.05,25499,5.88,150, 19527, 76.58
MOTOUR, EQ, 23-Dec-2025,85.68,86.0,86.13,85.04,86.13,86.1,85.69,5199,4.45,139, 4648, 89.40
MOVALUE, EQ, 23-Dec-2025,114.03,114.61,114.87,114.03,114.45,114.5,114.47,33948,38.86,482, 24795, 73.04
MPHASIS, EQ, 23-Dec-2025,2887.0,2891.8,2945.0,2863.3,2934.0,2938.4,2922.51,453003,13239.05,28840, 211083, 46.60
MPSLTD, EQ, 23-Dec-2025,1985.2,1995.0,2052.6,1990.0,2010.0,2009.0,2014.17,19944,401.71,3400, 10056, 50.42
MRF, EQ, 23-Dec-2025,153900.0,154880.0,154880.0,153025.0,153300.0,153360.0,153594.04,2988,4589.39,2079, 996, 33.33
MRPL, EQ, 23-Dec-2025,148.88,148.5,150.7,146.2,146.45,146.66,147.77,1870727,2764.3,19967, 650566, 34.78
MSCIADD, EQ, 23-Dec-2025,30.69,30.7,30.83,30.66,30.74,30.74,30.71,1475,0.45,10, 1474, 99.93
MSCIINDIA, EQ, 23-Dec-2025,31.06,31.06,31.1,31.01,31.1,31.1,31.07,4501,1.4,49, 4264, 94.73
MSPL, EQ, 23-Dec-2025,36.53,36.05,36.75,35.82,35.96,36.01,36.24,1659156,601.26,6858, 850834, 51.28
MSTCLTD, EQ, 23-Dec-2025,477.35,478.1,504.9,477.35,490.1,490.45,495.05,336262,1664.67,10856, 97003, 28.85
MSUMI, EQ, 23-Dec-2025,46.33,46.32,46.54,45.3,45.51,45.45,45.63,7671767,3500.67,63542, 4307106, 56.14
MTARTECH, EQ, 23-Dec-2025,2459.2,2465.1,2466.0,2409.2,2429.6,2434.1,2432.63,119558,2908.41,17730, 46524, 38.91
MTNL, EQ, 23-Dec-2025,35.99,35.99,37.68,35.35,36.54,36.64,36.65,2488478,912.03,9456, 740567, 29.76
MUFIN, EQ, 23-Dec-2025,115.27,116.4,119.3,115.24,117.0,116.89,117.71,606601,714.05,5731, 315153, 51.95
MUFTI, EQ, 23-Dec-2025,100.13,99.0,100.9,99.0,100.21,99.88,100.03,44723,44.73,977, 25302, 56.57
MUKANDLTD, EQ, 23-Dec-2025,133.5,131.05,135.0,131.05,133.25,133.32,133.56,73718,98.46,1824, 23384, 31.72
MUKKA, EQ, 23-Dec-2025,24.17,24.3,24.44,24.13,24.21,24.2,24.22,268828,65.11,1473, 148658, 55.30
MUKTAARTS, EQ, 23-Dec-2025,61.24,61.0,63.75,60.15,62.5,62.59,62.12,13438,8.35,209, 3873, 28.82
MULTICAP, EQ, 23-Dec-2025,16.56,16.6,16.63,16.53,16.6,16.59,16.59,368356,61.1,328, 342397, 92.95
MUNJALAU, EQ, 23-Dec-2025,79.79,79.5,81.32,79.5,80.35,80.34,80.53,89468,72.05,1970, 40632, 45.42
MUNJALSHOW, EQ, 23-Dec-2025,122.89,123.9,126.0,123.01,124.5,124.61,124.66,18093,22.55,610, 11579, 64.00
MURUDCERA, EQ, 23-Dec-2025,34.56,34.4,35.0,34.37,34.52,34.67,34.62,34827,12.06,452, 21946, 63.01
MUTHOOTCAP, EQ, 23-Dec-2025,273.4,274.8,285.15,270.9,280.55,284.15,281.09,42023,118.12,751, 35465, 84.39
MUTHOOTFIN, EQ, 23-Dec-2025,3790.4,3801.2,3819.9,3770.0,3812.0,3808.2,3801.33,290999,11061.82,40703, 162546, 55.86
MUTHOOTMF, EQ, 23-Dec-2025,179.7,180.98,181.79,177.85,180.65,179.09,178.93,62972,112.67,1569, 32084, 50.95
MVGJL, EQ, 23-Dec-2025,182.21,185.0,185.49,181.51,183.05,183.27,182.87,21657,39.6,887, 11282, 52.09
MWL, EQ, 23-Dec-2025,269.19,266.5,273.24,261.32,265.98,265.65,267.11,121270,323.92,1876, 53664, 44.25
NAGAFERT, EQ, 23-Dec-2025,4.61,4.71,4.72,4.56,4.63,4.67,4.66,172703,8.05,682, 109623, 63.47
NAGREEKEXP, EQ, 23-Dec-2025,26.77,26.88,27.49,26.33,26.6,26.67,27.11,8056,2.18,49, 7270, 90.24
NAHARCAP, EQ, 23-Dec-2025,260.0,262.95,265.4,260.0,260.0,260.9,262.93,2407,6.33,144, 1764, 73.29
NAHARINDUS, EQ, 23-Dec-2025,109.04,109.0,114.0,108.98,110.7,110.78,111.76,16597,18.55,518, 9289, 55.97
NAHARPOLY, EQ, 23-Dec-2025,245.9,246.0,253.7,245.95,251.9,250.6,250.02,15500,38.75,2077, 4268, 27.54
NAHARSPING, EQ, 23-Dec-2025,196.58,196.69,200.98,195.25,197.8,197.74,197.89,21031,41.62,647, 15994, 76.05
NAM-INDIA, EQ, 23-Dec-2025,902.95,904.85,915.4,888.0,899.4,899.1,900.56,557215,5018.03,28968, 253161, 45.43
NATCAPSUQ, EQ, 23-Dec-2025,178.4,180.19,184.99,177.0,181.4,179.12,178.97,1283,2.3,88, 729, 56.82
NATCOPHARM, EQ, 23-Dec-2025,923.85,920.0,950.9,920.0,924.0,927.0,932.04,600837,5600.02,24941, 227262, 37.82
NATHBIOGEN, EQ, 23-Dec-2025,152.16,152.16,160.98,152.16,159.02,158.92,158.11,24030,37.99,876, 14230, 59.22
NATIONALUM, EQ, 23-Dec-2025,290.3,291.05,294.6,289.5,290.3,290.15,292.17,10822237,31619.74,64887, 5342240, 49.36
NAUKRI, EQ, 23-Dec-2025,1345.6,1348.8,1369.3,1333.6,1365.9,1365.6,1360.17,484906,6595.53,42296, 278273, 57.39
NAVA, EQ, 23-Dec-2025,571.85,573.0,575.2,566.2,575.0,572.95,570.76,138094,788.19,6480, 60308, 43.67
NAVINFLUOR, EQ, 23-Dec-2025,5883.5,5890.0,6089.0,5860.0,6054.0,6063.5,5983.99,168685,10094.09,22219, 74140, 43.95
NAVKARCORP, EQ, 23-Dec-2025,101.79,101.79,105.82,101.38,104.5,104.41,104.15,408414,425.36,4171, 187087, 45.81
NAVKARURB, EQ, 23-Dec-2025,1.22,1.22,1.28,1.17,1.28,1.26,1.24,3456118,42.79,1482, 2244425, 64.94
NAVNETEDUL, EQ, 23-Dec-2025,143.58,143.02,150.7,142.0,148.56,147.94,147.65,313020,462.17,5216, 207310, 66.23
NAZARA, EQ, 23-Dec-2025,227.75,228.2,255.85,227.8,239.65,241.2,247.14,12107150,29921.75,171679, 2070538, 17.10
NBCC, EQ, 23-Dec-2025,116.36,116.99,117.2,115.62,116.12,116.27,116.44,6440370,7498.93,27445, 2303350, 35.76
NBIFIN, EQ, 23-Dec-2025,2208.0,2216.0,2248.0,2164.8,2248.0,2219.3,2214.53,50,1.11,17, 46, 92.00
NCC, EQ, 23-Dec-2025,156.59,156.9,162.58,156.2,160.8,160.8,160.4,4736183,7596.87,30272, 1820617, 38.44
NCLIND, EQ, 23-Dec-2025,195.85,195.85,198.9,195.85,198.9,198.59,197.91,32137,63.6,784, 20981, 65.29
NDGL, EQ, 23-Dec-2025,2853.8,2880.0,2880.0,2830.0,2830.0,2846.6,2864.52,300,8.59,47, 229, 76.33
NDL, EQ, 23-Dec-2025,2.99,3.0,3.01,2.97,3.0,2.99,3.0,1084348,32.48,1643, 716727, 66.10
NDLVENTURE, EQ, 23-Dec-2025,88.95,94.93,94.93,88.99,90.2,90.51,90.11,49330,44.45,351, 39675, 80.43
NDRAUTO, EQ, 23-Dec-2025,841.2,853.8,855.0,830.25,832.0,834.4,841.7,10514,88.5,1041, 5234, 49.78
NDTV, EQ, 23-Dec-2025,89.01,89.5,94.66,86.4,92.29,92.04,92.58,1455344,1347.3,18345, 374679, 25.75
NECCLTD, EQ, 23-Dec-2025,18.32,18.32,18.85,18.32,18.8,18.78,18.63,74711,13.92,268, 55600, 74.42
NELCAST, EQ, 23-Dec-2025,106.83,108.4,108.4,104.15,105.5,104.92,105.59,101743,107.43,2620, 57191, 56.21
NELCO, EQ, 23-Dec-2025,739.05,742.75,767.85,741.45,752.95,755.0,756.44,75752,573.02,6594, 26238, 34.64
NEOGEN, EQ, 23-Dec-2025,1091.5,1091.5,1115.0,1060.0,1088.0,1091.0,1101.46,104489,1150.91,17869, 45899, 43.93
NEPHROPLUS, EQ, 23-Dec-2025,465.45,465.0,467.05,457.1,463.0,463.5,462.66,312809,1447.25,33708, 167696, 53.61
NESCO, EQ, 23-Dec-2025,1257.1,1257.0,1270.0,1243.7,1252.6,1260.1,1256.21,40094,503.66,6800, 18322, 45.70
NESTLEIND, EQ, 23-Dec-2025,1257.2,1260.0,1261.5,1251.1,1253.6,1256.5,1256.99,663261,8337.14,29578, 469307, 70.76
NETF, EQ, 23-Dec-2025,282.2,282.2,283.19,280.15,282.09,282.22,282.46,1285,3.63,99, 929, 72.30
NETWEB, EQ, 23-Dec-2025,3276.1,3266.1,3267.5,3215.0,3234.0,3232.3,3238.82,227733,7375.86,21045, 49989, 21.95
NETWORK18, EQ, 23-Dec-2025,42.64,42.84,44.6,42.49,44.22,44.21,43.89,5775619,2535.04,25409, 2366036, 40.97
NEULANDLAB, EQ, 23-Dec-2025,15743.0,15565.0,15748.0,15030.0,15300.0,15327.0,15252.58,109375,16682.51,30204, 32543, 29.75
NEWGEN, EQ, 23-Dec-2025,858.15,861.95,871.95,850.15,852.7,852.75,857.18,170439,1460.97,12405, 54770, 32.13
NEXT30ADD, EQ, 23-Dec-2025,40.54,40.74,40.74,40.43,40.52,40.59,40.52,28737,11.64,45, 27414, 95.40
NEXT50, EQ, 23-Dec-2025,706.77,685.57,710.31,685.57,707.72,708.85,708.39,10335,73.21,371, 6533, 63.21
NEXT50IETF, EQ, 23-Dec-2025,72.21,72.76,72.76,72.11,72.49,72.46,72.54,427295,309.96,3516, 270968, 63.41
NEXTMEDIA, EQ, 23-Dec-2025,6.26,6.35,6.35,6.0,6.02,6.15,6.17,4235,0.26,54, 3773, 89.09
NFL, EQ, 23-Dec-2025,87.29,87.3,89.5,86.77,88.3,88.28,88.54,1402945,1242.21,9054, 444085, 31.65
NGIL, EQ, 23-Dec-2025,30.64,31.24,32.49,29.43,31.5,31.42,30.72,49807,15.3,338, 31321, 62.88
NGLFINE, EQ, 23-Dec-2025,1307.2,1307.2,1323.1,1300.0,1302.5,1310.0,1304.82,510,6.65,70, 408, 80.00
NH, EQ, 23-Dec-2025,1896.6,1888.0,1899.9,1868.8,1875.0,1876.6,1878.39,113243,2127.14,14721, 58307, 51.49
NHPC, EQ, 23-Dec-2025,77.67,78.0,78.52,77.36,78.17,78.23,78.2,5923487,4631.88,32405, 2289765, 38.66
NIACL, EQ, 23-Dec-2025,153.47,154.66,156.07,152.26,153.0,152.79,154.19,1068058,1646.81,15507, 522920, 48.96
NIBE, EQ, 23-Dec-2025,1135.0,1144.8,1150.6,1107.7,1110.0,1124.8,1123.86,21090,237.02,1970, 11226, 53.23
NIBL, EQ, 23-Dec-2025,29.11,29.02,29.61,28.74,28.81,29.01,29.15,9115,2.66,97, 6087, 66.78
NIF100BEES, EQ, 23-Dec-2025,281.48,281.51,282.35,281.25,282.35,282.24,281.57,58215,163.92,308, 56493, 97.04
NIF100IETF, EQ, 23-Dec-2025,29.6,30.34,30.34,29.58,29.69,29.63,29.69,70316,20.88,998, 54878, 78.04
NIF10GETF, EQ, 23-Dec-2025,26.12,26.06,26.18,25.9,26.05,26.0,25.99,22999,5.98,53, 10055, 43.72
NIF5GETF, EQ, 23-Dec-2025,63.76,63.6,63.74,63.43,63.72,63.72,63.5,6720,4.27,10, 6472, 96.31
NIFITETF, EQ, 23-Dec-2025,409.46,405.77,407.84,404.36,406.03,406.95,406.1,991,4.02,36, 860, 86.78
NIFMID150, EQ, 23-Dec-2025,224.5,224.5,225.65,224.35,225.54,224.96,225.5,23169,52.25,51, 20404, 88.07
NIFTY1, EQ, 23-Dec-2025,288.57,287.86,289.0,287.86,288.6,288.73,288.71,199508,576.0,1406, 181995, 91.22
NIFTY100EW, EQ, 23-Dec-2025,33.92,34.08,34.15,33.9,34.15,34.1,34.05,23259,7.92,123, 15845, 68.12
NIFTYADD, EQ, 23-Dec-2025,273.23,274.04,274.04,272.9,273.5,273.4,273.13,34817,95.09,199, 33634, 96.60
NIFTYBEES, EQ, 23-Dec-2025,295.69,296.98,296.98,295.27,295.65,295.68,295.82,3747050,11084.63,29540, 2525600, 67.40
NIFTYBETF, EQ, 23-Dec-2025,266.86,266.74,267.75,266.53,266.91,267.12,267.27,2945,7.87,54, 1954, 66.35
NIFTYCASE, EQ, 23-Dec-2025,10.39,10.44,10.44,10.38,10.41,10.39,10.41,476378,49.58,660, 437574, 91.85
NIFTYETF, EQ, 23-Dec-2025,282.12,282.0,283.7,281.87,282.46,282.31,282.4,31310,88.42,615, 20299, 64.83
NIFTYIETF, EQ, 23-Dec-2025,294.1,294.09,294.84,293.75,294.2,294.17,294.38,268393,790.09,7211, 194164, 72.34
NIFTYQLITY, EQ, 23-Dec-2025,22.3,22.4,22.4,22.1,22.36,22.34,22.33,118642,26.5,308, 117838, 99.32
NIITLTD, EQ, 23-Dec-2025,97.96,97.96,98.91,95.21,95.4,95.69,97.43,2888798,2814.45,27776, 558506, 19.33
NIITMTS, EQ, 23-Dec-2025,422.2,428.0,441.0,424.95,432.2,433.9,435.46,141161,614.7,11833, 58544, 41.47
NILAINFRA, EQ, 23-Dec-2025,9.7,9.78,9.95,9.72,9.85,9.89,9.86,255183,25.16,512, 196679, 77.07
NILKAMAL, EQ, 23-Dec-2025,1400.9,1408.3,1425.0,1390.0,1391.0,1396.0,1402.19,2742,38.45,357, 1895, 69.11
NINSYS, EQ, 23-Dec-2025,405.7,400.6,409.45,400.6,408.0,405.75,406.14,979,3.98,102, 654, 66.80
NIPPOBATRY, EQ, 23-Dec-2025,409.6,412.65,416.3,404.85,413.9,412.8,410.86,2793,11.48,165, 1742, 62.37
NIRAJ, EQ, 23-Dec-2025,43.2,43.69,45.5,41.95,42.39,42.38,43.95,812834,357.2,5510, 335872, 41.32
NIRAJISPAT, EQ, 23-Dec-2025,205.64,203.0,217.79,203.0,212.9,212.9,207.32,149,0.31,8, 106, 71.14
NITCO, EQ, 23-Dec-2025,94.2,94.0,94.17,92.0,93.0,92.93,92.91,159944,148.61,1690, 91242, 57.05
NITINSPIN, EQ, 23-Dec-2025,321.75,324.6,325.0,318.8,323.7,323.35,321.46,44654,143.55,1538, 28856, 64.62
NITIRAJ, EQ, 23-Dec-2025,186.4,180.4,196.92,180.4,192.0,191.12,186.37,2142,3.99,123, 1233, 57.56
NIVABUPA, EQ, 23-Dec-2025,75.82,75.45,76.35,75.25,75.8,76.03,75.98,569581,432.74,8022, 387346, 68.01
NKIND, EQ, 23-Dec-2025,67.35,68.0,72.0,65.39,67.7,66.6,65.85,647,0.43,24, 495, 76.51
NLCINDIA, EQ, 23-Dec-2025,241.08,241.0,253.2,240.0,252.0,251.89,249.57,2572970,6421.46,30167, 1304508, 50.70
NMDC, EQ, 23-Dec-2025,78.52,79.12,82.3,78.85,81.55,81.53,80.98,77610652,62847.14,184431, 31010302, 39.96
NOCIL, EQ, 23-Dec-2025,155.53,155.11,159.0,154.8,156.92,157.01,156.95,221640,347.85,3555, 110922, 50.05
NOIDATOLL, EQ, 23-Dec-2025,4.33,4.4,4.48,4.23,4.33,4.31,4.37,93269,4.07,202, 83290, 89.30
NORTHARC, EQ, 23-Dec-2025,252.3,253.0,255.35,249.6,253.65,253.85,252.98,190019,480.71,6044, 75267, 39.61
NOVAAGRI, EQ, 23-Dec-2025,39.12,39.05,39.25,38.8,39.15,39.02,39.05,99128,38.71,1063, 78451, 79.14
NPBET, EQ, 23-Dec-2025,293.59,293.59,294.29,293.4,294.29,294.29,293.85,204,0.6,13, 204, 100.00
NPST, EQ, 23-Dec-2025,1403.5,1404.0,1418.2,1377.0,1386.0,1382.3,1392.2,7531,104.85,876, 4977, 66.09
NRAIL, EQ, 23-Dec-2025,498.4,498.0,507.0,490.25,495.3,500.65,502.25,15995,80.34,1211, 12621, 78.91
NRBBEARING, EQ, 23-Dec-2025,279.9,283.0,288.8,282.35,283.5,283.55,285.9,327558,936.5,5846, 192797, 58.86
NRL, EQ, 23-Dec-2025,56.65,57.95,57.95,56.5,57.05,57.05,57.02,44458,25.35,287, 31655, 71.20
NSIL, EQ, 23-Dec-2025,6587.0,6593.5,6599.5,6526.0,6571.0,6560.5,6562.16,3011,197.59,719, 2181, 72.43
NSLNISP, EQ, 23-Dec-2025,40.29,40.53,42.59,40.35,41.6,41.6,41.8,6667852,2787.2,24482, 1960109, 29.40
NTPC, EQ, 23-Dec-2025,320.7,321.05,324.75,320.25,323.45,323.25,323.63,6024641,19497.73,89348, 3966181, 65.83
NTPCGREEN, EQ, 23-Dec-2025,90.61,90.62,91.1,90.12,90.31,90.48,90.6,2605666,2360.74,45557, 1669628, 64.08
NUCLEUS, EQ, 23-Dec-2025,936.2,935.5,942.0,923.35,932.95,931.6,932.48,6002,55.97,827, 3007, 50.10
NURECA, EQ, 23-Dec-2025,287.15,290.85,290.85,282.25,284.0,284.8,286.66,20925,59.98,2627, 4983, 23.81
NUVAMA, EQ, 23-Dec-2025,7141.5,7161.5,7314.0,7092.0,7272.0,7282.0,7220.02,129360,9339.82,16688, 60330, 46.64
NUVOCO, EQ, 23-Dec-2025,363.0,363.55,367.1,361.0,362.7,362.7,364.23,95284,347.05,5685, 44124, 46.31
NV20, EQ, 23-Dec-2025,155.58,156.48,156.48,155.02,155.59,155.6,155.89,20003,31.18,126, 15652, 78.25
NV20BEES, EQ, 23-Dec-2025,155.96,155.3,156.54,155.3,156.1,155.92,155.79,13960,21.75,202, 11108, 79.57
NV20IETF, EQ, 23-Dec-2025,15.24,15.58,15.58,15.08,15.2,15.19,15.2,617109,93.8,2040, 542993, 87.99
NYKAA, EQ, 23-Dec-2025,253.65,255.0,257.45,250.3,257.0,256.85,254.31,4605075,11711.27,47372, 2340934, 50.83
OAL, EQ, 23-Dec-2025,301.45,301.6,310.0,299.6,300.85,301.0,302.95,3353,10.16,361, 2122, 63.29
OBCL, EQ, 23-Dec-2025,56.55,56.0,57.0,55.2,56.72,56.72,55.47,22594,12.53,89, 19933, 88.22
OBEROIRLTY, EQ, 23-Dec-2025,1662.8,1676.1,1676.1,1655.3,1662.0,1662.5,1664.32,292963,4875.85,21073, 145268, 49.59
OCCLLTD, EQ, 23-Dec-2025,102.12,104.0,108.0,101.29,106.2,106.56,105.73,81384,86.05,1717, 39274, 48.26
OFSS, EQ, 23-Dec-2025,7860.5,7896.0,7896.0,7755.0,7820.0,7817.0,7798.87,101671,7929.18,14815, 38400, 37.77
OIL, EQ, 23-Dec-2025,406.0,405.0,415.45,405.0,411.7,410.25,411.91,1528489,6296.05,32440, 521724, 34.13
OILCOUNTUB, EQ, 23-Dec-2025,62.16,61.0,63.5,61.0,62.98,62.65,62.4,6959,4.34,258, 5481, 78.76
OILIETF, EQ, 23-Dec-2025,12.19,12.24,12.25,12.17,12.2,12.19,12.22,1435943,175.52,1666, 1071897, 74.65
OLAELEC, EQ, 23-Dec-2025,34.64,34.64,36.1,34.17,34.67,34.75,35.13,71221442,25021.17,108531, 23090599, 32.42
OLECTRA, EQ, 23-Dec-2025,1183.2,1187.0,1205.0,1179.0,1195.4,1197.7,1195.89,236655,2830.13,15738, 67973, 28.72
OMAXAUTO, EQ, 23-Dec-2025,98.94,99.5,105.0,97.68,103.5,102.6,101.06,89472,90.42,2532, 47647, 53.25
OMAXE, EQ, 23-Dec-2025,67.01,67.7,80.41,66.76,80.41,80.41,77.03,9845216,7584.16,43883, 1419236, 14.42
OMFREIGHT, EQ, 23-Dec-2025,95.81,95.0,99.7,94.01,96.0,96.27,96.49,222821,215.0,1597, 180758, 81.12
OMINFRAL, EQ, 23-Dec-2025,99.84,100.0,101.59,99.59,100.96,100.53,100.49,83864,84.27,2095, 46695, 55.68
ONEPOINT, EQ, 23-Dec-2025,55.86,56.31,57.2,54.7,56.12,56.83,56.14,3497014,1963.11,9954, 1616244, 46.22
ONESOURCE, EQ, 23-Dec-2025,1704.2,1699.9,1742.0,1672.0,1716.0,1731.2,1709.74,149205,2551.01,24162, 72591, 48.65
ONGC, EQ, 23-Dec-2025,234.18,234.6,237.9,234.6,235.4,235.49,235.94,5810236,13708.57,61269, 3087026, 53.13
ONMOBILE, EQ, 23-Dec-2025,59.03,59.5,60.87,58.5,60.45,60.3,60.04,360838,216.65,5718, 128495, 35.61
ONWARDTEC, EQ, 23-Dec-2025,273.45,277.0,285.0,273.3,278.0,276.55,279.64,27678,77.4,1740, 14583, 52.69
OPTIEMUS, EQ, 23-Dec-2025,514.65,514.0,517.7,508.0,509.0,509.55,512.57,83666,428.84,3416, 48280, 57.71
ORBTEXP, EQ, 23-Dec-2025,192.33,193.7,193.97,190.05,190.35,191.06,191.66,5107,9.79,201, 4046, 79.22
ORCHASP, EQ, 23-Dec-2025,2.99,2.95,3.04,2.86,3.0,2.99,2.97,289934,8.61,245, 216715, 74.75
ORCHPHARMA, EQ, 23-Dec-2025,789.55,800.0,803.05,780.1,781.35,782.75,788.54,35360,278.83,2361, 18749, 53.02
ORIENTALTL, EQ, 23-Dec-2025,8.41,8.41,8.6,8.35,8.4,8.4,8.46,109495,9.26,512, 84501, 77.17
ORIENTBELL, EQ, 23-Dec-2025,269.0,269.8,271.0,266.55,270.5,269.9,269.44,3406,9.18,244, 2413, 70.85
ORIENTCEM, EQ, 23-Dec-2025,163.52,176.1,179.0,170.2,170.9,171.01,173.3,9669852,16758.31,72865, 2315669, 23.95
ORIENTCER, EQ, 23-Dec-2025,42.01,42.82,42.82,41.25,41.26,41.41,41.73,36771,15.34,1433, 14550, 39.57
ORIENTELEC, EQ, 23-Dec-2025,182.76,183.21,183.48,180.21,181.94,181.25,181.67,84301,153.15,2512, 39048, 46.32
ORIENTHOT, EQ, 23-Dec-2025,105.88,105.88,106.14,103.5,104.9,104.43,104.48,151563,158.36,3100, 77333, 51.02
ORIENTLTD, EQ, 23-Dec-2025,79.09,78.0,78.0,77.16,78.0,77.7,77.45,346,0.27,23, 344, 99.42
ORIENTPPR, EQ, 23-Dec-2025,22.95,22.9,23.28,22.83,23.17,23.1,23.06,141701,32.68,978, 92264, 65.11
ORIENTTECH, EQ, 23-Dec-2025,341.8,342.95,342.95,337.3,339.6,338.7,339.27,117900,400.0,3837, 54710, 46.40
ORISSAMINE, EQ, 23-Dec-2025,4689.0,4728.4,5120.6,4712.7,4845.0,4826.9,4940.78,86509,4274.22,14700, 18546, 21.44
ORKLAINDIA, EQ, 23-Dec-2025,606.4,610.0,615.9,598.1,609.4,609.6,608.96,150516,916.58,15410, 63018, 41.87
OSIAHYPER, EQ, 23-Dec-2025,16.97,16.95,17.08,16.13,16.13,16.13,16.28,1342587,218.56,1946, 773584, 57.62
OSWALAGRO, EQ, 23-Dec-2025,59.06,59.01,59.7,58.0,58.13,58.18,58.74,53155,31.22,771, 33711, 63.42
OSWALGREEN, EQ, 23-Dec-2025,33.32,33.33,33.74,33.01,33.01,33.18,33.37,170962,57.05,4220, 53339, 31.20
OSWALPUMPS, EQ, 23-Dec-2025,535.25,537.9,544.7,528.0,530.5,530.2,535.27,328873,1760.36,10796, 115579, 35.14
OSWALSEEDS, EQ, 23-Dec-2025,17.53,18.4,18.4,17.88,18.4,18.4,18.4,1020102,187.67,583, 955107, 93.63
PACEDIGITK, EQ, 23-Dec-2025,199.33,200.0,200.38,194.05,194.5,194.77,196.52,430226,845.5,9665, 235702, 54.79
PAGEIND, EQ, 23-Dec-2025,36735.0,36900.0,36900.0,36305.0,36665.0,36700.0,36605.92,43320,15857.68,12898, 27846, 64.28
PAISALO, EQ, 23-Dec-2025,35.49,35.86,36.05,35.4,35.56,35.58,35.72,2969928,1060.99,8625, 1361870, 45.86
PAKKA, EQ, 23-Dec-2025,104.15,104.15,116.49,104.0,110.48,110.0,111.47,485431,541.09,9442, 168186, 34.65
PALASHSECU, EQ, 23-Dec-2025,107.99,108.0,110.1,106.0,107.01,107.01,108.11,1327,1.43,35, 1162, 87.57
PALREDTEC, EQ, 23-Dec-2025,37.91,38.0,38.99,37.5,38.75,38.77,38.33,5406,2.07,94, 3742, 69.22
PANACEABIO, EQ, 23-Dec-2025,357.35,357.0,369.0,353.6,356.8,356.2,362.0,87458,316.6,4842, 44856, 51.29
PANAMAPET, EQ, 23-Dec-2025,281.7,281.0,297.1,280.95,293.5,293.25,292.35,83334,243.63,3194, 41442, 49.73
PAR, EQ, 23-Dec-2025,106.13,107.55,108.78,103.53,106.5,105.0,105.55,13354,14.09,563, 5374, 40.24
PARACABLES, EQ, 23-Dec-2025,35.06,35.2,36.09,35.03,36.05,35.8,35.51,530641,188.41,3196, 275886, 51.99
PARADEEP, EQ, 23-Dec-2025,161.39,161.0,162.88,159.01,161.7,161.49,161.05,2756893,4439.99,27197, 1034751, 37.53
PARAGMILK, EQ, 23-Dec-2025,308.65,309.0,313.0,299.0,303.0,302.2,304.0,533592,1622.1,9908, 275482, 51.63
PARAS, EQ, 23-Dec-2025,660.9,664.7,682.4,657.2,676.7,676.75,674.1,783562,5282.01,28105, 202648, 25.86
PARASPETRO, EQ, 23-Dec-2025,1.93,1.97,1.97,1.57,1.87,1.87,1.81,220052,3.98,506, 132841, 60.37
PARKHOSPS, EQ, 23-Dec-2025,149.61,150.01,152.89,146.25,147.29,147.53,149.46,1722420,2574.4,16138, 537592, 31.21
PARKHOTELS, EQ, 23-Dec-2025,138.87,139.2,139.2,136.41,137.0,136.82,137.52,102597,141.09,2083, 64634, 63.00
PARSVNATH, EQ, 23-Dec-2025,10.99,11.15,11.28,10.85,11.01,11.02,11.02,767119,84.54,2367, 487103, 63.50
PASHUPATI, EQ, 23-Dec-2025,830.85,840.0,840.0,823.95,825.0,826.7,828.86,283,2.35,75, 110, 38.87
PASUPTAC, EQ, 23-Dec-2025,54.12,54.12,54.63,54.0,54.3,54.22,54.19,54164,29.35,807, 36167, 66.77
PATANJALI, EQ, 23-Dec-2025,550.15,550.15,558.0,545.25,548.75,553.35,551.15,3784328,20857.43,54804, 1265591, 33.44
PATELENG, EQ, 23-Dec-2025,31.4,31.4,31.91,29.75,30.09,30.11,30.39,17148383,5211.82,39286, 7133439, 41.60
PATELRMART, EQ, 23-Dec-2025,209.35,209.0,218.1,209.0,212.9,212.6,213.96,109335,233.94,2746, 32403, 29.64
PATINTLOG, EQ, 23-Dec-2025,14.13,14.29,14.29,13.99,14.15,14.05,14.09,52400,7.38,278, 39218, 74.84
PAUSHAKLTD, EQ, 23-Dec-2025,588.9,588.0,611.9,588.0,605.1,605.35,602.95,7012,42.28,601, 5346, 76.24
PAVNAIND, EQ, 23-Dec-2025,24.25,24.9,25.37,24.41,24.89,24.72,24.81,36137,8.97,489, 16426, 45.45
PAYTM, EQ, 23-Dec-2025,1328.9,1331.0,1350.0,1323.0,1342.0,1340.3,1337.61,1646262,22020.53,48127, 606460, 36.84
PCBL, EQ, 23-Dec-2025,307.7,310.8,320.75,307.0,308.0,308.4,312.18,1661828,5187.93,37432, 545174, 32.81
PCJEWELLER, EQ, 23-Dec-2025,9.65,9.7,9.73,9.35,9.59,9.58,9.58,59806473,5726.51,43874, 27887605, 46.63
PDMJEPAPER, EQ, 23-Dec-2025,96.8,99.8,99.8,96.8,97.86,97.85,98.16,76877,75.46,1091, 29253, 38.05
PDSL, EQ, 23-Dec-2025,376.55,373.0,380.0,371.3,373.0,373.4,374.16,103028,385.49,8145, 39790, 38.62
PEARLPOLY, EQ, 23-Dec-2025,22.58,22.99,25.7,22.02,24.0,23.73,24.05,176260,42.39,1354, 96733, 54.88
PENIND, EQ, 23-Dec-2025,200.39,200.89,203.1,198.55,199.95,199.7,201.12,428685,862.18,6500, 165926, 38.71
PENINLAND, EQ, 23-Dec-2025,26.44,26.8,26.94,26.01,26.28,26.44,26.45,152059,40.22,1402, 79920, 52.56
PERSISTENT, EQ, 23-Dec-2025,6563.5,6580.0,6599.0,6448.0,6473.0,6489.0,6501.15,215867,14033.84,30055, 91302, 42.30
PETRONET, EQ, 23-Dec-2025,276.25,276.45,280.0,276.35,279.5,279.4,279.16,1673894,4672.82,28386, 1006730, 60.14
PFC, EQ, 23-Dec-2025,343.4,344.5,357.0,342.45,355.4,354.9,351.93,9432271,33195.0,71111, 5222322, 55.37
PFIZER, EQ, 23-Dec-2025,5093.1,5100.0,5100.0,5010.0,5072.0,5067.8,5049.71,10888,549.81,3072, 5669, 52.07
PFOCUS, EQ, 23-Dec-2025,220.72,221.75,236.25,220.72,223.31,224.22,227.56,7525849,17125.47,48955, 2504381, 33.28
PFS, EQ, 23-Dec-2025,32.99,33.0,33.87,33.0,33.6,33.59,33.46,353390,118.24,3268, 185523, 52.50
PGEL, EQ, 23-Dec-2025,579.55,579.55,580.9,572.85,576.0,576.0,576.05,887580,5112.89,19195, 279849, 31.53
PGHH, EQ, 23-Dec-2025,12965.0,12965.0,13027.0,12839.0,12999.0,12985.0,12942.45,5077,657.09,2125, 2324, 45.78
PGHL, EQ, 23-Dec-2025,5640.0,5640.0,5678.0,5615.5,5678.0,5670.0,5651.22,2625,148.34,846, 1606, 61.18
PGIL, EQ, 23-Dec-2025,1642.2,1650.0,1650.4,1610.2,1612.0,1617.0,1628.94,61356,999.45,8683, 31970, 52.11
PHARMABEES, EQ, 23-Dec-2025,23.45,23.5,23.55,23.37,23.44,23.41,23.46,4350973,1020.83,7138, 3163043, 72.70
PHOENIXLTD, EQ, 23-Dec-2025,1847.0,1847.0,1850.0,1831.7,1849.9,1842.4,1840.07,314097,5779.62,27131, 212075, 67.52
PICCADIL, EQ, 23-Dec-2025,564.45,570.1,570.2,562.85,569.9,567.85,566.74,43837,248.44,2566, 21863, 49.87
PIDILITIND, EQ, 23-Dec-2025,1459.2,1459.2,1464.9,1450.1,1461.5,1462.1,1457.2,205136,2989.24,18110, 122945, 59.93
PIGL, EQ, 23-Dec-2025,128.69,128.69,133.9,127.21,128.15,129.41,130.28,35149,45.79,900, 18375, 52.28
PIIND, EQ, 23-Dec-2025,3266.9,3266.9,3277.0,3223.4,3249.1,3238.4,3252.56,148650,4834.93,15921, 88456, 59.51
PILANIINVS, EQ, 23-Dec-2025,5208.0,5208.0,5225.0,5151.5,5161.0,5165.0,5193.92,1206,62.64,453, 728, 60.36
PILITA, EQ, 23-Dec-2025,10.42,10.5,10.5,10.32,10.48,10.43,10.44,39820,4.16,197, 29777, 74.78
PINELABS, EQ, 23-Dec-2025,232.53,236.0,237.9,232.0,233.5,234.11,234.66,1694475,3976.34,21649, 588209, 34.71
PIONEEREMB, EQ, 23-Dec-2025,30.67,31.0,31.0,29.25,29.79,29.5,30.08,36174,10.88,403, 19148, 52.93
PIRAMALFIN, EQ, 23-Dec-2025,1607.9,1608.0,1629.0,1565.1,1629.0,1617.0,1597.71,355084,5673.2,49411, 157536, 44.37
PITTIENG, EQ, 23-Dec-2025,836.65,844.0,849.0,822.0,849.0,839.1,835.36,38405,320.82,2461, 22730, 59.19
PIXTRANS, EQ, 23-Dec-2025,1449.8,1450.0,1455.3,1427.0,1436.0,1431.5,1440.36,5407,77.88,531, 3676, 67.99
PKTEA, EQ, 23-Dec-2025,866.25,859.4,952.85,845.0,952.85,918.85,905.98,1761,15.95,65, 1684, 95.63
PLASTIBLEN, EQ, 23-Dec-2025,162.19,162.19,165.0,161.05,162.17,163.83,162.91,4444,7.24,125, 3302, 74.30
PLATIND, EQ, 23-Dec-2025,262.3,266.25,268.0,262.3,267.0,267.25,265.51,120901,321.01,3444, 61191, 50.61
PLAZACABLE, EQ, 23-Dec-2025,41.66,41.62,42.3,41.16,41.95,41.54,41.55,41066,17.06,2081, 14028, 34.16
PNB, EQ, 23-Dec-2025,121.31,121.5,122.63,120.66,120.71,120.9,121.48,10383838,12614.08,36214, 4600771, 44.31
PNBGILTS, EQ, 23-Dec-2025,80.35,80.85,81.99,79.41,80.01,80.13,80.08,208373,166.87,1702, 109917, 52.75
PNBHOUSING, EQ, 23-Dec-2025,936.35,936.35,939.55,927.05,931.5,932.85,934.07,411102,3839.99,22936, 189905, 46.19
PNC, EQ, 23-Dec-2025,28.22,28.03,28.13,26.4,26.9,26.98,26.64,48454,12.91,468, 41069, 84.76
PNCINFRA, EQ, 23-Dec-2025,255.79,257.9,257.9,254.6,255.8,255.47,255.68,123938,316.88,4369, 60630, 48.92
PNGJL, EQ, 23-Dec-2025,622.2,622.2,625.7,618.0,621.6,623.1,622.65,90166,561.42,8601, 51011, 56.57
POCL, EQ, 23-Dec-2025,1362.2,1367.0,1393.9,1339.3,1381.0,1387.8,1367.96,267913,3664.94,16557, 119730, 44.69
PODDARMENT, EQ, 23-Dec-2025,271.8,270.35,273.15,265.2,266.65,266.65,266.82,1989,5.31,85, 1346, 67.67
POKARNA, EQ, 23-Dec-2025,860.35,855.05,868.0,847.5,851.3,855.4,857.52,237717,2038.48,3699, 207481, 87.28
POLICYBZR, EQ, 23-Dec-2025,1882.1,1871.4,1925.0,1871.4,1915.5,1914.0,1908.66,952857,18186.77,48528, 498670, 52.33
POLYCAB, EQ, 23-Dec-2025,7603.0,7605.0,7680.5,7580.0,7638.0,7645.0,7637.8,256703,19606.47,40216, 153404, 59.76
POLYMED, EQ, 23-Dec-2025,1800.8,1804.9,1805.0,1785.2,1804.9,1799.8,1795.87,72288,1298.2,13476, 34683, 47.98
POLYPLEX, EQ, 23-Dec-2025,820.9,821.0,833.95,818.0,818.45,822.65,825.21,91818,757.69,3010, 69507, 75.70
PONNIERODE, EQ, 23-Dec-2025,268.85,270.3,274.95,267.2,268.45,268.1,270.81,19642,53.19,1265, 10814, 55.06
POONAWALLA, EQ, 23-Dec-2025,470.35,471.0,474.75,466.75,471.7,470.9,470.45,488054,2296.07,19413, 188248, 38.57
POWERGRID, EQ, 23-Dec-2025,265.0,265.0,269.3,264.4,266.65,267.0,267.62,10526826,28171.51,81979, 7249564, 68.87
POWERINDIA, EQ, 23-Dec-2025,18710.0,18750.0,18765.0,18360.0,18475.0,18465.0,18538.78,62774,11637.53,17124, 17535, 27.93
POWERMECH, EQ, 23-Dec-2025,2327.3,2339.0,2375.0,2319.8,2340.5,2340.8,2346.08,38948,913.75,5465, 17995, 46.20
PPAP, EQ, 23-Dec-2025,211.43,211.64,216.89,211.0,211.25,212.21,213.37,3828,8.17,311, 2125, 55.51
PPL, EQ, 23-Dec-2025,244.06,247.7,248.71,244.22,247.0,246.37,246.25,50765,125.01,1818, 20691, 40.76
PPLPHARMA, EQ, 23-Dec-2025,177.7,177.74,179.44,176.16,177.85,178.01,178.07,3267359,5818.34,25729, 1407967, 43.09
PRABHA, EQ, 23-Dec-2025,190.43,186.62,197.49,186.62,193.98,192.31,194.1,27542,53.46,1064, 14385, 52.23
PRAJIND, EQ, 23-Dec-2025,345.4,346.95,347.3,335.05,336.25,336.4,339.67,737979,2506.68,22399, 326453, 44.24
PRAKASH, EQ, 23-Dec-2025,135.24,135.55,136.85,134.1,135.01,134.55,135.05,529589,715.21,4070, 378495, 71.47
PRAKASHSTL, EQ, 23-Dec-2025,3.98,4.0,4.04,3.96,4.02,4.0,3.98,252813,10.07,482, 222605, 88.05
PRAXIS, EQ, 23-Dec-2025,9.43,9.85,9.85,9.03,9.27,9.2,9.22,151567,13.97,306, 104485, 68.94
PRECAM, EQ, 23-Dec-2025,164.66,164.7,165.5,162.69,164.6,164.12,163.98,195097,319.93,3885, 57819, 29.64
PRECOT, EQ, 23-Dec-2025,440.8,439.95,440.0,414.0,424.5,426.5,430.52,2138,9.2,130, 1331, 62.25
PRECWIRE, EQ, 23-Dec-2025,237.65,238.15,239.9,234.5,238.75,238.55,236.82,255049,604.0,5826, 104017, 40.78
PREMEXPLN, EQ, 23-Dec-2025,524.65,527.85,530.85,516.0,523.5,521.9,522.73,184985,966.98,7672, 49983, 27.02
PREMIERENE, EQ, 23-Dec-2025,885.7,886.95,895.0,877.6,879.5,880.45,881.94,676713,5968.22,24001, 361474, 53.42
PREMIERPOL, EQ, 23-Dec-2025,40.81,41.48,42.11,40.54,41.4,41.11,41.25,54659,22.55,1212, 20114, 36.80
PRESTIGE, EQ, 23-Dec-2025,1603.1,1619.0,1619.8,1596.0,1604.0,1604.8,1604.59,565356,9071.67,28768, 217552, 38.48
PRICOLLTD, EQ, 23-Dec-2025,660.4,664.9,665.7,633.05,639.5,639.3,643.33,476151,3063.24,29339, 219983, 46.20
PRIMESECU, EQ, 23-Dec-2025,291.45,292.15,298.0,290.25,297.75,295.75,295.59,34560,102.16,1393, 18652, 53.97
PRIMO, EQ, 23-Dec-2025,23.0,23.45,23.75,23.02,23.69,23.28,23.42,82185,19.25,437, 59384, 72.26
PRINCEPIPE, EQ, 23-Dec-2025,249.95,249.6,251.85,249.0,250.1,251.35,250.38,89755,224.73,3198, 47488, 52.91
PRITI, EQ, 23-Dec-2025,58.46,58.5,61.77,57.61,61.77,59.67,59.02,16658,9.83,422, 10625, 63.78
PRITIKAUTO, EQ, 23-Dec-2025,13.19,13.33,13.5,13.14,13.24,13.19,13.26,328358,43.54,1094, 239019, 72.79
PRIVISCL, EQ, 23-Dec-2025,3273.0,3250.0,3279.0,3207.7,3276.4,3266.5,3248.46,31976,1038.73,8099, 16914, 52.90
PROSTARM, EQ, 23-Dec-2025,178.68,179.85,182.3,177.61,178.5,178.88,179.85,389089,699.77,6267, 125958, 32.37
PROTEAN, EQ, 23-Dec-2025,775.15,775.9,787.4,772.5,782.0,781.75,781.83,124006,969.51,6577, 57765, 46.58
PRSMJOHNSN, EQ, 23-Dec-2025,129.79,129.8,155.74,127.3,154.64,151.9,148.51,13734082,20397.05,94075, 1220028, 8.88
PRUDENT, EQ, 23-Dec-2025,2639.4,2639.4,2703.0,2616.0,2630.0,2628.9,2657.43,22249,591.25,8158, 10515, 47.26
PRUDMOULI, EQ, 23-Dec-2025,21.8,21.61,22.14,21.4,21.95,21.9,21.88,11401,2.49,40, 11244, 98.62
PSB, EQ, 23-Dec-2025,26.94,27.14,27.14,26.73,26.89,26.86,26.91,1165715,313.68,5720, 557648, 47.84
PSPPROJECT, EQ, 23-Dec-2025,911.3,918.9,918.9,885.1,886.0,893.55,900.76,47520,428.04,3417, 21763, 45.80
PSUBANK, EQ, 23-Dec-2025,834.24,841.96,841.96,829.64,831.1,831.97,833.65,13214,110.16,261, 7963, 60.26
PSUBANKADD, EQ, 23-Dec-2025,84.16,84.95,84.95,83.56,84.0,83.81,84.11,20783,17.48,143, 11924, 57.37
PSUBNKBEES, EQ, 23-Dec-2025,93.12,92.1,93.7,92.1,92.85,92.82,93.04,1459473,1357.83,4657, 966253, 66.21
PSUBNKIETF, EQ, 23-Dec-2025,84.48,84.74,84.96,84.11,84.4,84.21,84.54,80798,68.3,658, 44003, 54.46
PTC, EQ, 23-Dec-2025,157.81,158.4,159.55,157.45,159.19,159.16,158.73,585838,929.92,7619, 316125, 53.96
PTCIL, EQ, 23-Dec-2025,17786.0,17786.0,18335.0,17698.0,18270.0,18245.0,18111.27,12271,2222.43,4552, 2897, 23.61
PTL, EQ, 23-Dec-2025,39.27,39.45,41.02,39.25,40.56,40.41,40.11,76261,30.59,1111, 48036, 62.99
PUNJABCHEM, EQ, 23-Dec-2025,1254.7,1254.7,1260.3,1236.8,1246.0,1244.4,1250.83,5764,72.1,894, 3491, 60.57
PURVA, EQ, 23-Dec-2025,241.15,243.55,287.3,243.55,256.9,259.49,273.47,19136899,52333.8,209610, 1044823, 5.46
PVRINOX, EQ, 23-Dec-2025,1046.2,1053.0,1053.9,1017.8,1021.0,1024.7,1030.95,466139,4805.64,31113, 244659, 52.49
PVSL, EQ, 23-Dec-2025,117.49,117.0,119.99,117.0,119.02,119.58,118.74,24929,29.6,1047, 13523, 54.25
PVTBANIETF, EQ, 23-Dec-2025,28.71,28.8,28.8,28.67,28.69,28.7,28.71,495514,142.26,918, 416145, 83.98
PVTBANKADD, EQ, 23-Dec-2025,28.82,28.82,28.95,28.8,28.9,28.88,28.91,17835,5.16,106, 12748, 71.48
PWL, EQ, 23-Dec-2025,137.17,136.49,136.74,133.63,134.4,134.51,134.58,4638684,6242.96,22095, 1163636, 25.09
PYRAMID, EQ, 23-Dec-2025,162.79,165.95,165.95,161.62,163.9,163.85,163.65,24735,40.48,1765, 11947, 48.30
QGOLDHALF, EQ, 23-Dec-2025,111.29,114.07,114.29,112.3,112.85,112.86,112.92,370458,418.34,761, 328351, 88.63
QNIFTY, EQ, 23-Dec-2025,2860.1,2860.1,2868.0,2858.0,2858.0,2860.13,2862.71,83,2.38,32, 39, 46.99
QPOWER, EQ, 23-Dec-2025,743.65,743.75,752.0,725.0,725.0,740.9,739.25,456504,3374.69,35287, 166433, 36.46
QUADFUTURE, EQ, 23-Dec-2025,338.5,331.95,369.7,313.35,342.5,358.15,351.71,29191220,102668.03,334629, 1566319, 5.37
QUAL30IETF, EQ, 23-Dec-2025,22.12,22.13,22.18,22.06,22.18,22.16,22.14,122120,27.04,174, 106680, 87.36
QUALITY30, EQ, 23-Dec-2025,21.63,21.68,21.68,21.63,21.68,21.68,21.67,2961,0.64,13, 2961, 100.00
QUESS, EQ, 23-Dec-2025,212.25,211.0,214.58,208.52,213.0,212.97,211.35,466883,986.75,9711, 266930, 57.17
QUICKHEAL, EQ, 23-Dec-2025,277.75,276.05,282.9,276.05,278.75,278.1,279.16,60865,169.91,2758, 26198, 43.04
RACE, EQ, 23-Dec-2025,142.62,144.06,147.0,142.2,142.95,142.81,144.04,3943,5.68,111, 2401, 60.89
RACLGEAR, EQ, 23-Dec-2025,1042.2,1095.0,1095.0,1020.0,1060.0,1057.0,1047.56,12720,133.25,1551, 3781, 29.72
RADAAN, EQ, 23-Dec-2025,3.67,3.84,3.84,3.62,3.63,3.66,3.68,27960,1.03,122, 20760, 74.25
RADHIKAJWE, EQ, 23-Dec-2025,73.6,72.87,78.99,72.87,77.9,77.66,76.71,549241,421.34,6888, 183397, 33.39
RADIANTCMS, EQ, 23-Dec-2025,53.2,53.97,53.97,52.1,52.7,52.47,52.53,90034,47.29,677, 72160, 80.15
RADICO, EQ, 23-Dec-2025,3270.9,3270.0,3323.4,3240.0,3267.7,3267.3,3271.3,306249,10018.32,36780, 175119, 57.18
RADIOCITY, EQ, 23-Dec-2025,6.59,6.71,6.71,6.55,6.66,6.64,6.63,31735,2.1,256, 20501, 64.60
RAILTEL, EQ, 23-Dec-2025,341.6,344.85,373.0,341.7,360.0,358.7,362.48,10637411,38558.04,130113, 1265646, 11.90
RAIN, EQ, 23-Dec-2025,123.41,122.8,127.49,122.05,125.5,125.29,125.11,2787361,3487.16,22578, 1011134, 36.28
RAINBOW, EQ, 23-Dec-2025,1359.0,1359.0,1363.7,1337.0,1361.5,1359.4,1354.63,51307,695.02,7158, 31990, 62.35
RAJESHEXPO, EQ, 23-Dec-2025,230.67,228.0,228.18,218.6,223.1,223.02,222.73,7453643,16601.72,90000, 810984, 10.88
RAJMET, EQ, 23-Dec-2025,3.96,3.92,4.07,3.92,4.0,3.99,3.98,259984,10.34,1016, 172862, 66.49
RAJOOENG, EQ, 23-Dec-2025,64.4,64.92,66.0,63.0,63.5,63.67,63.78,804021,512.83,9616, 408754, 50.84
RAJRATAN, EQ, 23-Dec-2025,467.85,472.9,485.0,468.65,472.3,474.2,477.69,171456,819.03,6599, 89507, 52.20
RAJSREESUG, EQ, 23-Dec-2025,35.68,36.4,36.4,35.1,35.49,35.32,35.5,47442,16.84,480, 30767, 64.85
RAJTV, EQ, 23-Dec-2025,42.32,43.32,44.3,42.0,42.3,42.3,43.41,11687,5.07,194, 7477, 63.98
RALLIS, EQ, 23-Dec-2025,274.15,274.9,278.0,270.5,275.15,275.0,274.72,585448,1608.33,16158, 287929, 49.18
RAMANEWS, EQ, 23-Dec-2025,31.18,31.7,31.7,30.65,30.9,30.86,31.06,26809,8.33,332, 13392, 49.95
RAMAPHO, EQ, 23-Dec-2025,163.35,164.0,168.9,163.15,164.39,164.14,165.29,133709,221.01,2597, 54761, 40.96
RAMASTEEL, EQ, 23-Dec-2025,9.57,9.59,9.64,9.49,9.54,9.54,9.55,8396631,802.26,9344, 3994574, 47.57
RAMCOCEM, EQ, 23-Dec-2025,1060.2,1066.0,1066.0,1036.5,1049.7,1048.5,1046.53,264391,2766.94,16410, 144195, 54.54
RAMCOIND, EQ, 23-Dec-2025,316.8,315.05,320.1,315.05,317.7,316.65,317.56,37240,118.26,1750, 17515, 47.03
RAMCOSYS, EQ, 23-Dec-2025,603.2,602.0,605.85,590.1,599.95,599.6,600.49,68770,412.95,6366, 18243, 26.53
RAMKY, EQ, 23-Dec-2025,556.3,556.0,590.65,537.85,580.0,577.65,577.22,135181,780.29,6301, 61974, 45.85
RAMRAT, EQ, 23-Dec-2025,627.85,638.9,658.4,628.4,643.7,642.1,643.43,140644,904.94,6314, 72083, 51.25
RANASUG, EQ, 23-Dec-2025,12.54,12.68,12.69,12.47,12.65,12.61,12.59,59942,7.55,457, 39877, 66.53
RANEHOLDIN, EQ, 23-Dec-2025,1298.3,1286.5,1339.0,1286.5,1337.0,1332.5,1325.26,7577,100.41,1321, 3707, 48.92
RATEGAIN, EQ, 23-Dec-2025,658.45,658.45,663.45,644.1,660.5,656.95,654.48,193281,1264.99,13166, 87750, 45.40
RATNAMANI, EQ, 23-Dec-2025,2326.9,2326.9,2334.9,2301.0,2320.0,2320.7,2320.89,14702,341.22,2708, 9559, 65.02
RATNAVEER, EQ, 23-Dec-2025,166.81,167.45,167.67,162.51,163.7,164.07,164.7,1144415,1884.88,10632, 626431, 54.74
RAYMOND, EQ, 23-Dec-2025,431.8,433.95,438.0,430.4,434.9,432.75,434.87,269529,1172.1,18759, 148965, 55.27
RAYMONDLSL, EQ, 23-Dec-2025,1074.5,1075.4,1084.9,1040.0,1069.0,1053.2,1059.64,90897,963.18,8057, 37416, 41.16
RAYMONDREL, EQ, 23-Dec-2025,487.25,490.55,504.85,485.65,494.9,494.85,496.47,244247,1212.61,7706, 98540, 40.34
RBA, EQ, 23-Dec-2025,64.74,65.2,67.9,64.01,66.4,66.23,65.61,30971681,20321.76,49731, 12666070, 40.90
RBLBANK, EQ, 23-Dec-2025,303.1,304.0,306.9,302.7,302.9,303.6,304.9,2678987,8168.17,25131, 1140172, 42.56
RBZJEWEL, EQ, 23-Dec-2025,141.86,142.1,147.06,136.0,146.3,145.74,143.35,199273,285.66,7072, 61828, 31.03
RCF, EQ, 23-Dec-2025,139.88,140.9,144.25,139.9,142.69,142.6,142.76,1991278,2842.73,17395, 661738, 33.23
RECLTD, EQ, 23-Dec-2025,344.3,345.8,357.5,343.35,354.0,354.2,353.14,8591989,30341.49,76337, 3557615, 41.41
REDINGTON, EQ, 23-Dec-2025,274.85,275.0,276.35,271.95,275.0,275.35,274.22,682961,1872.8,22713, 284455, 41.65
REDTAPE, EQ, 23-Dec-2025,124.06,124.06,124.95,123.28,124.6,124.25,124.08,146122,181.31,3320, 74213, 50.79
REFEX, EQ, 23-Dec-2025,277.5,279.7,279.7,270.0,272.0,271.5,272.97,781888,2134.3,11319, 242741, 31.05
REGAAL, EQ, 23-Dec-2025,73.53,73.4,73.99,73.0,73.2,73.24,73.43,175523,128.88,2125, 83881, 47.79
REGENCERAM, EQ, 23-Dec-2025,48.15,48.99,49.0,46.13,46.75,46.81,48.4,4118,1.99,52, 3760, 91.31
RELAXO, EQ, 23-Dec-2025,402.4,400.6,406.15,400.6,401.8,403.45,403.36,55182,222.58,3636, 24476, 44.36
RELCHEMQ, EQ, 23-Dec-2025,135.78,135.15,139.0,135.15,136.5,136.87,136.33,1360,1.85,58, 816, 60.00
RELIANCE, EQ, 23-Dec-2025,1575.4,1580.9,1580.9,1568.1,1569.0,1570.7,1573.01,7506564,118079.16,179265, 2344588, 31.23
RELIGARE, EQ, 23-Dec-2025,243.82,244.9,244.9,241.16,243.75,242.94,242.84,1260515,3061.02,8246, 1020175, 80.93
RELTD, EQ, 23-Dec-2025,166.09,166.09,167.16,163.9,166.5,165.25,165.16,92727,153.15,1559, 57226, 61.71
REMSONSIND, EQ, 23-Dec-2025,124.27,125.0,125.79,122.58,122.58,123.5,123.86,101577,125.82,2748, 75659, 74.48
RENUKA, EQ, 23-Dec-2025,25.93,26.0,26.08,25.77,26.0,25.98,25.93,2188960,567.58,7593, 1001504, 45.75
REPCOHOME, EQ, 23-Dec-2025,393.4,393.4,407.15,393.4,404.9,404.65,403.2,75176,303.11,3426, 43423, 57.76
REPL, EQ, 23-Dec-2025,128.43,130.49,131.42,124.2,124.21,125.2,127.07,7287,9.26,196, 4451, 61.08
REPRO, EQ, 23-Dec-2025,475.7,472.95,481.45,470.05,472.0,473.0,475.72,27059,128.72,808, 23353, 86.30
RESPONIND, EQ, 23-Dec-2025,197.08,197.08,204.0,195.0,200.55,200.47,200.2,104135,208.48,2511, 48561, 46.63
RETAIL, EQ, 23-Dec-2025,25.98,26.63,26.74,25.5,25.96,25.65,25.72,8212,2.11,106, 6457, 78.63
RGL, EQ, 23-Dec-2025,127.9,128.24,129.0,126.5,127.0,127.58,127.72,137059,175.05,1474, 80323, 58.60
RHETAN, EQ, 23-Dec-2025,24.42,24.4,24.89,24.25,24.36,24.4,24.39,695937,169.72,1658, 273597, 39.31
RHIM, EQ, 23-Dec-2025,450.55,450.0,460.0,450.0,450.85,451.55,454.11,103842,471.56,6916, 39427, 37.97
RHL, EQ, 23-Dec-2025,195.11,190.56,204.9,186.0,189.9,190.85,192.81,29317,56.53,845, 20040, 68.36
RICOAUTO, EQ, 23-Dec-2025,128.06,126.9,129.0,125.66,126.6,127.29,127.41,3919117,4993.43,15968, 850433, 21.70
RIIL, EQ, 23-Dec-2025,816.65,818.0,831.95,817.75,827.25,828.25,826.54,42773,353.53,2258, 11418, 26.69
RISHABH, EQ, 23-Dec-2025,383.5,383.5,409.8,381.0,405.05,402.75,397.29,57817,229.7,2137, 31510, 54.50
RITCO, EQ, 23-Dec-2025,278.5,279.0,279.0,273.2,274.0,275.35,276.08,27647,76.33,1007, 11592, 41.93
RITES, EQ, 23-Dec-2025,232.6,235.99,252.28,234.5,241.9,241.95,245.08,9065054,22216.54,117139, 961138, 10.60
RKDL, EQ, 23-Dec-2025,22.94,22.94,23.27,22.7,23.08,22.83,22.98,9018,2.07,143, 7128, 79.04
RKEC, EQ, 23-Dec-2025,53.9,54.01,61.9,53.79,59.44,59.75,59.21,154409,91.42,2531, 70904, 45.92
RKFORGE, EQ, 23-Dec-2025,508.55,509.0,528.5,507.2,523.4,524.15,523.55,728957,3816.46,24962, 209870, 28.79
RKSWAMY, EQ, 23-Dec-2025,113.38,113.38,113.79,111.82,112.94,112.9,112.81,25526,28.8,841, 18653, 73.07
RMDRIP, EQ, 23-Dec-2025,79.01,79.05,79.65,79.0,79.27,79.0,79.1,121178,95.85,576, 84346, 69.61
RML, EQ, 23-Dec-2025,738.1,740.05,752.35,739.05,741.25,746.15,746.47,5878,43.88,443, 4199, 71.44
RNBDENIMS, EQ, 23-Dec-2025,118.33,118.2,120.14,117.41,119.4,118.45,119.1,7802,9.29,268, 5043, 64.64
ROHLTD, EQ, 23-Dec-2025,405.8,405.8,416.4,401.15,406.45,411.75,411.29,54286,223.27,1470, 26343, 48.53
ROLEXRINGS, EQ, 23-Dec-2025,129.39,130.08,134.7,128.91,130.8,130.44,131.75,3622358,4772.56,27880, 1660555, 45.84
ROLLT, EQ, 23-Dec-2025,1.27,1.34,1.34,1.25,1.29,1.27,1.29,334242,4.32,224, 175800, 52.60
ROML, EQ, 23-Dec-2025,50.58,50.58,51.12,49.63,50.2,50.19,50.43,2114,1.07,93, 1682, 79.56
ROSSARI, EQ, 23-Dec-2025,579.9,583.0,587.95,570.0,586.3,586.9,581.27,27169,157.92,1901, 14299, 52.63
ROSSELLIND, EQ, 23-Dec-2025,50.25,50.25,51.99,50.05,51.0,51.29,50.98,26619,13.57,837, 15287, 57.43
ROSSTECH, EQ, 23-Dec-2025,645.45,643.1,651.0,628.15,639.35,632.75,639.97,59450,380.46,4806, 22947, 38.60
ROTO, EQ, 23-Dec-2025,73.37,73.15,73.37,70.1,71.1,71.47,71.87,2690227,1933.41,14088, 451441, 16.78
ROUTE, EQ, 23-Dec-2025,716.3,720.0,724.55,710.15,716.7,714.95,716.89,162986,1168.43,7517, 49146, 30.15
RPEL, EQ, 23-Dec-2025,960.4,969.0,1009.0,960.0,1009.0,1004.8,992.45,70417,698.85,4771, 27051, 38.42
RPGLIFE, EQ, 23-Dec-2025,2333.1,2306.6,2357.1,2306.6,2357.0,2353.4,2343.5,2881,67.52,853, 1830, 63.52
RPOWER, EQ, 23-Dec-2025,35.28,35.45,36.89,34.59,36.1,36.28,35.99,81289761,29253.26,110092, 18586426, 22.86
RPPINFRA, EQ, 23-Dec-2025,101.23,102.14,110.75,102.14,107.84,107.11,106.77,423075,451.72,8117, 147790, 34.93
RPPL, EQ, 23-Dec-2025,17.39,17.6,18.4,17.0,18.39,18.25,17.62,185523,32.7,625, 139569, 75.23
RPSGVENT, EQ, 23-Dec-2025,746.45,745.1,752.65,742.0,749.5,748.1,748.6,36879,276.08,1418, 12671, 34.36
RPTECH, EQ, 23-Dec-2025,340.5,340.5,344.65,337.25,344.0,339.05,340.89,47334,161.35,2151, 18025, 38.08
RRKABEL, EQ, 23-Dec-2025,1532.7,1540.3,1543.5,1514.1,1528.0,1526.4,1526.59,221921,3387.82,22958, 106825, 48.14
RSSOFTWARE, EQ, 23-Dec-2025,53.42,53.99,55.55,53.0,53.3,54.51,54.48,78644,42.84,1163, 39809, 50.62
RSWM, EQ, 23-Dec-2025,150.58,152.5,152.6,150.1,150.11,150.46,151.19,14396,21.77,370, 8644, 60.04
RSYSTEMS, EQ, 23-Dec-2025,420.0,420.35,420.35,406.5,409.0,408.8,412.74,97708,403.28,3556, 58728, 60.11
RTNINDIA, EQ, 23-Dec-2025,41.86,41.96,42.89,41.65,42.37,42.3,42.4,1590069,674.13,12612, 514308, 32.35
RTNPOWER, EQ, 23-Dec-2025,9.54,9.55,9.7,9.49,9.65,9.62,9.62,9022894,868.02,13013, 4870015, 53.97
RUBFILA, EQ, 23-Dec-2025,73.78,73.78,74.99,72.26,74.0,74.25,74.05,11948,8.85,201, 8458, 70.79
RUBICON, EQ, 23-Dec-2025,687.4,690.0,698.0,676.95,689.0,688.6,688.95,193115,1330.47,10290, 111306, 57.64
RUBYMILLS, EQ, 23-Dec-2025,222.97,222.04,229.99,222.04,223.65,223.99,225.57,6728,15.18,305, 3705, 55.07
RUCHINFRA, EQ, 23-Dec-2025,6.56,6.69,6.69,6.5,6.55,6.56,6.57,61474,4.04,172, 58099, 94.51
RUCHIRA, EQ, 23-Dec-2025,120.73,121.6,122.36,120.01,122.1,121.4,121.46,35751,43.42,880, 18541, 51.86
RUDRA, EQ, 23-Dec-2025,26.05,26.9,26.9,24.2,26.3,25.74,26.13,165560,43.26,1104, 55468, 33.50
RUPA, EQ, 23-Dec-2025,162.99,163.1,164.7,162.55,163.65,164.19,163.94,101857,166.99,4218, 60836, 59.73
RUSHIL, EQ, 23-Dec-2025,23.89,23.79,23.98,23.49,23.5,23.61,23.7,200867,47.6,1180, 127000, 63.23
RUSTOMJEE, EQ, 23-Dec-2025,530.1,530.1,535.5,519.75,535.35,531.7,526.19,24562,129.24,2305, 12527, 51.00
RVHL, EQ, 23-Dec-2025,54.94,52.4,57.0,52.4,54.96,53.99,54.93,9834,5.4,162, 5616, 57.11
RVNL, EQ, 23-Dec-2025,332.5,334.2,349.5,333.0,342.6,341.85,342.42,20825008,71309.12,152203, 4042883, 19.41
RVTH, EQ, 23-Dec-2025,732.9,747.95,747.95,725.0,725.5,725.5,732.97,374,2.74,45, 338, 90.37
S&SPOWER, EQ, 23-Dec-2025,258.04,263.98,263.98,258.04,258.04,259.73,260.44,3134,8.16,214, 1998, 63.75
SAATVIKGL, EQ, 23-Dec-2025,396.95,409.0,417.3,378.1,379.65,381.0,393.58,1702332,6700.09,42505, 616079, 36.19
SADBHAV, EQ, 23-Dec-2025,14.19,14.5,14.7,13.49,13.49,13.49,13.66,1392364,190.26,1766, 796001, 57.17
SADBHIN, EQ, 23-Dec-2025,3.93,3.93,3.94,3.63,3.9,3.84,3.79,112840,4.28,372, 79137, 70.13
SADHNANIQ, EQ, 23-Dec-2025,7.7,8.35,8.47,7.95,8.1,8.04,8.3,6669602,553.72,4330, 3478770, 52.16
SAFARI, EQ, 23-Dec-2025,2212.1,2212.1,2220.9,2191.0,2199.6,2199.8,2200.97,11074,243.74,3197, 6404, 57.83
SAGARDEEP, EQ, 23-Dec-2025,25.42,25.42,25.98,25.41,25.5,25.52,25.76,5121,1.32,64, 4393, 85.78
SAGCEM, EQ, 23-Dec-2025,209.15,211.25,212.2,208.6,209.0,210.04,210.53,32945,69.36,1253, 23780, 72.18
SAGILITY, EQ, 23-Dec-2025,52.85,52.99,53.09,52.35,52.61,52.59,52.72,14295716,7536.73,38688, 7100734, 49.67
SAHYADRI, EQ, 23-Dec-2025,251.05,254.6,258.7,248.25,251.15,253.6,253.76,4061,10.31,345, 1547, 38.09
SAIL, EQ, 23-Dec-2025,130.06,130.65,133.92,129.91,133.0,132.71,132.41,14054101,18609.35,44105, 5025363, 35.76
SAILIFE, EQ, 23-Dec-2025,911.75,912.9,920.65,897.3,901.0,901.8,906.94,297693,2699.88,20448, 177570, 59.65
SAKAR, EQ, 23-Dec-2025,422.2,423.95,439.95,418.05,429.5,426.9,426.34,26822,114.35,951, 17683, 65.93
SAKHTISUG, EQ, 23-Dec-2025,19.21,19.16,19.38,19.01,19.1,19.17,19.2,61558,11.82,540, 42804, 69.53
SAKSOFT, EQ, 23-Dec-2025,203.73,203.73,203.74,199.35,200.97,201.8,201.19,135283,272.17,3625, 64805, 47.90
SAKUMA, EQ, 23-Dec-2025,2.14,2.17,2.21,2.13,2.21,2.19,2.16,1515034,32.78,1426, 1133625, 74.83
SALASAR, EQ, 23-Dec-2025,9.0,9.05,9.15,8.96,9.02,9.02,9.05,2936204,265.73,3878, 1284678, 43.75
SALONA, EQ, 23-Dec-2025,269.4,265.05,271.65,261.25,265.5,266.6,267.53,2912,7.79,176, 1548, 53.16
SALZERELEC, EQ, 23-Dec-2025,696.55,699.95,705.45,691.0,691.0,694.65,697.09,43620,304.07,2215, 21100, 48.37
SAMBHV, EQ, 23-Dec-2025,94.61,94.7,97.49,94.59,96.59,96.33,96.4,454061,437.73,4147, 234793, 51.71
SAMHI, EQ, 23-Dec-2025,182.58,183.23,183.23,180.6,181.66,181.95,181.87,349437,635.53,14470, 189491, 54.23
SAMMAANCAP, EQ, 23-Dec-2025,141.85,141.85,143.26,140.61,140.99,140.89,141.64,7303675,10345.19,24368, 3100855, 42.46
SAMPANN, EQ, 23-Dec-2025,32.39,32.39,34.25,32.12,33.55,33.66,33.02,41673,13.76,1411, 22747, 54.58
SANATHAN, EQ, 23-Dec-2025,451.35,460.0,460.1,440.1,440.1,443.55,446.49,21194,94.63,1437, 13538, 63.88
SANDESH, EQ, 23-Dec-2025,1085.0,1085.0,1093.8,1085.0,1093.8,1093.8,1092.32,208,2.27,44, 189, 90.87
SANDHAR, EQ, 23-Dec-2025,559.2,559.2,585.0,554.8,580.65,580.95,576.84,433509,2500.65,16371, 223706, 51.60
SANDUMA, EQ, 23-Dec-2025,221.13,222.39,233.7,220.5,227.01,227.3,228.64,9901449,22638.41,80252, 2305874, 23.29
SANGAMIND, EQ, 23-Dec-2025,432.9,433.35,443.35,433.1,442.0,440.25,439.48,12599,55.37,1013, 7539, 59.84
SANGHIIND, EQ, 23-Dec-2025,62.78,63.7,64.97,63.3,63.6,63.52,63.95,174774,111.76,914, 50345, 28.81
SANGHVIMOV, EQ, 23-Dec-2025,346.9,370.0,377.95,360.2,365.5,365.25,367.37,3136771,11523.64,60672, 424336, 13.53
SANGINITA, EQ, 23-Dec-2025,10.23,10.67,10.7,10.3,10.4,10.4,10.43,46021,4.8,104, 35443, 77.01
SANOFI, EQ, 23-Dec-2025,4113.9,4124.0,4133.8,4065.0,4084.9,4071.4,4084.97,13881,567.03,4239, 8962, 64.56
SANOFICONR, EQ, 23-Dec-2025,4592.9,4575.1,4592.9,4500.0,4506.0,4508.9,4530.52,3494,158.3,1186, 2449, 70.09
SANSERA, EQ, 23-Dec-2025,1721.4,1721.5,1760.0,1712.3,1720.7,1727.5,1736.57,130574,2267.51,13180, 81240, 62.22
SANSTAR, EQ, 23-Dec-2025,90.86,90.1,91.44,90.06,90.8,90.55,90.58,110556,100.14,1154, 53490, 48.38
SAPPHIRE, EQ, 23-Dec-2025,240.65,240.65,249.0,236.6,247.5,247.31,244.47,968882,2368.66,20233, 577374, 59.59
SARDAEN, EQ, 23-Dec-2025,511.3,511.3,534.5,511.3,531.0,530.25,527.61,1236066,6521.63,41441, 449832, 36.39
SAREGAMA, EQ, 23-Dec-2025,347.65,349.2,349.4,345.0,346.95,347.55,347.07,259354,900.14,11143, 136301, 52.55
SARLAPOLY, EQ, 23-Dec-2025,86.49,86.49,89.6,85.61,88.06,88.66,87.07,91397,79.58,2073, 53960, 59.04
SARVESHWAR, EQ, 23-Dec-2025,4.64,4.65,4.7,4.57,4.63,4.59,4.6,4334995,199.61,4014, 1891238, 43.63
SASKEN, EQ, 23-Dec-2025,1311.8,1299.0,1389.7,1291.1,1373.8,1369.7,1347.82,88195,1188.71,10473, 21347, 24.20
SASTASUNDR, EQ, 23-Dec-2025,301.55,299.3,311.8,299.3,303.35,306.45,307.23,9125,28.03,251, 6232, 68.30
SATIA, EQ, 23-Dec-2025,65.69,65.9,67.9,65.84,67.4,67.23,67.03,78359,52.52,1206, 43122, 55.03
SATIN, EQ, 23-Dec-2025,140.77,141.15,141.95,140.85,141.05,141.1,141.12,56111,79.19,1376, 33869, 60.36
SAURASHCEM, EQ, 23-Dec-2025,83.68,84.0,85.55,81.96,84.7,84.01,83.97,132915,111.61,2061, 65907, 49.59
SBC, EQ, 23-Dec-2025,28.19,28.42,28.62,28.22,28.35,28.35,28.41,12178236,3459.49,6558, 6292305, 51.67
SBCL, EQ, 23-Dec-2025,443.25,442.55,449.5,440.55,448.0,445.85,446.43,37864,169.03,2455, 26046, 68.79
SBFC, EQ, 23-Dec-2025,104.38,104.99,106.4,104.34,104.95,104.8,105.34,1519480,1600.69,35446, 673395, 44.32
SBGLP, EQ, 23-Dec-2025,37.49,35.36,38.57,35.36,37.16,37.67,37.57,89281,33.54,1273, 41464, 46.44
SBIBPB, EQ, 23-Dec-2025,48.6,48.61,49.49,48.4,48.63,48.66,48.66,40654,19.78,306, 34052, 83.76
SBICARD, EQ, 23-Dec-2025,872.2,871.0,875.0,861.6,869.0,866.95,869.5,419784,3650.02,18485, 234488, 55.86
SBIETFCON, EQ, 23-Dec-2025,126.32,127.97,127.97,125.59,126.57,126.24,126.35,8278,10.46,173, 5435, 65.66
SBIETFIT, EQ, 23-Dec-2025,432.65,435.55,435.55,427.0,429.82,429.49,429.02,4395,18.86,250, 3031, 68.96
SBIETFPB, EQ, 23-Dec-2025,290.72,290.71,291.2,289.71,291.0,290.68,290.39,2419,7.02,81, 1934, 79.95
SBIETFQLTY, EQ, 23-Dec-2025,232.47,231.6,233.37,231.6,233.37,233.1,232.82,383,0.89,38, 359, 93.73
SBILIFE, EQ, 23-Dec-2025,2022.3,2032.2,2032.2,2018.3,2024.0,2024.8,2025.59,290105,5876.34,17128, 174163, 60.03
SBILIQETF, EQ, 23-Dec-2025,1019.42,1019.54,1019.56,1019.54,1019.56,1019.54,1019.56,131396,1339.66,53, 130082, 99.00
SBIN, EQ, 23-Dec-2025,974.3,976.3,977.55,970.7,971.25,971.9,973.41,5123287,49870.59,142849, 3076142, 60.04
SBINEQWETF, EQ, 23-Dec-2025,33.5,33.77,33.77,33.41,33.67,33.67,33.64,31070,10.45,235, 24535, 78.97
SBISILVER, EQ, 23-Dec-2025,205.24,206.88,208.3,206.03,207.35,206.97,206.96,5041739,10434.25,11777, 4016106, 79.66
SCHAEFFLER, EQ, 23-Dec-2025,3901.9,3889.1,3896.0,3780.0,3780.5,3795.9,3829.58,63556,2433.93,13330, 41602, 65.46
SCHAND, EQ, 23-Dec-2025,163.8,160.2,165.48,160.2,164.05,164.13,163.9,10491,17.2,647, 6830, 65.10
SCHNEIDER, EQ, 23-Dec-2025,742.4,745.7,748.0,730.55,745.0,744.95,739.83,132626,981.21,9170, 64231, 48.43
SCI, EQ, 23-Dec-2025,214.33,215.5,218.0,213.51,216.3,216.73,216.49,2207267,4778.51,22991, 681707, 30.88
SCILAL, EQ, 23-Dec-2025,46.92,47.0,47.74,46.75,47.25,47.11,47.02,188662,88.71,1435, 98512, 52.22
SCODATUBES, EQ, 23-Dec-2025,154.08,155.15,156.5,154.08,155.98,155.14,155.6,100093,155.75,3871, 47566, 47.52
SCPL, EQ, 23-Dec-2025,317.41,317.94,320.28,305.1,307.0,306.54,310.86,13975,43.44,457, 10165, 72.74
SDBL, EQ, 23-Dec-2025,107.82,108.2,108.4,106.96,107.4,107.16,107.44,245224,263.47,4368, 147560, 60.17
SDL26BEES, EQ, 23-Dec-2025,135.31,135.11,137.25,133.33,135.5,135.4,136.18,13577,18.49,143, 6372, 46.93
SEAMECLTD, EQ, 23-Dec-2025,1042.95,1045.4,1058.9,1020.55,1030.0,1031.7,1036.65,36098,374.21,3631, 20101, 55.68
SECMARK, EQ, 23-Dec-2025,113.82,115.49,120.01,105.41,118.4,118.68,115.67,899,1.04,40, 584, 64.96
SELECTIPO, EQ, 23-Dec-2025,46.73,46.72,46.8,46.59,46.65,46.65,46.69,6400,2.99,110, 4431, 69.23
SELMC, EQ, 23-Dec-2025,38.8,40.24,40.24,35.0,35.8,35.75,36.72,24764,9.09,363, 17696, 71.46
SEMAC, EQ, 23-Dec-2025,301.6,307.9,331.0,296.0,327.8,304.0,302.02,2299,6.94,101, 1698, 73.86
SENCO, EQ, 23-Dec-2025,317.6,319.35,322.6,316.0,321.0,321.3,320.44,338494,1084.67,7895, 199055, 58.81
SENORES, EQ, 23-Dec-2025,821.05,821.05,821.05,795.8,805.0,804.5,806.81,208886,1685.31,12180, 127785, 61.17
SENSEXADD, EQ, 23-Dec-2025,87.6,87.6,87.72,87.3,87.71,87.64,87.62,1599,1.4,31, 1212, 75.80
SENSEXETF, EQ, 23-Dec-2025,87.63,87.7,87.82,87.38,87.7,87.7,87.64,22234,19.49,149, 18645, 83.86
SENSEXIETF, EQ, 23-Dec-2025,977.35,977.01,978.33,973.06,977.18,976.13,976.23,2380,23.23,353, 1582, 66.47
SEPC, EQ, 23-Dec-2025,10.18,10.18,10.22,9.95,10.04,10.05,10.11,6501276,657.48,6487, 2226083, 34.24
SEQUENT, EQ, 23-Dec-2025,218.33,219.2,222.8,214.68,217.16,216.68,217.98,751785,1638.75,12980, 350337, 46.60
SERVOTECH, EQ, 23-Dec-2025,80.05,80.1,81.0,78.36,79.8,79.91,79.86,483731,386.32,6563, 221108, 45.71
SESHAPAPER, EQ, 23-Dec-2025,242.08,238.0,244.49,238.0,243.77,243.0,241.91,2828,6.84,220, 1754, 62.02
SETCO, EQ, 23-Dec-2025,15.12,15.38,15.5,15.01,15.05,15.06,15.18,27554,4.18,172, 23565, 85.52
SETF10GILT, EQ, 23-Dec-2025,257.82,257.82,258.69,257.04,257.83,257.53,257.63,4414,11.37,129, 2467, 55.89
SETFGOLD, EQ, 23-Dec-2025,114.98,116.4,117.15,116.04,116.68,116.58,116.66,7932021,9253.68,12368, 6276187, 79.12
SETFNIF50, EQ, 23-Dec-2025,279.38,280.73,280.73,278.86,279.45,279.48,279.62,338266,945.86,3094, 235911, 69.74
SETFNIFBK, EQ, 23-Dec-2025,606.69,606.4,607.5,605.51,606.0,606.64,606.54,7648,46.39,363, 5124, 67.00
SETFNN50, EQ, 23-Dec-2025,733.03,736.59,737.96,733.1,733.98,736.07,736.19,19740,145.32,1284, 12266, 62.14
SFL, EQ, 23-Dec-2025,584.95,588.0,588.0,579.85,584.9,583.85,583.6,34220,199.71,3501, 16708, 48.83
SGFIN, EQ, 23-Dec-2025,414.05,415.0,418.4,405.15,407.95,408.35,411.29,76580,314.97,2209, 38398, 50.14
SGIL, EQ, 23-Dec-2025,530.45,530.45,533.3,527.55,530.8,531.75,531.59,6714,35.69,273, 5476, 81.56
SGL, EQ, 23-Dec-2025,12.77,12.71,12.97,12.61,12.9,12.88,12.87,8536,1.1,58, 7576, 88.75
SGLTL, EQ, 23-Dec-2025,149.18,149.2,155.5,149.18,153.93,153.72,152.77,238467,364.3,3976, 114122, 47.86
SGMART, EQ, 23-Dec-2025,350.8,352.0,367.0,348.95,361.4,362.2,358.34,330019,1182.6,4501, 223152, 67.62
SHAH, EQ, 23-Dec-2025,4.91,4.95,5.02,4.95,4.95,4.96,4.97,4384007,217.99,1325, 2753164, 62.80
SHAHALLOYS, EQ, 23-Dec-2025,68.39,69.42,69.5,68.4,68.99,68.66,68.88,4287,2.95,203, 2259, 52.69
SHAILY, EQ, 23-Dec-2025,2402.6,2406.1,2432.9,2369.0,2381.9,2379.6,2389.13,106952,2555.22,11812, 43620, 40.78
SHAKTIPUMP, EQ, 23-Dec-2025,713.65,724.95,767.7,710.2,729.35,731.3,740.64,6341012,46964.26,130202, 829660, 13.08
SHALBY, EQ, 23-Dec-2025,200.66,201.4,204.0,197.0,203.99,202.96,199.53,317784,634.07,7883, 153979, 48.45
SHALPAINTS, EQ, 23-Dec-2025,57.66,57.95,58.96,57.13,57.79,57.5,58.13,77827,45.24,1136, 48728, 62.61
SHANKARA, EQ, 23-Dec-2025,112.05,112.6,112.6,109.7,109.7,110.21,110.82,46955,52.03,983, 32789, 69.83
SHANTI, EQ, 23-Dec-2025,9.18,9.1,9.3,9.1,9.24,9.24,9.17,15842,1.45,118, 11566, 73.01
SHANTIGEAR, EQ, 23-Dec-2025,470.8,471.25,473.7,470.2,471.8,470.95,471.19,5400,25.44,376, 2649, 49.06
SHANTIGOLD, EQ, 23-Dec-2025,195.79,196.6,198.51,195.0,197.0,196.75,196.78,94476,185.91,2641, 45387, 48.04
SHARDACROP, EQ, 23-Dec-2025,892.25,899.1,903.8,889.5,893.35,893.3,896.38,88947,797.31,6096, 37695, 42.38
SHARDAMOTR, EQ, 23-Dec-2025,970.25,974.0,974.0,960.0,961.0,963.6,965.25,16755,161.73,1956, 7921, 47.28
SHAREINDIA, EQ, 23-Dec-2025,171.73,171.5,177.0,170.85,174.55,174.64,174.86,301240,526.74,4449, 145257, 48.22
SHARIABEES, EQ, 23-Dec-2025,521.71,519.22,522.62,517.57,522.1,521.86,520.98,9868,51.41,658, 8596, 87.11
SHEKHAWATI, EQ, 23-Dec-2025,19.96,20.98,20.98,19.63,20.08,19.84,19.92,15354,3.06,125, 10842, 70.61
SHEMAROO, EQ, 23-Dec-2025,105.26,106.83,107.6,105.95,107.0,106.59,106.74,1179,1.26,56, 774, 65.65
SHILCTECH, EQ, 23-Dec-2025,3959.3,3961.0,4032.0,3900.0,3969.7,3969.9,3952.57,8365,330.63,3302, 4105, 49.07
SHILPAMED, EQ, 23-Dec-2025,330.4,330.4,330.45,322.85,324.7,324.2,326.48,108845,355.36,7668, 58870, 54.09
SHIVALIK, EQ, 23-Dec-2025,374.25,372.25,384.8,368.35,370.45,372.25,374.67,15243,57.11,674, 10980, 72.03
SHIVAMAUTO, EQ, 23-Dec-2025,26.22,26.1,26.3,24.76,25.0,25.01,25.39,307171,77.98,2132, 148247, 48.26
SHIVAMILLS, EQ, 23-Dec-2025,60.29,63.7,63.7,60.05,60.26,60.26,60.69,3060,1.86,93, 1992, 65.10
SHIVATEX, EQ, 23-Dec-2025,183.63,181.62,186.32,177.1,181.99,179.48,179.92,6096,10.97,260, 5023, 82.40
SHIVAUM, EQ, 23-Dec-2025,282.15,282.0,282.0,281.0,281.0,281.0,281.91,55,0.16,7, 55, 100.00
SHK, EQ, 23-Dec-2025,176.51,177.99,179.8,175.35,175.5,175.9,177.45,273988,486.2,6374, 149746, 54.65
SHOPERSTOP, EQ, 23-Dec-2025,432.6,421.85,434.4,421.85,426.0,424.95,424.12,109010,462.33,9195, 69500, 63.76
SHRADHA, EQ, 23-Dec-2025,39.35,39.36,40.19,39.06,39.89,39.56,39.49,8408,3.32,85, 6078, 72.29
SHREDIGCEM, EQ, 23-Dec-2025,90.26,90.07,90.83,89.84,90.15,90.23,90.33,235359,212.59,1156, 126921, 53.93
SHREECEM, EQ, 23-Dec-2025,25710.0,25710.0,26150.0,25600.0,25925.0,25940.0,25971.76,46538,12086.74,13826, 26912, 57.83
SHREEJISPG, EQ, 23-Dec-2025,327.4,327.4,330.0,316.7,318.0,320.9,324.23,753597,2443.38,10415, 293938, 39.00
SHREEPUSHK, EQ, 23-Dec-2025,392.1,391.75,399.0,390.05,393.0,392.15,394.19,27328,107.72,1302, 13885, 50.81
SHREERAMA, EQ, 23-Dec-2025,57.53,57.81,62.85,57.51,60.0,60.22,60.77,202136,122.84,1649, 112442, 55.63
SHRENIK, EQ, 23-Dec-2025,0.6,0.59,0.61,0.48,0.51,0.51,0.55,11694484,63.95,1842, 6054146, 51.77
SHREYANIND, EQ, 23-Dec-2025,175.0,175.0,176.89,172.76,175.0,173.55,174.95,4067,7.12,147, 3352, 82.42
SHRINGARMS, EQ, 23-Dec-2025,227.37,228.69,230.8,225.01,226.5,226.52,228.02,1050729,2395.84,4485, 369782, 35.19
SHRIPISTON, EQ, 23-Dec-2025,3175.7,3167.0,3206.3,3156.0,3170.3,3185.9,3183.86,46723,1487.59,9379, 17461, 37.37
SHRIRAMFIN, EQ, 23-Dec-2025,934.85,938.7,959.95,931.7,957.5,957.8,948.93,14632455,138852.04,237784, 7736808, 52.87
SHRIRAMPPS, EQ, 23-Dec-2025,86.3,86.1,87.34,85.79,87.01,86.98,86.52,237776,205.71,2879, 119769, 50.37
SHYAMMETL, EQ, 23-Dec-2025,815.2,823.4,839.8,817.15,825.0,826.25,829.88,211166,1752.42,12962, 75062, 35.55
SHYAMTEL, EQ, 23-Dec-2025,12.7,12.84,13.05,12.48,12.6,12.61,12.62,2950,0.37,38, 2945, 99.83
SIEMENS, EQ, 23-Dec-2025,3140.0,3141.4,3141.4,3107.5,3134.0,3134.2,3128.89,219121,6856.06,11882, 111004, 50.66
SIGACHI, EQ, 23-Dec-2025,34.18,34.45,34.73,34.22,34.4,34.38,34.47,1022903,352.62,4290, 393803, 38.50
SIGIND, EQ, 23-Dec-2025,55.45,54.2,56.55,54.2,55.5,55.48,55.42,2010,1.11,69, 1210, 60.20
SIGNATURE, EQ, 23-Dec-2025,1140.3,1147.1,1147.1,1135.1,1142.1,1140.4,1141.42,231997,2648.05,4992, 15402, 6.64
SIGNPOST, EQ, 23-Dec-2025,223.32,224.42,227.4,222.37,225.5,225.82,224.65,23864,53.61,881, 17599, 73.75
SIL, EQ, 23-Dec-2025,16.22,16.25,16.3,15.9,16.1,16.07,16.11,34258,5.52,403, 29679, 86.63
SILGO, EQ, 23-Dec-2025,74.96,76.64,76.64,74.49,75.0,75.32,75.46,275137,207.62,3785, 15842, 5.76
SILINV, EQ, 23-Dec-2025,518.65,518.65,524.1,518.0,520.75,520.0,520.22,839,4.36,182, 324, 38.62
SILVER, EQ, 23-Dec-2025,209.03,210.31,211.98,210.0,210.46,210.35,210.7,2623544,5527.76,11844, 1675333, 63.86
SILVER1, EQ, 23-Dec-2025,202.94,204.11,205.78,204.0,204.5,204.49,204.8,1666273,3412.52,5097, 1245507, 74.75
SILVER360, EQ, 23-Dec-2025,204.8,206.89,209.33,206.51,207.0,207.58,207.31,39562,82.02,814, 30825, 77.92
SILVERADD, EQ, 23-Dec-2025,201.97,203.01,204.94,202.97,204.0,203.64,203.73,474299,966.29,2726, 321122, 67.70
SILVERAG, EQ, 23-Dec-2025,203.74,209.85,209.85,204.53,205.87,205.82,205.81,708308,1457.74,2790, 488842, 69.02
SILVERBEES, EQ, 23-Dec-2025,199.95,202.0,202.95,201.22,201.93,201.79,202.01,46020963,92965.87,126360, 23444719, 50.94
SILVERBND, EQ, 23-Dec-2025,214.89,216.5,216.71,209.21,213.12,214.63,213.52,24190,51.65,516, 14913, 61.65
SILVERCASE, EQ, 23-Dec-2025,21.19,21.83,21.83,21.28,21.4,21.38,21.43,14856580,3184.26,15375, 10424020, 70.16
SILVERETF, EQ, 23-Dec-2025,202.54,203.6,205.43,203.6,204.0,203.98,204.27,2430878,4965.64,9993, 1499617, 61.69
SILVERIETF, EQ, 23-Dec-2025,208.63,214.89,214.89,209.86,210.5,210.38,210.47,11818615,24874.56,29224, 6724227, 56.90
SILVERTUC, EQ, 23-Dec-2025,871.35,872.8,879.5,855.0,870.0,868.6,866.05,64693,560.27,3271, 27169, 42.00
SIMPLEXINF, EQ, 23-Dec-2025,256.05,259.0,264.1,255.6,260.5,260.25,260.63,26811,69.88,899, 15044, 56.11
SINCLAIR, EQ, 23-Dec-2025,85.36,86.21,86.21,83.41,85.65,85.24,85.39,20280,17.32,310, 13590, 67.01
SINDHUTRAD, EQ, 23-Dec-2025,21.06,21.25,21.29,20.93,21.2,21.01,21.03,946476,199.09,1777, 721962, 76.28
SINTERCOM, EQ, 23-Dec-2025,106.63,107.01,107.99,101.0,102.1,102.25,103.8,8801,9.14,422, 5528, 62.81
SIRCA, EQ, 23-Dec-2025,501.55,503.0,508.45,490.0,491.9,493.6,499.58,377221,1884.5,6616, 96621, 25.61
SIS, EQ, 23-Dec-2025,333.1,333.95,333.95,329.75,330.05,330.4,330.95,77652,256.99,5774, 63759, 82.11
SIYSIL, EQ, 23-Dec-2025,627.8,629.5,639.0,626.0,632.3,633.6,632.8,62429,395.05,5109, 28687, 45.95
SJS, EQ, 23-Dec-2025,1723.1,1725.9,1782.0,1725.9,1781.5,1779.6,1765.17,133611,2358.47,14135, 67154, 50.26
SJVN, EQ, 23-Dec-2025,72.95,73.04,76.13,72.75,75.24,75.27,75.01,6909243,5182.37,48506, 2053762, 29.72
SKFINDIA, EQ, 23-Dec-2025,1776.0,1790.0,1790.1,1762.3,1769.8,1768.4,1769.47,24408,431.89,4594, 14865, 60.90
SKFINDUS, EQ, 23-Dec-2025,2397.3,2409.3,2472.6,2395.8,2454.9,2450.3,2438.93,21508,524.57,1556, 16179, 75.22
SKIPPER, EQ, 23-Dec-2025,426.15,426.15,431.7,423.2,425.0,424.5,426.93,135547,578.69,6318, 67836, 50.05
SKMEGGPROD, EQ, 23-Dec-2025,431.9,433.55,436.5,423.3,433.9,433.4,431.71,63810,275.47,3535, 36260, 56.82
SKYGOLD, EQ, 23-Dec-2025,332.25,333.6,336.95,330.15,334.85,333.25,333.32,436193,1453.9,12364, 210412, 48.24
SMALL250, EQ, 23-Dec-2025,16.56,16.56,16.68,16.54,16.65,16.64,16.63,225964,37.57,190, 200328, 88.65
SMALLADD, EQ, 23-Dec-2025,16.51,16.54,16.67,16.53,16.65,16.65,16.57,6030,1.0,23, 4276, 70.91
SMALLCAP, EQ, 23-Dec-2025,44.32,44.64,44.64,44.22,44.46,44.42,44.43,1511050,671.34,2783, 824194, 54.54
SMARTLINK, EQ, 23-Dec-2025,133.57,132.91,135.91,131.69,134.7,133.99,133.59,6559,8.76,126, 5745, 87.59
SMARTWORKS, EQ, 23-Dec-2025,467.0,467.0,470.0,459.85,469.9,464.75,465.88,27934,130.14,1896, 16971, 60.75
SMCGLOBAL, EQ, 23-Dec-2025,86.21,86.98,89.8,85.5,86.0,85.56,85.76,12941180,11098.34,8343, 8757889, 67.67
SML100CASE, EQ, 23-Dec-2025,9.94,10.24,10.24,9.9,9.98,9.96,9.96,693087,69.02,1026, 430277, 62.08
SMLMAH, EQ, 23-Dec-2025,3863.4,3885.8,3900.0,3747.9,3801.0,3795.8,3807.37,55403,2109.4,7242, 23294, 42.04
SMLT, EQ, 23-Dec-2025,86.73,88.01,88.93,84.0,86.7,86.85,85.35,35320,30.15,830, 18482, 52.33
SMSPHARMA, EQ, 23-Dec-2025,313.7,316.0,316.65,310.05,316.1,315.25,313.57,163920,514.01,4440, 70317, 42.90
SNOWMAN, EQ, 23-Dec-2025,42.28,42.7,42.7,40.9,41.23,41.08,41.34,409887,169.45,3143, 240277, 58.62
SNXT30BEES, EQ, 23-Dec-2025,40.28,40.52,41.4,40.12,40.73,40.5,40.7,36025,14.66,115, 22419, 62.23
SOBHA, EQ, 23-Dec-2025,1483.7,1486.9,1507.0,1470.9,1492.8,1491.7,1490.05,73311,1092.37,7592, 34493, 47.05
SOFTTECH, EQ, 23-Dec-2025,331.3,318.0,332.35,316.95,331.25,330.2,328.76,1975,6.49,274, 580, 29.37
SOLARA, EQ, 23-Dec-2025,572.95,570.9,583.0,567.0,572.0,569.85,574.86,57506,330.58,4658, 24834, 43.19
SOLARINDS, EQ, 23-Dec-2025,12620.0,12690.0,12690.0,12447.0,12502.0,12545.0,12562.04,130163,16351.13,26711, 43406, 33.35
SOLARWORLD, EQ, 23-Dec-2025,275.3,275.05,283.3,270.0,270.0,270.95,272.6,66063,180.08,4668, 39722, 60.13
SOLEX, EQ, 23-Dec-2025,1416.1,1418.5,1418.5,1331.0,1345.1,1353.7,1369.57,31627,433.15,3646, 16940, 53.56
SOMANYCERA, EQ, 23-Dec-2025,418.8,420.95,420.95,415.0,419.5,418.8,418.19,14485,60.57,1018, 8377, 57.83
SOMICONVEY, EQ, 23-Dec-2025,129.56,124.2,130.11,124.2,128.0,128.66,128.43,2330,2.99,179, 1749, 75.06
SONACOMS, EQ, 23-Dec-2025,493.45,493.25,493.4,483.5,489.45,488.3,487.78,1028261,5015.61,28106, 390582, 37.98
SONAMLTD, EQ, 23-Dec-2025,41.75,42.69,42.69,41.02,41.52,41.22,41.56,39844,16.56,612, 21481, 53.91
SONATSOFTW, EQ, 23-Dec-2025,351.85,354.0,366.0,350.75,361.9,362.75,359.41,1305993,4693.91,48140, 649395, 49.72
SOTL, EQ, 23-Dec-2025,369.7,369.0,383.8,368.6,380.0,380.5,379.46,31012,117.68,2001, 15258, 49.20
SOUTHBANK, EQ, 23-Dec-2025,39.82,39.88,39.98,39.31,39.34,39.36,39.48,12030663,4750.25,25685, 7169673, 59.59
SPAL, EQ, 23-Dec-2025,708.8,715.0,747.0,706.0,712.0,713.05,726.04,80435,583.99,3680, 44481, 55.30
SPANDANA, EQ, 23-Dec-2025,270.3,270.3,273.4,268.2,270.3,271.5,271.41,98934,268.52,3765, 46592, 47.09
SPARC, EQ, 23-Dec-2025,139.77,139.4,143.39,133.3,134.46,134.01,137.41,3176639,4364.88,25784, 1235797, 38.90
SPECIALITY, EQ, 23-Dec-2025,114.11,114.4,114.9,109.99,111.99,111.48,112.47,63475,71.39,1853, 43513, 68.55
SPECTRUM, EQ, 23-Dec-2025,1233.2,1242.8,1248.2,1201.0,1201.0,1212.8,1223.63,468,5.73,134, 169, 36.11
SPENCERS, EQ, 23-Dec-2025,41.32,41.31,42.38,41.31,42.08,42.2,42.05,88922,37.39,702, 56722, 63.79
SPIC, EQ, 23-Dec-2025,80.25,80.25,82.49,79.81,81.01,81.21,81.41,674376,549.04,5129, 270560, 40.12
SPLIL, EQ, 23-Dec-2025,34.47,34.07,34.9,33.2,33.75,33.81,33.76,21213,7.16,255, 15972, 75.29
SPLPETRO, EQ, 23-Dec-2025,645.9,628.0,653.9,628.0,640.5,641.8,644.27,41415,266.82,3489, 14661, 35.40
SPMLINFRA, EQ, 23-Dec-2025,180.4,178.75,183.48,178.75,180.0,180.61,180.85,61218,110.71,1886, 31984, 52.25
SPORTKING, EQ, 23-Dec-2025,91.02,91.9,91.9,90.02,90.5,90.87,91.03,42930,39.08,809, 25437, 59.25
SRD, EQ, 23-Dec-2025,69.5,69.3,70.63,68.51,69.15,70.21,69.97,58357,40.83,500, 44646, 76.50
SREEL, EQ, 23-Dec-2025,216.98,217.0,220.7,216.8,216.8,217.03,217.92,13330,29.05,342, 7061, 52.97
SRF, EQ, 23-Dec-2025,3091.6,3056.1,3141.7,3055.8,3103.1,3111.7,3104.05,224198,6959.21,27829, 127988, 57.09
SRGHFL, EQ, 23-Dec-2025,284.55,283.7,296.5,270.25,280.0,287.85,283.45,10219,28.97,541, 4868, 47.64
SRHHYPOLTD, EQ, 23-Dec-2025,537.3,538.75,539.6,528.6,533.15,537.2,536.13,9119,48.89,590, 5903, 64.73
SRM, EQ, 23-Dec-2025,553.75,548.0,548.0,513.0,523.5,522.7,526.0,184162,968.7,9594, 77383, 42.02
SSDL, EQ, 23-Dec-2025,77.97,77.65,79.9,77.65,79.9,79.13,79.09,26098,20.64,650, 17496, 67.04
SSWL, EQ, 23-Dec-2025,190.53,190.35,193.57,189.8,192.0,192.74,192.57,62492,120.34,2521, 33597, 53.76
STANLEY, EQ, 23-Dec-2025,216.22,217.99,221.48,216.1,218.0,218.0,218.28,76361,166.68,2121, 43366, 56.79
STAR, EQ, 23-Dec-2025,953.0,957.8,973.9,929.1,969.0,970.85,956.81,347751,3327.3,20583, 169611, 48.77
STARCEMENT, EQ, 23-Dec-2025,220.42,220.65,224.0,219.15,223.15,223.43,221.83,173185,384.18,4906, 80337, 46.39
STARHEALTH, EQ, 23-Dec-2025,461.35,463.55,463.65,458.0,459.1,460.2,459.91,177247,815.18,13513, 87877, 49.58
STARPAPER, EQ, 23-Dec-2025,163.2,163.01,164.6,162.0,163.5,163.34,163.1,2487,4.06,64, 2216, 89.10
STARTECK, EQ, 23-Dec-2025,286.25,291.9,297.0,270.05,286.05,295.3,285.05,8937,25.47,386, 1013, 11.33
STCINDIA, EQ, 23-Dec-2025,124.22,124.9,127.6,122.8,123.0,123.12,124.95,125006,156.2,1928, 35878, 28.70
STEELCAS, EQ, 23-Dec-2025,207.65,207.01,215.0,206.66,212.0,211.82,211.11,50787,107.21,1814, 24400, 48.04
STEELCITY, EQ, 23-Dec-2025,91.89,90.15,92.18,90.15,91.0,91.57,91.28,9129,8.33,217, 5670, 62.11
STEELXIND, EQ, 23-Dec-2025,8.36,8.59,9.68,8.44,9.45,9.4,9.28,10038934,932.1,10306, 4860705, 48.42
STEL, EQ, 23-Dec-2025,543.6,542.25,546.55,520.2,522.3,527.35,532.74,5182,27.61,513, 3681, 71.03
STERTOOLS, EQ, 23-Dec-2025,272.75,273.7,290.0,270.55,283.5,286.1,283.24,140675,398.45,4541, 59971, 42.63
STLNETWORK, EQ, 23-Dec-2025,22.99,23.0,23.68,22.81,22.81,22.87,23.09,1045429,241.36,3784, 514379, 49.20
STLTECH, EQ, 23-Dec-2025,106.31,107.9,107.9,104.25,104.78,104.88,105.75,1341785,1418.94,22916, 513354, 38.26
STOVEKRAFT, EQ, 23-Dec-2025,596.55,596.0,620.5,592.25,606.5,608.9,611.72,93947,574.69,4845, 30546, 32.51
STUDDS, EQ, 23-Dec-2025,544.65,540.65,551.45,538.0,545.3,545.05,545.03,53765,293.04,3051, 17923, 33.34
STYL, EQ, 23-Dec-2025,279.75,277.6,280.95,277.2,278.3,279.1,278.81,42033,117.19,2410, 20900, 49.72
STYLAMIND, EQ, 23-Dec-2025,2255.1,2280.0,2290.1,2245.0,2290.1,2281.3,2274.45,61265,1393.44,5573, 32412, 52.90
STYLEBAAZA, EQ, 23-Dec-2025,261.95,261.95,282.65,261.95,272.1,272.7,273.94,314287,860.96,6866, 145894, 46.42
STYRENIX, EQ, 23-Dec-2025,2004.1,2004.0,2033.9,1990.2,2007.8,2013.0,2014.21,11365,228.92,2058, 5898, 51.90
SUBEXLTD, EQ, 23-Dec-2025,11.95,12.0,12.09,11.84,11.94,11.94,11.95,826846,98.78,2394, 412783, 49.92
SUBROS, EQ, 23-Dec-2025,878.55,883.2,886.7,872.05,880.0,882.7,879.98,57718,507.91,4741, 29175, 50.55
SUDARSCHEM, EQ, 23-Dec-2025,983.4,989.8,989.8,975.0,980.0,981.0,981.39,61400,602.57,11207, 30665, 49.94
SUDEEPPHRM, EQ, 23-Dec-2025,664.4,660.6,667.8,643.0,645.0,648.3,652.55,217277,1417.84,9427, 68998, 31.76
SUKHJITS, EQ, 23-Dec-2025,147.63,149.01,159.9,149.0,155.99,155.02,154.85,31822,49.28,640, 25150, 79.03
SULA, EQ, 23-Dec-2025,217.58,219.05,220.08,215.11,216.87,216.04,216.84,328479,712.29,7828, 174872, 53.24
SUMICHEM, EQ, 23-Dec-2025,455.0,457.8,461.75,450.55,460.0,460.1,456.7,169621,774.66,9655, 85770, 50.57
SUMIT, EQ, 23-Dec-2025,68.27,70.4,71.0,67.43,69.5,69.04,68.64,19485,13.38,282, 12791, 65.65
SUMMITSEC, EQ, 23-Dec-2025,2013.4,2008.4,2039.0,2000.0,2013.0,2003.2,2019.26,2172,43.86,509, 1350, 62.15
SUNCLAY, EQ, 23-Dec-2025,1243.8,1240.0,1245.7,1206.0,1212.2,1219.4,1222.87,10504,128.45,1765, 6333, 60.29
SUNDARAM, EQ, 23-Dec-2025,1.73,1.73,1.79,1.7,1.77,1.76,1.77,198452,3.51,327, 176153, 88.76
SUNDARMFIN, EQ, 23-Dec-2025,4915.7,4945.1,5166.0,4861.1,5115.0,5094.4,5044.65,68770,3469.21,13049, 43954, 63.91
SUNDRMBRAK, EQ, 23-Dec-2025,683.7,687.1,692.55,675.0,685.0,685.45,683.4,930,6.36,108, 717, 77.10
SUNDRMFAST, EQ, 23-Dec-2025,940.7,940.05,945.5,938.0,942.95,942.95,940.83,29096,273.74,3055, 17678, 60.76
SUNDROP, EQ, 23-Dec-2025,715.15,714.95,717.6,684.4,685.0,691.45,698.69,21537,150.48,872, 14802, 68.73
SUNFLAG, EQ, 23-Dec-2025,267.95,267.5,271.7,266.0,268.9,266.65,268.59,108146,290.47,2139, 51045, 47.20
SUNPHARMA, EQ, 23-Dec-2025,1769.8,1772.0,1774.6,1751.7,1753.4,1755.9,1763.78,1124853,19839.93,46712, 737464, 65.56
SUNTECK, EQ, 23-Dec-2025,417.0,417.0,422.0,408.4,411.05,412.0,412.23,186595,769.2,8386, 112496, 60.29
SUNTV, EQ, 23-Dec-2025,557.0,557.0,568.0,552.4,567.0,566.25,562.72,178395,1003.86,9826, 93023, 52.14
SUPERHOUSE, EQ, 23-Dec-2025,147.39,146.72,147.9,145.5,147.39,147.39,146.51,1397,2.05,87, 1089, 77.95
SUPERSPIN, EQ, 23-Dec-2025,8.31,8.94,8.94,8.05,8.28,8.17,8.25,32552,2.69,167, 24618, 75.63
SUPRAJIT, EQ, 23-Dec-2025,476.6,476.95,479.15,472.25,478.5,475.75,476.04,94869,451.62,3877, 46962, 49.50
SUPREME, EQ, 23-Dec-2025,78.02,79.15,79.99,77.7,78.65,78.61,78.35,16238,12.72,375, 8692, 53.53
SUPREMEIND, EQ, 23-Dec-2025,3342.7,3340.0,3376.7,3306.2,3349.5,3350.9,3349.06,152437,5105.21,19380, 98631, 64.70
SUPRIYA, EQ, 23-Dec-2025,748.85,745.75,755.0,741.6,751.9,752.2,749.78,67536,506.37,10119, 30137, 44.62
SURAJEST, EQ, 23-Dec-2025,247.2,246.0,248.85,244.35,245.5,245.1,246.29,45225,111.38,2019, 23364, 51.66
SURAJLTD, EQ, 23-Dec-2025,260.75,267.4,267.4,250.55,259.3,255.6,255.29,1263,3.22,22, 1031, 81.63
SURAKSHA, EQ, 23-Dec-2025,275.5,275.2,278.5,274.0,274.55,275.25,275.22,12188,33.54,725, 8627, 70.78
SURANASOL, EQ, 23-Dec-2025,26.87,26.95,27.29,26.66,27.2,26.98,27.01,52854,14.28,1046, 34318, 64.93
SURANAT&P, EQ, 23-Dec-2025,19.83,19.52,20.6,19.52,20.13,20.05,20.11,92568,18.62,555, 68478, 73.98
SURYALAXMI, EQ, 23-Dec-2025,56.91,57.89,58.2,56.31,57.99,56.91,57.32,11577,6.64,169, 7508, 64.85
SURYAROSNI, EQ, 23-Dec-2025,267.3,268.3,274.4,268.0,271.8,271.0,271.48,329751,895.2,8673, 177817, 53.92
SURYODAY, EQ, 23-Dec-2025,134.2,134.33,147.8,133.2,139.87,144.31,143.63,1373784,1973.23,11626, 498144, 36.26
SUTLEJTEX, EQ, 23-Dec-2025,33.17,33.17,33.8,32.36,32.69,32.47,32.67,56193,18.36,314, 51289, 91.27
SUVEN, EQ, 23-Dec-2025,171.65,171.82,172.9,170.06,171.0,171.3,171.49,100441,172.25,2273, 66403, 66.11
SUVIDHAA, EQ, 23-Dec-2025,3.72,3.67,3.73,3.67,3.71,3.68,3.71,100456,3.73,247, 72232, 71.90
SUYOG, EQ, 23-Dec-2025,626.65,630.0,644.95,621.8,626.0,633.45,634.17,10479,66.45,848, 5277, 50.36
SUZLON, EQ, 23-Dec-2025,53.51,53.51,53.84,53.32,53.6,53.62,53.58,30259539,16212.58,56464, 14225041, 47.01
SVLL, EQ, 23-Dec-2025,727.85,721.0,721.0,700.55,706.0,705.35,705.29,116,0.82,16, 56, 48.28
SWANCORP, EQ, 23-Dec-2025,467.85,468.15,471.9,460.25,462.55,463.2,465.3,782465,3640.79,22282, 313017, 40.00
SWARAJENG, EQ, 23-Dec-2025,3608.4,3611.9,3636.3,3597.8,3600.5,3607.0,3617.0,5215,188.63,1670, 3203, 61.42
SWELECTES, EQ, 23-Dec-2025,619.15,618.0,645.1,611.2,622.55,637.75,628.85,27559,173.3,2027, 16332, 59.26
SWIGGY, EQ, 23-Dec-2025,406.4,406.4,406.9,400.15,404.0,405.05,403.65,4643245,18742.34,59038, 2280230, 49.11
SWSOLAR, EQ, 23-Dec-2025,217.48,219.5,222.4,216.66,219.0,219.78,219.5,1045461,2294.83,18233, 370441, 35.43
SYMPHONY, EQ, 23-Dec-2025,847.2,850.8,853.7,840.0,842.5,840.5,842.41,84870,714.96,4545, 58296, 68.69
SYNCOMF, EQ, 23-Dec-2025,14.78,14.86,15.0,14.7,14.9,14.84,14.84,936331,138.98,3150, 431621, 46.10
SYNGENE, EQ, 23-Dec-2025,659.0,659.0,662.05,655.65,657.0,658.55,658.14,188354,1239.64,15295, 109609, 58.19
SYRMA, EQ, 23-Dec-2025,725.8,728.0,735.0,716.0,734.0,733.5,728.92,989827,7215.01,30756, 520990, 52.63
SYSTMTXC, EQ, 23-Dec-2025,156.14,158.28,158.28,155.0,156.7,155.87,156.55,63889,100.02,904, 7674, 12.01
TAINWALCHM, EQ, 23-Dec-2025,205.57,211.0,211.7,197.99,200.02,201.09,203.65,20837,42.43,1179, 7907, 37.95
TAJGVK, EQ, 23-Dec-2025,404.1,408.0,419.0,403.7,413.85,415.7,412.97,392737,1621.89,10654, 149115, 37.97
TALBROAUTO, EQ, 23-Dec-2025,282.8,283.5,285.25,281.0,282.0,282.85,283.38,72768,206.21,1996, 38237, 52.55
TANLA, EQ, 23-Dec-2025,539.25,541.7,550.0,539.6,548.1,548.75,547.21,227237,1243.47,12145, 120760, 53.14
TARACHAND, EQ, 23-Dec-2025,78.85,80.41,80.41,76.25,77.45,77.08,78.01,108544,84.67,5434, 35153, 32.39
TARC, EQ, 23-Dec-2025,151.99,151.26,153.34,147.83,149.0,148.29,150.23,836175,1256.18,10972, 346844, 41.48
TARIL, EQ, 23-Dec-2025,298.0,299.0,306.6,293.25,299.85,301.55,301.21,2851165,8588.04,35476, 793954, 27.85
TARMAT, EQ, 23-Dec-2025,52.97,52.0,53.4,51.0,51.85,52.0,52.01,26938,14.01,378, 23375, 86.77
TARSONS, EQ, 23-Dec-2025,235.79,237.68,241.0,232.1,232.3,233.36,235.73,105218,248.03,2982, 52635, 50.02
TASTYBITE, EQ, 23-Dec-2025,7976.0,8024.0,8100.0,7940.5,7957.0,7980.5,7993.33,953,76.18,458, 593, 62.22
TATACAP, EQ, 23-Dec-2025,330.0,330.0,348.3,329.15,345.0,344.0,342.42,12132606,41543.96,152501, 5873213, 48.41
TATACHEM, EQ, 23-Dec-2025,768.5,773.95,780.05,767.55,776.9,776.65,774.61,278342,2156.05,12194, 130404, 46.85
TATACOMM, EQ, 23-Dec-2025,1797.9,1807.4,1814.4,1787.3,1789.5,1793.7,1793.69,121814,2184.96,9625, 67385, 55.32
TATACONSUM, EQ, 23-Dec-2025,1178.8,1178.8,1187.3,1171.0,1185.2,1185.6,1182.12,805182,9518.21,37955, 551274, 68.47
TATAELXSI, EQ, 23-Dec-2025,5458.5,5440.0,5483.5,5402.5,5420.0,5429.0,5438.86,159234,8660.51,19662, 37295, 23.42
TATAGOLD, EQ, 23-Dec-2025,13.07,10.33,13.4,10.33,13.35,13.31,13.28,77248426,10260.0,95178, 40704008, 52.69
TATAINVEST, EQ, 23-Dec-2025,719.25,720.0,727.45,712.15,715.6,715.5,718.76,283493,2037.64,14431, 107371, 37.87
TATAPOWER, EQ, 23-Dec-2025,380.8,380.8,383.5,380.5,382.4,382.2,382.23,2330687,8908.69,57177, 1299558, 55.76
TATASTEEL, EQ, 23-Dec-2025,169.22,169.35,171.35,169.25,170.82,170.9,170.54,17348078,29585.38,129321, 8428408, 48.58
TATATECH, EQ, 23-Dec-2025,663.4,664.95,665.45,660.15,661.1,663.35,663.01,369662,2450.9,14712, 147281, 39.84
TATSILV, EQ, 23-Dec-2025,20.37,20.41,20.77,20.41,20.53,20.51,20.56,72460053,14901.0,88608, 46680305, 64.42
TATVA, EQ, 23-Dec-2025,1371.0,1380.9,1416.9,1380.9,1393.0,1394.0,1400.59,54135,758.21,6398, 20839, 38.49
TBOTEK, EQ, 23-Dec-2025,1690.8,1709.9,1723.0,1682.1,1709.0,1703.2,1698.89,63047,1071.1,6659, 24793, 39.32
TBZ, EQ, 23-Dec-2025,163.26,163.3,166.4,162.4,165.26,164.39,164.5,102686,168.92,2014, 47086, 45.85
TCI, EQ, 23-Dec-2025,1060.9,1052.2,1094.0,1052.0,1070.8,1065.8,1074.53,21779,234.02,3957, 10471, 48.08
TCIEXP, EQ, 23-Dec-2025,578.9,578.9,597.0,576.0,590.0,586.3,587.86,14862,87.37,1398, 5754, 38.72
TCIFINANCE, EQ, 23-Dec-2025,19.5,20.86,21.45,20.78,21.45,21.45,21.29,192982,41.09,508, 140539, 72.82
TCPLPACK, EQ, 23-Dec-2025,2906.7,2924.2,3036.8,2895.9,2980.0,2996.0,2963.16,5022,148.81,1161, 1594, 31.74
TCS, EQ, 23-Dec-2025,3324.9,3319.9,3319.9,3293.5,3305.1,3310.0,3304.76,2365420,78171.56,139216, 1069663, 45.22
TDPOWERSYS, EQ, 23-Dec-2025,743.0,743.0,743.05,721.25,733.0,731.95,730.46,421468,3078.66,17954, 164755, 39.09
TEAMGTY, EQ, 23-Dec-2025,271.55,283.45,315.25,276.0,286.25,284.25,293.61,9794,28.76,747, 3470, 35.43
TEAMLEASE, EQ, 23-Dec-2025,1606.1,1606.1,1648.0,1590.0,1606.0,1597.8,1602.26,14459,231.67,3135, 6395, 44.23
TECH, EQ, 23-Dec-2025,42.41,42.41,43.4,41.96,42.15,42.17,42.1,98755,41.57,210, 95033, 96.23
TECHM, EQ, 23-Dec-2025,1646.7,1646.5,1646.5,1628.8,1631.5,1633.0,1637.34,1161166,19012.2,56624, 779864, 67.16
TECHNOE, EQ, 23-Dec-2025,1087.0,1100.0,1148.0,1095.0,1121.2,1119.0,1126.04,428210,4821.83,40919, 145744, 34.04
TECILCHEM, EQ, 23-Dec-2025,19.22,19.22,19.98,17.65,19.5,19.5,18.89,192,0.04,16, 187, 97.40
TEGA, EQ, 23-Dec-2025,2001.6,2009.0,2009.0,1976.1,1997.0,1995.5,1990.04,80664,1605.25,7624, 44030, 54.58
TEJASNET, EQ, 23-Dec-2025,453.25,457.0,459.0,449.35,454.1,453.95,454.98,731851,3329.77,27026, 303603, 41.48
TEMBO, EQ, 23-Dec-2025,760.85,756.0,792.4,750.0,774.7,782.75,777.02,479818,3728.29,9333, 183987, 38.35
TENNIND, EQ, 23-Dec-2025,478.0,477.85,507.9,474.0,494.05,497.75,497.47,3116627,15504.37,84855, 1256673, 40.32
TEXINFRA, EQ, 23-Dec-2025,102.62,103.0,103.99,101.21,101.95,101.58,102.5,179865,184.37,2511, 59852, 33.28
TEXMOPIPES, EQ, 23-Dec-2025,48.11,47.9,48.9,47.54,48.5,48.5,48.33,23964,11.58,349, 19513, 81.43
TEXRAIL, EQ, 23-Dec-2025,132.14,133.0,142.0,131.68,134.35,134.15,137.37,11333122,15568.66,99371, 3507868, 30.95
TFCILTD, EQ, 23-Dec-2025,64.62,64.62,66.27,64.1,64.97,64.88,64.82,4919823,3188.98,9359, 2969802, 60.36
TFL, EQ, 23-Dec-2025,13.7,14.0,16.44,13.61,16.25,16.17,16.1,791914,127.53,2947, 317355, 40.07
TGBHOTELS, EQ, 23-Dec-2025,9.89,9.94,10.1,9.82,10.03,10.01,9.95,10346,1.03,47, 8583, 82.96
THANGAMAYL, EQ, 23-Dec-2025,3422.7,3432.3,3446.0,3380.0,3428.5,3426.4,3412.34,57560,1964.14,7482, 31352, 54.47
THEINVEST, EQ, 23-Dec-2025,117.81,117.82,119.7,116.1,117.05,117.58,117.66,3007,3.54,114, 2065, 68.67
THEJO, EQ, 23-Dec-2025,1628.6,1640.0,1723.8,1618.0,1675.0,1688.6,1681.61,24030,404.09,1950, 14374, 59.82
THELEELA, EQ, 23-Dec-2025,413.35,413.35,420.9,411.25,416.05,418.75,416.72,110443,460.23,6661, 65257, 59.09
THEMISMED, EQ, 23-Dec-2025,102.45,103.05,105.35,101.8,104.55,104.6,103.84,219991,228.45,1699, 170655, 77.57
THERMAX, EQ, 23-Dec-2025,2877.0,2881.7,2945.0,2866.8,2945.0,2931.7,2916.55,83460,2434.15,16604, 50052, 59.97
THOMASCOOK, EQ, 23-Dec-2025,144.83,146.0,146.01,143.6,145.1,144.72,144.6,264967,383.14,5014, 109155, 41.20
THOMASCOTT, EQ, 23-Dec-2025,334.7,339.95,339.95,330.0,336.0,332.75,332.94,9184,30.58,705, 5616, 61.15
THYROCARE, EQ, 23-Dec-2025,453.1,453.1,460.75,443.0,454.2,457.25,451.71,281249,1270.43,13033, 117415, 41.75
TI, EQ, 23-Dec-2025,467.95,468.1,474.6,463.3,470.4,469.05,469.07,449176,2106.97,17557, 234196, 52.14
TIGERLOGS, EQ, 23-Dec-2025,37.16,37.3,37.64,36.77,37.47,37.06,37.09,83337,30.91,611, 60494, 72.59
TIIL, EQ, 23-Dec-2025,2260.3,2259.9,2288.3,2235.0,2249.9,2253.7,2259.52,6530,147.55,2275, 2902, 44.44
TIINDIA, EQ, 23-Dec-2025,2597.7,2597.7,2611.3,2557.0,2596.0,2597.4,2589.39,184479,4776.89,23624, 88527, 47.99
TIJARIA, EQ, 23-Dec-2025,5.23,5.39,5.59,4.99,5.17,5.07,5.15,174384,8.98,330, 120243, 68.95
TIL, EQ, 23-Dec-2025,267.1,267.15,300.2,267.15,282.95,279.7,282.51,69028,195.01,2367, 33937, 49.16
TIMETECHNO, EQ, 23-Dec-2025,185.31,186.79,189.4,183.5,184.35,184.37,186.72,1873108,3497.52,45151, 854137, 45.60
TIMKEN, EQ, 23-Dec-2025,3081.0,3099.0,3109.5,3032.0,3063.4,3040.2,3063.19,19056,583.72,6415, 8882, 46.61
TINNARUBR, EQ, 23-Dec-2025,793.35,805.25,820.0,789.05,805.0,807.7,807.51,24145,194.97,3213, 10886, 45.09
TIPSFILMS, EQ, 23-Dec-2025,439.9,440.1,456.95,437.0,438.9,443.1,446.32,12784,57.06,758, 4002, 31.30
TIPSMUSIC, EQ, 23-Dec-2025,538.2,539.0,539.25,523.85,528.0,527.1,527.13,154535,814.61,10583, 64142, 41.51
TIRUMALCHM, EQ, 23-Dec-2025,232.98,232.98,238.02,232.74,236.74,236.21,236.23,75142,177.51,1977, 36125, 48.08
TIRUPATIFL, EQ, 23-Dec-2025,32.38,32.75,32.75,31.86,32.28,32.09,32.19,122539,39.44,916, 88584, 72.29
TITAGARH, EQ, 23-Dec-2025,816.5,820.35,859.4,813.15,835.0,837.05,840.38,3146796,26444.98,58666, 598007, 19.00
TITAN, EQ, 23-Dec-2025,3933.8,3933.8,3956.3,3916.4,3916.6,3925.8,3937.52,445656,17547.79,38814, 272677, 61.19
TMB, EQ, 23-Dec-2025,506.1,506.0,516.0,500.2,514.0,513.4,509.48,125731,640.58,5900, 74559, 59.30
TMCV, EQ, 23-Dec-2025,411.7,412.85,428.2,412.5,425.5,426.1,422.41,13800012,58292.83,194339, 7644386, 55.39
TMPV, EQ, 23-Dec-2025,359.15,361.0,366.75,357.65,362.6,363.25,363.13,11885576,43160.63,138274, 5990522, 50.40
TNIDETF, EQ, 23-Dec-2025,100.75,103.26,103.26,99.9,100.6,100.8,100.52,33854,34.03,492, 23291, 68.80
TNPETRO, EQ, 23-Dec-2025,106.33,106.32,106.59,104.75,106.2,106.05,105.67,116247,122.84,2004, 66388, 57.11
TNPL, EQ, 23-Dec-2025,144.25,144.5,145.2,142.43,144.8,144.27,144.28,28404,40.98,885, 14584, 51.34
TNTELE, EQ, 23-Dec-2025,10.13,10.38,10.44,9.63,10.16,10.09,10.01,35996,3.6,203, 20725, 57.58
TOKYOPLAST, EQ, 23-Dec-2025,111.33,111.34,112.89,111.0,112.0,112.23,112.13,4917,5.51,70, 3131, 63.68
TOLINS, EQ, 23-Dec-2025,135.18,136.4,138.62,134.4,136.5,136.53,136.01,189819,258.18,3577, 125788, 66.27
TOP100CASE, EQ, 23-Dec-2025,11.14,11.47,11.47,11.12,11.15,11.14,11.15,588410,65.6,1427, 472722, 80.34
TOP10ADD, EQ, 23-Dec-2025,102.39,102.4,102.44,102.01,102.43,102.24,102.12,165527,169.03,479, 136447, 82.43
TOP15IETF, EQ, 23-Dec-2025,11.12,11.17,11.17,11.08,11.14,11.11,11.09,115390,12.79,211, 95635, 82.88
TOP20, EQ, 23-Dec-2025,9.73,9.92,9.92,9.71,9.72,9.72,9.72,37160,3.61,93, 37156, 99.99
TORNTPHARM, EQ, 23-Dec-2025,3816.0,3817.0,3828.9,3780.4,3811.1,3820.1,3816.97,195979,7480.45,20158, 140913, 71.90
TORNTPOWER, EQ, 23-Dec-2025,1287.3,1287.3,1294.7,1283.0,1289.8,1288.7,1289.46,186801,2408.73,11638, 87029, 46.59
TOTAL, EQ, 23-Dec-2025,74.24,76.99,80.99,72.49,80.99,79.65,78.65,28781,22.64,778, 11317, 39.32
TOUCHWOOD, EQ, 23-Dec-2025,102.05,102.05,105.0,102.05,104.0,104.0,104.16,2125,2.21,22, 2121, 99.81
TPHQ, EQ, 23-Dec-2025,0.61,0.66,0.73,0.61,0.73,0.72,0.69,16289875,113.18,3199, 10826557, 66.46
TPLPLASTEH, EQ, 23-Dec-2025,67.51,67.51,68.15,66.01,67.0,66.77,67.0,83254,55.78,929, 25083, 30.13
TRACXN, EQ, 23-Dec-2025,40.97,40.17,41.85,40.17,40.59,40.59,41.03,230229,94.45,15313, 134266, 58.32
TRANSRAILL, EQ, 23-Dec-2025,600.9,602.5,612.0,599.35,601.95,601.65,604.29,416072,2514.28,22239, 156828, 37.69
TRANSWORLD, EQ, 23-Dec-2025,197.35,198.1,203.58,195.0,197.1,198.08,199.84,20589,41.15,871, 9489, 46.09
TRAVELFOOD, EQ, 23-Dec-2025,1215.5,1218.0,1225.0,1201.6,1222.0,1220.2,1214.54,47817,580.76,4886, 26962, 56.39
TREEHOUSE, EQ, 23-Dec-2025,8.49,8.38,8.84,8.01,8.03,8.23,8.36,73867,6.17,366, 61805, 83.67
TREL, EQ, 23-Dec-2025,30.26,30.0,30.32,28.3,28.79,28.75,28.91,221680,64.08,1461, 142964, 64.49
TRENT, EQ, 23-Dec-2025,4206.8,4234.0,4236.1,4176.6,4183.0,4189.4,4203.03,662345,27838.59,49415, 351352, 53.05
TRF, EQ, 23-Dec-2025,306.85,311.45,316.0,303.1,306.8,306.0,309.15,41519,128.35,807, 33676, 81.11
TRIDENT, EQ, 23-Dec-2025,26.99,26.99,27.5,26.95,27.15,27.13,27.21,3712574,1010.17,14465, 1001274, 26.97
TRIGYN, EQ, 23-Dec-2025,66.9,66.7,67.88,66.25,67.0,67.32,67.14,37872,25.43,616, 29549, 78.02
TRITURBINE, EQ, 23-Dec-2025,536.4,536.0,544.65,534.1,539.4,537.8,539.41,134178,723.77,7943, 59503, 44.35
TRIVENI, EQ, 23-Dec-2025,389.55,392.0,399.5,387.45,399.5,398.5,395.02,758576,2996.54,24499, 311550, 41.07
TRU, EQ, 23-Dec-2025,8.49,8.75,8.75,8.07,8.07,8.07,8.17,246046,20.11,610, 170843, 69.44
TRUALT, EQ, 23-Dec-2025,404.7,410.8,411.75,399.6,408.3,405.15,403.62,502735,2029.16,6654, 365893, 72.78
TSFINV, EQ, 23-Dec-2025,477.45,476.25,480.65,470.0,473.8,475.7,475.2,36156,171.81,3075, 22325, 61.75
TTKHLTCARE, EQ, 23-Dec-2025,1043.9,1060.0,1069.0,1025.0,1042.0,1035.9,1043.6,9089,94.85,2946, 6551, 72.08
TTKPRESTIG, EQ, 23-Dec-2025,630.7,632.45,632.5,621.3,622.0,622.15,623.35,8948,55.78,1591, 5786, 64.66
TTL, EQ, 23-Dec-2025,8.55,8.73,8.73,8.31,8.68,8.6,8.57,27692,2.37,268, 20079, 72.51
TTML, EQ, 23-Dec-2025,49.93,50.1,50.15,49.4,49.64,49.57,49.74,2226070,1107.14,13235, 976578, 43.87
TVSHLTD, EQ, 23-Dec-2025,14340.0,14315.0,14525.0,14181.0,14225.0,14207.0,14276.2,4304,614.45,1857, 2840, 65.99
TVSMOTOR, EQ, 23-Dec-2025,3709.6,3714.0,3714.0,3675.5,3685.2,3686.5,3689.22,261018,9629.54,31400, 162352, 62.20
TVSSCS, EQ, 23-Dec-2025,107.27,107.35,108.95,106.8,108.4,108.1,108.15,286175,309.49,3930, 163699, 57.20
TVSSRICHAK, EQ, 23-Dec-2025,4154.6,4165.7,4242.9,4108.5,4122.0,4128.7,4169.25,2884,120.24,878, 936, 32.45
TVTODAY, EQ, 23-Dec-2025,134.37,134.0,135.6,134.0,134.3,134.5,134.43,504395,678.04,1301, 487995, 96.75
UBL, EQ, 23-Dec-2025,1618.7,1631.5,1631.5,1614.2,1616.7,1620.5,1619.76,36758,595.39,4549, 13721, 37.33
UCAL, EQ, 23-Dec-2025,112.82,113.95,113.95,112.0,112.03,112.17,112.61,3878,4.37,117, 3189, 82.23
UCOBANK, EQ, 23-Dec-2025,29.0,29.04,29.1,28.8,28.9,28.84,28.91,4364840,1261.92,14016, 1795270, 41.13
UDS, EQ, 23-Dec-2025,186.32,188.0,188.63,184.87,186.3,186.24,186.7,101811,190.08,2559, 48986, 48.11
UFBL, EQ, 23-Dec-2025,176.09,176.09,195.0,176.09,189.0,190.67,189.33,407405,771.35,10851, 90927, 22.32
UFLEX, EQ, 23-Dec-2025,485.8,495.55,495.6,487.55,493.0,490.95,492.63,13564,66.82,732, 9039, 66.64
UFO, EQ, 23-Dec-2025,86.83,86.2,87.44,85.1,85.35,85.38,85.96,97696,83.98,1934, 45889, 46.97
UGARSUGAR, EQ, 23-Dec-2025,41.06,41.03,42.0,41.03,41.32,41.4,41.43,120826,50.05,1076, 59374, 49.14
UGROCAP, EQ, 23-Dec-2025,171.96,173.0,174.47,171.0,171.95,171.9,171.84,217868,374.38,4250, 126171, 57.91
UJJIVANSFB, EQ, 23-Dec-2025,54.22,54.22,54.38,52.8,53.35,53.27,53.38,4164753,2223.27,23110, 1986770, 47.70
ULTRACEMCO, EQ, 23-Dec-2025,11532.0,11550.0,11750.0,11530.0,11682.0,11678.0,11683.57,161830,18907.52,30809, 80853, 49.96
UMAEXPORTS, EQ, 23-Dec-2025,39.97,40.25,45.3,40.24,40.51,40.64,43.02,762268,327.96,4676, 125081, 16.41
UMESLTD, EQ, 23-Dec-2025,5.07,5.07,5.07,4.93,5.04,4.96,5.0,14887,0.74,106, 14319, 96.18
UMIYA-MRO, EQ, 23-Dec-2025,86.78,88.49,88.49,86.75,88.09,87.9,87.72,11009,9.66,227, 8287, 75.27
UNICHEMLAB, EQ, 23-Dec-2025,450.3,451.35,458.8,446.0,448.5,451.2,452.1,15052,68.05,787, 10230, 67.96
UNIDT, EQ, 23-Dec-2025,201.4,203.78,203.78,201.05,201.99,201.47,201.85,5703,11.51,209, 4046, 70.95
UNIECOM, EQ, 23-Dec-2025,117.36,118.0,118.5,116.5,117.7,117.5,117.34,150626,176.75,2468, 79082, 52.50
UNIENTER, EQ, 23-Dec-2025,142.96,143.99,147.41,143.09,145.5,145.04,145.06,9052,13.13,176, 6339, 70.03
UNIINFO, EQ, 23-Dec-2025,16.11,16.11,16.25,15.25,16.25,15.89,15.89,5463,0.87,84, 4521, 82.76
UNIMECH, EQ, 23-Dec-2025,936.35,952.1,952.1,935.0,941.0,938.6,940.8,30223,284.34,2944, 13537, 44.79
UNIONBANK, EQ, 23-Dec-2025,152.8,153.9,153.9,151.85,152.2,152.36,152.61,4846187,7395.93,26619, 2164609, 44.67
UNIONGOLD, EQ, 23-Dec-2025,131.55,132.2,134.25,131.7,134.05,134.15,133.43,6659,8.89,73, 6244, 93.77
UNIPARTS, EQ, 23-Dec-2025,501.6,501.6,504.8,492.75,493.75,495.1,499.4,68347,341.32,4191, 34154, 49.97
UNITDSPR, EQ, 23-Dec-2025,1426.7,1433.8,1452.4,1426.3,1437.6,1441.8,1439.8,386351,5562.68,24017, 178736, 46.26
UNITECH, EQ, 23-Dec-2025,5.72,5.74,5.9,5.69,5.75,5.73,5.79,4716064,273.15,3271, 2595008, 55.02
UNITEDTEA, EQ, 23-Dec-2025,446.65,450.0,453.0,445.0,450.2,450.2,450.0,1095,4.93,67, 800, 73.06
UNIVASTU, EQ, 23-Dec-2025,67.23,67.82,68.16,66.0,66.9,66.18,66.73,14758,9.85,525, 9585, 64.95
UNIVCABLES, EQ, 23-Dec-2025,893.25,903.9,905.0,882.0,892.95,891.45,890.19,37959,337.91,3657, 17873, 47.09
UNIVPHOTO, EQ, 23-Dec-2025,231.35,239.8,239.8,228.1,231.0,231.45,233.54,6491,15.16,540, 2441, 37.61
UNOMINDA, EQ, 23-Dec-2025,1295.2,1295.2,1300.0,1287.1,1298.0,1296.3,1294.11,229189,2965.96,15207, 123239, 53.77
UPL, EQ, 23-Dec-2025,776.55,779.9,786.3,774.5,780.7,781.0,781.87,3043436,23795.78,36635, 1707960, 56.12
URAVIDEF, EQ, 23-Dec-2025,188.82,198.0,198.26,188.82,198.26,198.25,196.78,12208,24.02,492, 8846, 72.46
URBANCO, EQ, 23-Dec-2025,124.88,125.35,126.39,123.1,124.9,124.85,125.07,5980639,7479.97,54447, 2346835, 39.24
URJA, EQ, 23-Dec-2025,11.01,11.19,11.21,11.0,11.19,11.17,11.1,1242707,138.0,4041, 651942, 52.46
USHAMART, EQ, 23-Dec-2025,451.95,452.4,467.0,449.0,463.0,463.0,460.55,870599,4009.57,25399, 396899, 45.59
USK, EQ, 23-Dec-2025,24.26,24.6,24.77,23.5,24.38,24.26,24.24,49611,12.03,564, 26345, 53.10
UTIAMC, EQ, 23-Dec-2025,1128.2,1128.3,1138.9,1122.4,1134.8,1131.5,1129.91,58536,661.4,5946, 30070, 51.37
UTIBANKETF, EQ, 23-Dec-2025,61.02,61.11,61.21,60.98,60.98,61.08,61.1,14039,8.58,262, 13775, 98.12
UTINEXT50, EQ, 23-Dec-2025,73.8,73.63,74.33,73.46,73.6,73.92,74.19,260745,193.44,580, 192960, 74.00
UTINIFTETF, EQ, 23-Dec-2025,288.17,295.37,295.37,286.01,288.0,288.15,288.44,153657,443.21,303, 105935, 68.94
UTISENSETF, EQ, 23-Dec-2025,939.33,939.33,943.54,937.61,938.32,939.25,941.16,836,7.87,97, 657, 78.59
UTISXN50, EQ, 23-Dec-2025,93.08,90.75,94.2,90.75,93.01,93.15,93.39,4783,4.47,130, 3250, 67.95
UTKARSHBNK, EQ, 23-Dec-2025,15.24,15.25,15.25,14.97,15.09,15.04,15.07,3431778,517.1,8064, 1866308, 54.38
UTLSOLAR, EQ, 23-Dec-2025,197.12,196.25,216.25,196.25,212.6,212.68,209.99,2182465,4583.01,40450, 847536, 38.83
UTTAMSUGAR, EQ, 23-Dec-2025,268.53,268.0,269.01,257.99,263.19,264.23,261.62,150808,394.55,4741, 52947, 35.11
V2RETAIL, EQ, 23-Dec-2025,2320.9,2349.7,2400.0,2315.5,2399.0,2390.0,2358.61,82416,1943.87,9224, 52856, 64.13
VADILALIND, EQ, 23-Dec-2025,5007.5,5059.5,5075.0,5002.5,5075.0,5064.0,5049.59,1736,87.66,503, 888, 51.15
VAIBHAVGBL, EQ, 23-Dec-2025,234.89,235.9,244.99,235.5,240.86,241.1,241.94,432191,1045.64,14148, 164554, 38.07
VAISHALI, EQ, 23-Dec-2025,9.37,9.5,9.78,9.24,9.38,9.44,9.48,525517,49.8,867, 280672, 53.41
VAKRANGEE, EQ, 23-Dec-2025,7.89,7.92,8.12,7.86,8.07,8.04,8.03,2890805,232.1,3872, 1367072, 47.29
VAL30IETF, EQ, 23-Dec-2025,14.53,14.57,14.9,14.53,14.9,14.69,14.65,123897,18.16,205, 95985, 77.47
VALIANTLAB, EQ, 23-Dec-2025,70.28,70.84,72.0,69.65,70.9,70.52,70.8,33487,23.71,399, 19317, 57.69
VALIANTORG, EQ, 23-Dec-2025,266.35,272.0,275.5,268.0,271.0,270.3,271.77,20733,56.35,1648, 10882, 52.49
VARDHACRLC, EQ, 23-Dec-2025,37.68,38.2,38.2,37.07,37.4,37.54,37.58,12269,4.61,239, 7289, 59.41
VARDMNPOLY, EQ, 23-Dec-2025,6.4,6.21,6.47,6.21,6.4,6.36,6.37,140748,8.97,481, 122032, 86.70
VARROC, EQ, 23-Dec-2025,635.35,635.05,638.0,627.2,629.15,630.75,630.67,120468,759.75,7918, 66084, 54.86
VASCONEQ, EQ, 23-Dec-2025,47.75,46.8,48.4,46.8,47.97,47.85,47.83,814313,389.5,3781, 361137, 44.35
VASWANI, EQ, 23-Dec-2025,60.33,62.87,62.87,59.06,60.2,59.88,60.05,49257,29.58,769, 23521, 47.75
VBL, EQ, 23-Dec-2025,485.65,488.6,488.65,478.75,479.9,481.75,481.75,3918797,18878.79,46679, 1751790, 44.70
VEDL, EQ, 23-Dec-2025,585.65,586.0,590.8,584.6,586.75,586.4,587.56,7941430,46660.52,195186, 4412714, 55.57
VEEDOL, EQ, 23-Dec-2025,1682.5,1684.2,1685.0,1671.3,1679.3,1676.3,1677.81,3156,52.95,788, 1884, 59.70
VENKEYS, EQ, 23-Dec-2025,1429.3,1437.9,1454.0,1429.3,1448.6,1450.4,1445.03,23799,343.9,2768, 10996, 46.20
VENTIVE, EQ, 23-Dec-2025,705.95,701.0,718.0,701.0,717.6,713.25,710.91,35033,249.05,2431, 15724, 44.88
VENUSPIPES, EQ, 23-Dec-2025,1193.5,1198.0,1205.0,1188.0,1193.9,1193.4,1195.79,25877,309.43,2992, 16212, 62.65
VERANDA, EQ, 23-Dec-2025,191.88,192.82,194.65,189.05,191.5,190.93,191.49,137342,262.99,3296, 69894, 50.89
VERTOZ, EQ, 23-Dec-2025,73.71,74.5,74.5,72.45,74.0,73.9,73.75,166656,122.91,1995, 41457, 24.88
VESUVIUS, EQ, 23-Dec-2025,468.25,470.0,481.7,466.8,480.5,479.95,475.79,80915,384.99,4166, 56651, 70.01
VETO, EQ, 23-Dec-2025,115.6,116.8,116.98,113.01,116.0,116.03,115.83,32656,37.83,885, 19189, 58.76
VGL, EQ, 23-Dec-2025,146.97,148.4,150.38,147.56,148.6,149.56,149.49,15568,23.27,372, 9639, 61.92
VGUARD, EQ, 23-Dec-2025,334.3,334.9,337.8,332.4,335.0,335.0,335.0,1069132,3581.64,4141, 1002119, 93.73
VHL, EQ, 23-Dec-2025,3576.6,3611.0,3611.0,3552.1,3610.0,3600.2,3596.64,143,5.14,63, 79, 55.24
VIDHIING, EQ, 23-Dec-2025,338.6,339.55,347.25,337.0,340.0,340.45,341.51,8988,30.7,706, 7096, 78.95
VIDYAWIRES, EQ, 23-Dec-2025,52.39,52.75,53.75,51.25,52.0,51.8,52.62,9111460,4794.22,30807, 2282587, 25.05
VIJAYA, EQ, 23-Dec-2025,1002.55,1010.0,1021.95,999.1,1016.0,1015.25,1014.69,57259,581.0,5286, 25760, 44.99
VIJIFIN, EQ, 23-Dec-2025,2.54,2.54,2.58,2.5,2.54,2.53,2.54,83778,2.13,222, 66889, 79.84
VIKASECO, EQ, 23-Dec-2025,1.63,1.63,1.73,1.62,1.71,1.7,1.69,4185950,70.75,2266, 2951947, 70.52
VIKASLIFE, EQ, 23-Dec-2025,1.81,1.81,1.86,1.79,1.84,1.83,1.83,3904730,71.47,10276, 2029127, 51.97
VIKRAMSOLR, EQ, 23-Dec-2025,244.3,247.5,247.5,242.9,243.05,243.9,245.14,864358,2118.88,16587, 311382, 36.02
VIKRAN, EQ, 23-Dec-2025,89.72,89.0,89.02,86.35,86.65,86.65,87.38,3002462,2623.56,15935, 1311182, 43.67
VIMTALABS, EQ, 23-Dec-2025,618.85,622.0,648.95,616.95,635.0,635.75,634.32,322084,2043.05,17222, 85570, 26.57
VINATIORGA, EQ, 23-Dec-2025,1580.3,1588.5,1594.6,1582.0,1589.2,1589.6,1588.33,13031,206.98,1916, 6971, 53.50
VINCOFE, EQ, 23-Dec-2025,155.87,156.64,162.04,156.64,159.36,159.69,160.02,1920651,3073.44,15476, 509836, 26.54
VINDHYATEL, EQ, 23-Dec-2025,1416.4,1412.1,1429.9,1409.6,1421.0,1425.8,1420.15,4674,66.38,778, 2988, 63.93
VINEETLAB, EQ, 23-Dec-2025,42.87,41.1,41.16,38.1,39.0,38.91,39.69,238770,94.76,2739, 102202, 42.80
VINNY, EQ, 23-Dec-2025,1.41,1.39,1.44,1.26,1.32,1.31,1.32,607573,8.04,599, 443937, 73.07
VINYLINDIA, EQ, 23-Dec-2025,243.24,243.25,247.0,243.25,245.7,245.14,244.98,6120,14.99,325, 4780, 78.10
VIPCLOTHNG, EQ, 23-Dec-2025,32.33,32.85,32.85,31.62,32.32,32.24,32.16,266682,85.77,1572, 198630, 74.48
VIPIND, EQ, 23-Dec-2025,364.7,365.35,367.4,361.75,366.75,365.6,365.45,61251,223.84,3769, 26904, 43.92
VIPULLTD, EQ, 23-Dec-2025,10.12,10.64,10.64,10.02,10.62,10.58,10.49,460786,48.35,774, 298780, 64.84
VISAKAIND, EQ, 23-Dec-2025,67.0,67.67,68.32,67.01,67.01,67.35,67.65,32299,21.85,504, 19748, 61.14
VISHNU, EQ, 23-Dec-2025,530.15,533.95,537.6,526.5,527.15,530.55,532.97,65321,348.14,3874, 34762, 53.22
VISHWARAJ, EQ, 23-Dec-2025,7.01,7.06,7.08,6.96,6.97,6.98,7.01,187665,13.16,525, 125104, 66.66
VIVIDHA, EQ, 23-Dec-2025,0.69,0.7,0.71,0.68,0.7,0.69,0.69,318841,2.2,270, 218706, 68.59
VLEGOV, EQ, 23-Dec-2025,20.82,21.5,21.5,20.65,21.2,21.06,21.12,203717,43.02,1157, 106411, 52.23
VLSFINANCE, EQ, 23-Dec-2025,292.85,293.1,294.95,287.05,288.7,290.4,292.04,42710,124.73,2055, 19451, 45.54
VMART, EQ, 23-Dec-2025,742.75,735.75,743.65,734.7,735.0,737.45,738.92,90687,670.11,5326, 76293, 84.13
VMM, EQ, 23-Dec-2025,136.74,137.0,138.5,135.88,136.78,136.78,136.79,6029393,8247.62,56664, 3177600, 52.70
VMSTMT, EQ, 23-Dec-2025,53.8,54.05,55.29,53.91,53.99,54.11,54.35,161974,88.03,1323, 88997, 54.95
VOLTAMP, EQ, 23-Dec-2025,7935.5,7930.0,7947.0,7860.0,7894.0,7879.5,7900.8,11548,912.38,5037, 6120, 53.00
VOLTAS, EQ, 23-Dec-2025,1388.0,1388.8,1391.9,1376.2,1380.0,1385.6,1384.0,232195,3213.58,11048, 100645, 43.35
VPRPL, EQ, 23-Dec-2025,61.39,62.16,63.8,59.03,59.8,59.44,61.05,6072869,3707.58,28587, 1668063, 27.47
VRAJ, EQ, 23-Dec-2025,128.24,125.65,129.73,124.95,124.95,125.4,126.94,23256,29.52,776, 14986, 64.44
VRLLOG, EQ, 23-Dec-2025,269.1,269.1,272.7,268.0,268.2,269.2,270.02,82753,223.45,3816, 38774, 46.86
VSSL, EQ, 23-Dec-2025,291.8,291.8,295.65,290.45,291.2,291.65,292.78,50812,148.77,2274, 21781, 42.87
VSTIND, EQ, 23-Dec-2025,253.5,253.5,255.75,252.45,255.0,254.45,254.18,94955,241.36,5306, 52879, 55.69
VSTL, EQ, 23-Dec-2025,134.36,133.65,134.92,130.01,130.6,131.81,132.4,7444,9.86,495, 4182, 56.18
VSTTILLERS, EQ, 23-Dec-2025,5886.0,5910.0,6050.0,5893.5,6043.0,6038.5,5993.64,21203,1270.83,4670, 12644, 59.63
VTL, EQ, 23-Dec-2025,449.25,450.0,450.0,442.25,444.0,443.85,445.36,75600,336.69,5345, 40526, 53.61
WAAREEENER, EQ, 23-Dec-2025,3061.8,3063.0,3114.9,3020.5,3080.0,3096.6,3072.34,638971,19631.34,40792, 204782, 32.05
WAAREERTL, EQ, 23-Dec-2025,969.4,985.1,987.0,957.8,970.5,969.4,967.56,244224,2363.01,13747, 90563, 37.08
WABAG, EQ, 23-Dec-2025,1286.1,1286.2,1308.0,1284.1,1307.0,1293.6,1296.28,140767,1824.74,10913, 82054, 58.29
WAKEFIT, EQ, 23-Dec-2025,186.67,192.42,192.69,185.05,185.57,188.17,188.47,666497,1256.13,12579, 119417, 17.92
WALCHANNAG, EQ, 23-Dec-2025,198.39,199.0,204.7,194.05,197.0,197.28,199.51,3618262,7218.83,28076, 1064952, 29.43
WANBURY, EQ, 23-Dec-2025,232.95,232.95,241.85,231.15,236.0,236.95,236.6,30049,71.1,976, 21234, 70.66
WCIL, EQ, 23-Dec-2025,123.01,124.4,124.4,122.0,122.61,122.95,123.03,59957,73.76,1008, 31453, 52.46
WEALTH, EQ, 23-Dec-2025,959.45,974.95,975.0,930.0,953.4,949.45,953.36,1297,12.37,349, 773, 59.60
WEBELSOLAR, EQ, 23-Dec-2025,86.69,87.04,87.12,85.0,85.56,85.49,85.76,2022458,1734.43,13866, 804385, 39.77
WEIZMANIND, EQ, 23-Dec-2025,100.84,100.84,101.0,98.14,99.99,99.89,99.11,2194,2.17,112, 1440, 65.63
WEL, EQ, 23-Dec-2025,142.51,142.91,147.0,140.75,142.3,141.05,141.44,120172,169.97,1865, 85406, 71.07
WELCORP, EQ, 23-Dec-2025,802.9,805.95,821.0,802.1,813.65,813.05,813.65,324355,2639.11,13065, 161120, 49.67
WELENT, EQ, 23-Dec-2025,523.25,518.65,522.0,515.0,515.0,516.45,517.49,59111,305.9,2936, 39530, 66.87
WELINV, EQ, 23-Dec-2025,1370.9,1380.0,1390.4,1330.1,1365.0,1351.4,1356.48,1390,18.86,225, 830, 59.71
WELSPUNLIV, EQ, 23-Dec-2025,136.39,138.0,138.95,136.15,137.15,136.95,137.15,1265903,1736.24,14259, 347213, 27.43
WENDT, EQ, 23-Dec-2025,8135.0,8125.5,8125.5,8027.0,8118.0,8080.0,8076.29,5176,418.03,1564, 2481, 47.93
WESTLIFE, EQ, 23-Dec-2025,525.75,525.75,528.9,518.8,525.75,527.3,524.56,39581,207.63,4999, 15042, 38.00
WEWORK, EQ, 23-Dec-2025,581.7,579.95,588.7,574.35,584.2,587.65,583.45,71152,415.14,10110, 37691, 52.97
WHEELS, EQ, 23-Dec-2025,852.9,856.0,870.05,850.5,862.45,861.65,859.71,30986,266.39,4286, 13449, 43.40
WHIRLPOOL, EQ, 23-Dec-2025,957.6,960.9,961.0,937.9,942.9,942.3,945.86,253073,2393.71,25836, 133624, 52.80
WILLAMAGOR, EQ, 23-Dec-2025,30.0,31.01,31.01,29.05,29.8,29.42,29.42,1378,0.41,123, 1098, 79.68
WINDLAS, EQ, 23-Dec-2025,789.45,789.45,815.0,779.95,811.4,810.1,804.94,39665,319.28,3156, 19553, 49.30
WINDMACHIN, EQ, 23-Dec-2025,271.5,269.0,280.0,266.15,280.0,272.9,270.62,26235,71.0,1023, 11174, 42.59
WIPL, EQ, 23-Dec-2025,149.34,159.0,159.0,148.5,150.0,149.98,149.99,13761,20.64,105, 12822, 93.18
WIPRO, EQ, 23-Dec-2025,272.67,272.0,272.48,270.21,271.3,271.4,271.28,7572420,20542.46,75683, 3702148, 48.89
WOCKPHARMA, EQ, 23-Dec-2025,1444.5,1446.0,1476.9,1432.5,1445.0,1444.9,1450.67,568252,8243.47,27682, 213765, 37.62
WONDERLA, EQ, 23-Dec-2025,530.55,534.7,534.7,522.0,522.5,522.7,524.28,87119,456.75,6690, 56890, 65.30
WORTHPERI, EQ, 23-Dec-2025,140.77,142.26,145.9,137.61,138.9,139.34,140.96,23139,32.62,1736, 6763, 29.23
WSI, EQ, 23-Dec-2025,90.08,92.5,95.0,89.5,93.55,92.62,91.55,265977,243.5,1691, 140612, 52.87
WSTCSTPAPR, EQ, 23-Dec-2025,415.6,415.0,423.0,414.1,421.95,420.45,419.61,40429,169.64,1746, 28664, 70.90
XCHANGING, EQ, 23-Dec-2025,82.8,82.6,83.9,82.5,83.9,83.18,83.2,42437,35.31,938, 21843, 51.47
XPROINDIA, EQ, 23-Dec-2025,987.2,987.2,1000.0,980.0,990.1,996.0,988.29,11187,110.56,998, 6505, 58.15
XTGLOBAL, EQ, 23-Dec-2025,36.11,36.31,37.51,36.0,36.73,36.25,36.84,32096,11.82,542, 19460, 60.63
YASHO, EQ, 23-Dec-2025,1443.1,1440.5,1463.0,1427.0,1450.0,1452.3,1446.33,4152,60.05,932, 2389, 57.54
YATHARTH, EQ, 23-Dec-2025,695.7,694.9,701.0,684.1,690.15,696.35,693.16,434538,3012.04,20438, 226706, 52.17
YATRA, EQ, 23-Dec-2025,178.32,180.18,181.0,175.7,180.0,179.28,178.36,1143079,2038.76,18210, 336542, 29.44
YESBANK, EQ, 23-Dec-2025,21.78,21.78,21.87,21.65,21.74,21.74,21.78,41573838,9055.22,62474, 20243380, 48.69
YUKEN, EQ, 23-Dec-2025,830.05,849.0,871.95,830.0,838.9,840.4,846.38,9623,81.45,784, 4947, 51.41
ZAGGLE, EQ, 23-Dec-2025,364.9,366.0,366.0,357.0,358.0,358.6,360.51,319344,1151.27,7422, 185344, 58.04
ZEEL, EQ, 23-Dec-2025,91.92,92.1,92.59,91.4,91.8,91.86,91.98,5468149,5029.85,35823, 2451990, 44.84
ZEELEARN, EQ, 23-Dec-2025,7.7,7.52,7.73,7.28,7.35,7.36,7.48,434483,32.5,1467, 270484, 62.25
ZEEMEDIA, EQ, 23-Dec-2025,9.17,9.17,9.6,9.17,9.46,9.42,9.43,2944583,277.56,2975, 1814570, 61.62
ZENITHEXPO, EQ, 23-Dec-2025,226.85,226.85,226.85,218.85,221.0,222.65,222.82,440,0.98,49, 322, 73.18
ZENITHSTL, EQ, 23-Dec-2025,7.02,7.0,7.3,7.0,7.2,7.17,7.22,46058,3.33,208, 38064, 82.64
ZENSARTECH, EQ, 23-Dec-2025,747.4,747.0,748.0,734.4,739.5,739.85,740.89,241352,1788.15,11417, 129431, 53.63
ZENTEC, EQ, 23-Dec-2025,1394.6,1411.9,1421.1,1388.2,1396.0,1395.0,1404.13,343809,4827.51,20459, 112009, 32.58
ZFCVINDIA, EQ, 23-Dec-2025,15329.0,15329.0,15359.0,14930.0,14999.0,14986.0,15085.17,7633,1151.45,3340, 3135, 41.07
ZIMLAB, EQ, 23-Dec-2025,71.29,72.72,72.72,71.08,71.08,71.45,71.5,16118,11.52,373, 9170, 56.89
ZODIAC, EQ, 23-Dec-2025,308.3,300.0,311.9,300.0,306.0,305.25,306.63,15862,48.64,1127, 7571, 47.73
ZODIACLOTH, EQ, 23-Dec-2025,86.76,86.71,87.7,86.02,87.0,86.87,87.06,2803,2.44,127, 1548, 55.23
ZOTA, EQ, 23-Dec-2025,1550.7,1568.0,1580.0,1558.4,1565.1,1571.3,1569.66,64161,1007.11,4721, 43171, 67.29
ZUARI, EQ, 23-Dec-2025,319.95,322.5,327.9,313.0,321.6,321.55,321.73,810379,2607.21,16551, 242540, 29.93
ZUARIIND, EQ, 23-Dec-2025,317.6,317.6,322.25,315.0,315.0,316.35,318.26,90186,287.02,3795, 33312, 36.94
ZYDUSLIFE, EQ, 23-Dec-2025,918.2,918.2,932.25,915.45,929.45,927.8,924.91,320217,2961.71,18208, 129004, 40.29
ZYDUSWELL, EQ, 23-Dec-2025,430.85,432.55,432.55,421.7,428.0,428.45,426.04,111954,476.97,6701, 53407, 47.70
